-2.364807575941085815e-02
-6.182900071144104004e-02
-6.377164274454116821e-02
-2.766316570341587067e-02
5.000115931034088135e-02
5.378437414765357971e-02
-5.677240435034036636e-03
1.715866662561893463e-02
-1.188281923532485962e-02
2.503466559574007988e-03
-4.601523280143737793e-03
-2.166331373155117035e-02
-1.918677613139152527e-02
-2.002746798098087311e-02
-2.836415357887744904e-02
3.259418532252311707e-02
2.304146997630596161e-02
1.675851643085479736e-02
1.869806461036205292e-02
-1.339472830295562744e-02
-5.605108290910720825e-02
7.678782939910888672e-02
1.443598270416259766e-01
3.640605136752128601e-02
-2.910822443664073944e-02
-1.451063342392444611e-02
-3.914992138743400574e-02
1.721594482660293579e-02
-5.558547563850879669e-03
3.425674885511398315e-02
6.383717060089111328e-02
3.374529257416725159e-02
8.353912271559238434e-03
1.599704101681709290e-02
-2.540526539087295532e-02
-1.364856865257024765e-02
3.067611530423164368e-02
5.712553858757019043e-02
7.048435509204864502e-02
4.752507433295249939e-02
-1.616145856678485870e-02
-3.867582976818084717e-02
-2.686896733939647675e-02
-4.611763730645179749e-02
-1.557410042732954025e-02
4.383927956223487854e-02
-1.544647105038166046e-02
-1.292266044765710831e-02
-3.257375210523605347e-02
1.910168677568435669e-02
4.086923226714134216e-02
-2.796462364494800568e-02
-1.289502158761024475e-02
-3.073789365589618683e-02
7.331033051013946533e-02
1.437216531485319138e-02
5.268198996782302856e-02
-5.487392470240592957e-02
-1.049600318074226379e-01
-7.870610058307647705e-02
3.490926325321197510e-02
-1.557897124439477921e-02
-8.668602444231510162e-03
-1.224757265299558640e-02
7.263026386499404907e-02
-1.270553655922412872e-02
3.422416374087333679e-02
7.049908488988876343e-02
1.132481358945369720e-02
1.313389372080564499e-02
1.878437120467424393e-03
-1.461097132414579391e-02
9.823366999626159668e-02
5.690065026283264160e-02
-5.348949134349822998e-02
-3.320936113595962524e-02
-1.095681264996528625e-01
3.298861160874366760e-02
-4.187243059277534485e-02
4.244124516844749451e-02
1.776424236595630646e-02
1.060436200350522995e-02
-6.575603038072586060e-02
4.360270127654075623e-02
4.378506913781166077e-02
4.036196321249008179e-02
-3.238806128501892090e-02
-5.973650142550468445e-02
6.803632248193025589e-03
3.516165167093276978e-02
-9.798084944486618042e-02
-1.864082515239715576e-01
-1.884062737226486206e-01
-1.656502112746238708e-02
2.119173258543014526e-01
1.143869161605834961e-01
5.098529160022735596e-02
4.581980407238006592e-02
1.504709385335445404e-02
-5.570659041404724121e-02
2.860619127750396729e-02
1.098743528127670288e-01
-9.607056155800819397e-03
-7.183579355478286743e-02
-7.531788200139999390e-02
-1.109461206942796707e-02
2.671690471470355988e-02
-1.299863099120557308e-03
2.344696968793869019e-02
1.500871479511260986e-01
1.156291440129280090e-01
1.713687181472778320e-02
-9.882087819278240204e-03
-2.174781635403633118e-02
-1.280947960913181305e-02
-1.111294031143188477e-01
-1.083620339632034302e-01
-8.592329919338226318e-03
-1.300164870917797089e-02
-2.583322301506996155e-02
-4.007719922810792923e-03
3.405433893203735352e-02
2.245320938527584076e-02
4.180801659822463989e-02
1.378633826971054077e-01
1.398855894804000854e-01
2.006038837134838104e-02
5.176983401179313660e-02
-1.685589435510337353e-03
-8.703109808266162872e-03
-9.833491593599319458e-02
-3.886490315198898315e-02
2.622525580227375031e-02
9.553111158311367035e-03
1.208861079066991806e-02
-3.345093131065368652e-02
-5.043365433812141418e-02
-7.613852620124816895e-02
2.688901685178279877e-02
5.045343190431594849e-02
3.351496905088424683e-02
-4.617340397089719772e-03
-2.792838588356971741e-02
-9.900996461510658264e-03
5.213292315602302551e-02
-5.939359217882156372e-02
-1.198163349181413651e-02
-3.744132071733474731e-02
2.508729882538318634e-02
-9.631182911107316613e-05
-4.941275343298912048e-03
9.799342602491378784e-02
-4.862445406615734100e-03
-3.820603247731924057e-03
1.970750093460083008e-02
5.275672301650047302e-02
-2.227600477635860443e-02
-8.313831058330833912e-04
2.068811282515525818e-02
-2.638726308941841125e-02
-1.761125400662422180e-02
4.155076567258220166e-06
2.066196687519550323e-02
3.074781503528356552e-03
2.018779516220092773e-02
5.153780058026313782e-02
7.527946680784225464e-02
1.515472307801246643e-02
-2.237829938530921936e-02
-2.422730438411235809e-03
-2.551308088004589081e-02
-1.870720065198838711e-03
2.128086052834987640e-02
-2.328769676387310028e-02
-4.345025809016078711e-04
4.846100509166717529e-02
-2.624896541237831116e-02
3.047481365501880646e-02
-2.010509744286537170e-02
-3.611980751156806946e-02
-7.909572124481201172e-02
6.688966881483793259e-03
-3.716146200895309448e-02
1.709118299186229706e-02
-1.701229624450206757e-02
3.351753205060958862e-02
-2.581804804503917694e-02
2.642617002129554749e-02
-3.534765169024467468e-02
-2.539668045938014984e-02
-2.031495235860347748e-02
1.120162941515445709e-02
-9.963068366050720215e-02
3.542220965027809143e-02
4.663833603262901306e-02
-4.462442547082901001e-02
5.677492171525955200e-02
2.496551536023616791e-02
2.493381500244140625e-02
-1.565628647804260254e-01
1.886301115155220032e-02
-1.179892662912607193e-02
-2.038278877735137939e-01
-3.054531477391719818e-02
-1.245203427970409393e-02
-1.586617827415466309e-01
-4.277867265045642853e-03
-9.606338106095790863e-03
-3.039308078587055206e-02
-3.737587109208106995e-02
-1.674733310937881470e-02
-1.995877735316753387e-02
1.224635820835828781e-02
4.291021730750799179e-03
-3.673049062490463257e-02
4.312106966972351074e-02
-4.556176066398620605e-02
-7.045532017946243286e-02
9.078082628548145294e-03
1.814886778593063354e-01
-2.912464141845703125e-01
2.362314313650131226e-01
3.471402078866958618e-02
-7.736995816230773926e-02
5.242839828133583069e-02
2.376295439898967743e-02
4.803922399878501892e-02
-5.305816233158111572e-02
-2.811955101788043976e-02
1.637306511402130127e-01
-1.994422227144241333e-01
1.946491934359073639e-02
6.852050125598907471e-02
-9.022705256938934326e-02
6.680227071046829224e-02
-3.813266009092330933e-02
2.536497078835964203e-02
-3.822695091366767883e-02
1.025395616888999939e-01
-1.300142109394073486e-01
2.221830002963542938e-02
6.017044652253389359e-03
3.197744861245155334e-02
2.716142497956752777e-02
-7.143986970186233521e-02
1.208460703492164612e-02
7.821829617023468018e-02
-1.447304487228393555e-01
1.549418084323406219e-02
2.177298255264759064e-02
-7.275725714862346649e-03
5.461233854293823242e-02
2.600243128836154938e-02
-2.088561467826366425e-02
-2.758027799427509308e-02
5.814589932560920715e-02
-6.751121580600738525e-02
-2.730358019471168518e-02
4.032434895634651184e-02
-7.060880213975906372e-02
9.391387924551963806e-03
2.692456170916557312e-02
1.842486858367919922e-02
2.811329811811447144e-02
1.110654231160879135e-02
4.210806917399168015e-03
-4.445379972457885742e-02
3.741129860281944275e-02
3.223807737231254578e-02
3.312426060438156128e-02
-3.534923493862152100e-02
-6.972748786211013794e-02
-3.613177686929702759e-03
-3.337416797876358032e-02
-9.650022536516189575e-02
1.149380579590797424e-01
-6.696265935897827148e-02
1.171951089054346085e-02
6.327745318412780762e-02
2.302896045148372650e-02
1.591626927256584167e-02
9.370148181915283203e-03
-3.703232621774077415e-03
6.757229566574096680e-02
-1.397770363837480545e-03
3.027681261301040649e-02
3.220370411872863770e-02
-3.454421181231737137e-03
1.199074089527130127e-02
-1.452101767063140869e-01
-3.090096265077590942e-02
5.575665272772312164e-04
-8.186438679695129395e-02
-2.163267508149147034e-02
-5.150852352380752563e-02
4.672797024250030518e-02
9.845118969678878784e-02
2.864259108901023865e-02
2.575913071632385254e-02
1.806830987334251404e-02
9.521656669676303864e-03
1.482046674937009811e-02
1.287936605513095856e-02
-2.024202607572078705e-02
-9.201799519360065460e-03
1.103679928928613663e-02
-7.860355079174041748e-02
-6.674969941377639771e-02
-2.347585745155811310e-02
-6.579446140676736832e-03
-3.824460878968238831e-02
-5.218570679426193237e-02
-1.628353819251060486e-02
-1.476971060037612915e-02
-4.521202668547630310e-02
-4.784052446484565735e-02
-3.925357758998870850e-02
-2.599630504846572876e-02
-6.266367156058549881e-03
2.097846940159797668e-02
-6.173317506909370422e-02
9.619844146072864532e-03
5.471241846680641174e-02
-3.255413845181465149e-02
1.841587200760841370e-02
7.161868363618850708e-02
7.122865319252014160e-02
4.460089281201362610e-02
3.639583662152290344e-02
-7.584177702665328979e-02
6.552450358867645264e-02
5.564215593039989471e-03
1.983129605650901794e-02
1.917752809822559357e-02
1.269696187227964401e-02
4.806100949645042419e-02
5.946122109889984131e-02
7.256231456995010376e-02
3.902144730091094971e-02
-1.172786951065063477e-02
4.032940044999122620e-02
2.129687741398811340e-02
7.371892035007476807e-02
-4.484373144805431366e-03
6.577225774526596069e-02
1.195002440363168716e-02
-6.446103006601333618e-02
-3.847048804163932800e-02
-7.751140743494033813e-02
-6.731005758047103882e-02
-8.682233840227127075e-02
4.100857302546501160e-02
3.547880053520202637e-02
1.545705925673246384e-02
-5.945102125406265259e-02
2.127292938530445099e-02
1.573859713971614838e-02
-1.727616973221302032e-02
-4.046954214572906494e-03
7.734276354312896729e-02
-2.545843366533517838e-03
1.181380171328783035e-02
-2.052354998886585236e-02
-2.980162948369979858e-02
-5.491634458303451538e-02
5.961482599377632141e-02
-3.873301297426223755e-02
-9.535666555166244507e-02
6.030366942286491394e-02
-9.944363497197628021e-03
-7.098556309938430786e-02
-2.856680192053318024e-02
3.512998670339584351e-02
-8.943106234073638916e-02
-1.868596971035003662e-01
3.716494515538215637e-02
1.471377909183502197e-01
-7.104156911373138428e-02
9.873379021883010864e-03
-8.146182447671890259e-02
2.011195756494998932e-02
6.942248437553644180e-03
-5.756081640720367432e-02
-1.534367203712463379e-01
-4.393012076616287231e-02
1.524621248245239258e-01
-5.211985483765602112e-02
-1.821663416922092438e-02
2.713240496814250946e-02
1.224917545914649963e-01
8.787533268332481384e-03
-6.100548431277275085e-02
9.199745208024978638e-02
3.913044184446334839e-02
-9.519746154546737671e-02
-1.094961240887641907e-01
2.894862368702888489e-02
1.266809850931167603e-01
5.056128650903701782e-02
-6.700860708951950073e-02
5.002228170633316040e-02
1.050760000944137573e-01
-2.698956988751888275e-03
-1.718199998140335083e-02
1.054443418979644775e-01
-1.048812270164489746e-01
-7.608674000948667526e-03
2.935106679797172546e-02
-8.217447251081466675e-02
-4.627220798283815384e-03
4.919002298265695572e-03
-1.563524268567562103e-02
-1.222802419215440750e-02
-3.891170397400856018e-02
-8.884481340646743774e-02
1.859425916336476803e-03
3.745470196008682251e-02
2.000719867646694183e-02
5.888547320864745416e-07
5.393771827220916748e-02
6.261655688285827637e-02
-5.891635641455650330e-02
-6.497377902269363403e-02
3.480450809001922607e-02
-3.553976491093635559e-02
-3.843003511428833008e-02
7.262212689965963364e-03
4.288846254348754883e-02
-5.841823876835405827e-04
-4.193079471588134766e-02
4.048990085721015930e-02
4.247723519802093506e-02
-8.615949004888534546e-02
5.461305752396583557e-02
9.646026417613029480e-03
-1.304824799299240112e-01
4.486112669110298157e-02
6.378678977489471436e-02
-6.043228879570960999e-02
-2.809050865471363068e-02
-4.183630272746086121e-02
-2.305806800723075867e-02
-9.620337747037410736e-03
-4.701379220932722092e-03
5.921060685068368912e-03
2.844146825373172760e-02
3.586924448609352112e-02
2.988720126450061798e-02
5.863353237509727478e-02
6.433889269828796387e-02
-5.085957050323486328e-02
-3.472540900111198425e-02
-5.637960135936737061e-02
-5.134179815649986267e-02
-5.984895979054272175e-04
1.075287535786628723e-02
-5.706286523491144180e-03
4.374721087515354156e-03
2.765949442982673645e-02
5.574277602136135101e-03
1.279293745756149292e-02
-3.043297445401549339e-03
-9.828784503042697906e-03
3.984270617365837097e-03
1.582177169620990753e-02
-6.185920909047126770e-03
-5.127242952585220337e-02
2.877338416874408722e-02
1.553499954752624035e-03
4.120265319943428040e-02
-4.949719458818435669e-02
2.555114962160587311e-02
7.435040920972824097e-02
7.930468767881393433e-02
-2.315655723214149475e-02
-4.382929950952529907e-02
2.870989404618740082e-02
4.165936261415481567e-02
6.671857833862304688e-02
-1.432964485138654709e-02
-5.930935963988304138e-03
8.072804659605026245e-02
6.068952381610870361e-03
-2.119562774896621704e-02
2.361103892326354980e-02
-4.550591483712196350e-02
-4.045892506837844849e-02
-2.863269113004207611e-02
-5.962366610765457153e-02
-9.334892034530639648e-02
-1.084817349910736084e-01
-1.158290281891822815e-01
5.756593868136405945e-02
9.483325295150279999e-03
1.582139730453491211e-02
1.161877717822790146e-02
2.745448797941207886e-02
5.349411442875862122e-02
6.472781300544738770e-03
-4.969217348843812943e-03
1.879093050956726074e-02
4.019009321928024292e-02
6.079401075839996338e-02
3.993839398026466370e-02
1.494714990258216858e-02
-1.165676414966583252e-01
2.833398431539535522e-02
5.784823372960090637e-02
-5.058521404862403870e-02
-9.304191172122955322e-02
-4.145994409918785095e-02
1.006497591733932495e-01
-3.757811337709426880e-02
5.980807915329933167e-02
8.191033452749252319e-02
-9.933702647686004639e-02
-6.372483447194099426e-03
8.421050012111663818e-02
4.273238778114318848e-02
-2.292473427951335907e-02
-1.261546835303306580e-02
1.161248385906219482e-01
3.100844845175743103e-02
1.548249274492263794e-01
3.542633727192878723e-02
-1.431891322135925293e-01
1.536120194941759109e-03
3.311458975076675415e-02
-1.169679965823888779e-02
-8.993878960609436035e-02
-3.328149020671844482e-02
8.482245728373527527e-03
-1.640800759196281433e-02
-4.537482559680938721e-02
8.160844445228576660e-03
7.314933091402053833e-02
1.569964736700057983e-02
-4.990136623382568359e-02
4.597688466310501099e-02
-1.974471285939216614e-02
-1.137243360280990601e-01
-1.388707906007766724e-01
-1.500655710697174072e-02
-5.876250565052032471e-02
-1.911326199769973755e-01
-1.376712471246719360e-01
3.600173071026802063e-02
-2.398733422160148621e-02
-2.342079021036624908e-02
6.575617007911205292e-03
1.308880094438791275e-02
1.741671748459339142e-02
-9.410656988620758057e-02
-1.153699159622192383e-01
-9.395935386419296265e-02
-5.746507644653320312e-02
-5.211371555924415588e-02
-2.151989936828613281e-02
-8.776739984750747681e-02
-4.368127882480621338e-02
5.723335966467857361e-02
-3.442877903580665588e-03
-3.826238587498664856e-02
-2.394507452845573425e-02
1.099186614155769348e-01
4.196185618638992310e-02
-5.097946897149085999e-02
3.938360139727592468e-02
3.844077885150909424e-02
1.414653658866882324e-02
-6.482189521193504333e-03
3.012927714735269547e-03
-3.544731810688972473e-02
-3.310975059866905212e-02
1.733734458684921265e-02
6.966172717511653900e-03
-8.897983282804489136e-02
3.600975126028060913e-02
1.646181941032409668e-02
4.238455370068550110e-02
-5.098962038755416870e-02
-3.822132945060729980e-03
5.910281557589769363e-03
-2.199298515915870667e-02
1.000005658715963364e-02
-2.114202827215194702e-02
-2.143413573503494263e-02
-1.380311883985996246e-02
1.947693340480327606e-02
-6.306367460638284683e-03
-7.079281494952738285e-04
1.749581471085548401e-02
1.557039655745029449e-02
8.580509573221206665e-03
-1.592520065605640411e-02
1.058996617794036865e-01
-5.558077245950698853e-02
3.088309057056903839e-02
-3.915283456444740295e-02
-3.651268035173416138e-02
-3.357169404625892639e-02
-8.672088006278499961e-05
1.854784670285880566e-03
1.256762910634279251e-02
7.345565129071474075e-03
8.425397798418998718e-03
3.451457992196083069e-02
7.441921159625053406e-03
5.358308553695678711e-02
-3.065258730202913284e-03
2.349818684160709381e-02
-1.109982654452323914e-02
8.251007646322250366e-02
-1.675685495138168335e-02
3.363662213087081909e-02
-3.768965601921081543e-02
4.476117342710494995e-02
-7.674570661038160324e-04
7.687469571828842163e-02
-7.456614077091217041e-02
-1.059187855571508408e-02
-5.236046388745307922e-02
3.300224989652633667e-02
7.747195661067962646e-02
7.025253772735595703e-02
-1.797673478722572327e-02
3.671952709555625916e-02
-5.252515152096748352e-02
-3.963743336498737335e-03
-7.475720252841711044e-03
-3.803658485412597656e-02
-5.697256419807672501e-03
-3.672201931476593018e-02
5.797883868217468262e-02
7.573159039020538330e-02
6.865615397691726685e-02
-4.390180110931396484e-02
-3.632290661334991455e-02
-4.030395299196243286e-02
-3.124296851456165314e-02
-3.359680622816085815e-02
-3.344431892037391663e-02
-3.452657908201217651e-02
-1.641950756311416626e-02
-4.261433333158493042e-02
-1.689118333160877228e-02
3.096181340515613556e-02
-7.888288050889968872e-02
-5.387863493524491787e-04
-2.298186905682086945e-02
5.031203478574752808e-02
-4.311808943748474121e-02
2.028834223747253418e-01
-5.350627005100250244e-02
8.431300520896911621e-02
-1.683168113231658936e-01
1.322703361511230469e-01
7.536289282143115997e-03
3.084396943449974060e-03
-5.411852523684501648e-02
-3.679553419351577759e-02
-4.495425149798393250e-02
1.353570967912673950e-01
8.192180655896663666e-03
7.900130003690719604e-02
-1.133101209998130798e-01
-2.094455249607563019e-02
1.972460299730300903e-01
-2.933327667415142059e-02
-8.020428940653800964e-03
-2.567751407623291016e-01
-7.216903567314147949e-02
-3.234628960490226746e-02
2.771673202514648438e-01
-4.240470472723245621e-03
2.147003449499607086e-02
1.862704940140247345e-02
-2.398280240595340729e-02
-3.806467726826667786e-02
-1.972420327365398407e-02
-5.169107019901275635e-02
6.059447675943374634e-02
-9.793656319379806519e-02
1.833026879467070103e-03
-1.114124059677124023e-01
-9.634494781494140625e-02
-6.574598699808120728e-02
-8.261441439390182495e-02
5.557687953114509583e-02
-5.461627244949340820e-02
5.765172839164733887e-02
-1.025519799441099167e-03
2.666585333645343781e-02
1.518238149583339691e-02
-5.754781141877174377e-02
1.991759752854704857e-03
-9.960037469863891602e-02
-1.204313710331916809e-01
-8.112615346908569336e-02
-6.918198615312576294e-02
5.450863018631935120e-02
-8.814572542905807495e-02
-8.217803202569484711e-03
-7.148317992687225342e-02
-2.188769169151782990e-02
-1.547418301925063133e-03
8.541491627693176270e-02
-1.935454457998275757e-02
-5.687438324093818665e-02
-8.620917052030563354e-02
6.824412196874618530e-02
-3.096665069460868835e-02
9.401497989892959595e-02
6.978889461606740952e-03
5.283710360527038574e-02
5.477020144462585449e-02
-2.054656157270073891e-03
-1.012637689709663391e-01
3.560148924589157104e-02
2.081326022744178772e-02
-6.772609800100326538e-02
-6.353260576725006104e-02
-6.135762482881546021e-02
-2.715319022536277771e-02
7.869599014520645142e-02
1.235402226448059082e-01
-1.738699711859226227e-02
1.437430530786514282e-01
1.828203499317169189e-01
5.923515185713768005e-02
4.999226331710815430e-02
3.757333382964134216e-02
3.030129335820674896e-02
2.892881259322166443e-02
2.017999626696109772e-02
2.644890733063220978e-02
3.554499894380569458e-02
3.595641255378723145e-02
2.049492858350276947e-02
3.391758725047111511e-02
-2.209574542939662933e-02
4.266988486051559448e-02
3.699719533324241638e-02
-8.849932812154293060e-03
2.501089125871658325e-02
4.088462889194488525e-02
-2.027137018740177155e-02
-3.125963732600212097e-02
-1.490390487015247345e-02
3.157430095598101616e-03
-3.189213108271360397e-03
-1.407443545758724213e-02
-1.306839007884263992e-02
-6.798375863581895828e-03
-1.566181704401969910e-02
-1.545666158199310303e-02
2.983032912015914917e-02
3.787734732031822205e-02
-5.732337757945060730e-02
3.204738348722457886e-02
3.368257731199264526e-02
-3.627579659223556519e-02
3.282987326383590698e-02
3.889834880828857422e-02
-5.202136188745498657e-02
-8.372377604246139526e-02
5.931249819695949554e-03
2.795648202300071716e-02
-6.862767040729522705e-02
2.747280895709991455e-02
7.761082798242568970e-02
-1.069700419902801514e-01
4.437483847141265869e-03
8.587634563446044922e-02
-1.571858534589409828e-03
-1.587114110589027405e-02
1.919834688305854797e-02
-4.787575919181108475e-03
-3.898131661117076874e-03
1.242497283965349197e-02
-1.317936088889837265e-02
-2.072191797196865082e-02
-2.675496041774749756e-03
3.531316528096795082e-03
2.577579393982887268e-02
1.492841914296150208e-02
-2.062832191586494446e-02
6.498593371361494064e-03
-3.478163853287696838e-03
-9.248225949704647064e-03
1.352412719279527664e-02
5.904664285480976105e-03
3.569991886615753174e-02
1.079871598631143570e-02
3.512399643659591675e-02
-1.450786180794239044e-02
-2.384055964648723602e-02
-1.402283366769552231e-02
-3.685364872217178345e-02
-6.440842151641845703e-02
-7.613921165466308594e-02
1.526032201945781708e-02
-2.931133843958377838e-02
-5.586856603622436523e-02
8.057101815938949585e-02
4.618068411946296692e-02
5.779662751592695713e-04
5.659130588173866272e-02
3.058815374970436096e-02
-2.823058702051639557e-02
-5.918791517615318298e-02
6.940890103578567505e-03
4.886771738529205322e-02
-7.961416989564895630e-02
1.415335293859243393e-02
2.738138288259506226e-02
-3.977798391133546829e-03
3.152354061603546143e-02
3.035836108028888702e-02
6.660908460617065430e-02
3.339397534728050232e-02
2.512935549020767212e-02
2.711262786760926247e-03
-5.837180465459823608e-02
-7.977690547704696655e-02
-5.071701481938362122e-02
-1.199282854795455933e-01
-1.293989568948745728e-01
2.201978117227554321e-02
9.564410895109176636e-02
9.858235716819763184e-02
-1.625189930200576782e-02
-4.723586607724428177e-03
-2.476132288575172424e-02
-8.842645585536956787e-02
-8.511619269847869873e-02
-1.231373026967048645e-01
-3.164579346776008606e-02
-3.234482184052467346e-02
-2.473846077919006348e-02
-3.655025211628526449e-04
-7.905041798949241638e-03
-1.155517622828483582e-02
2.326854132115840912e-02
2.793793193995952606e-02
4.325973242521286011e-02
-3.513337299227714539e-02
1.190016511827707291e-02
1.343228155747056007e-03
-2.489546313881874084e-03
2.171126939356327057e-02
-2.440857142210006714e-02
2.273119054734706879e-02
3.784228488802909851e-02
-1.055092900060117245e-03
-6.816304475069046021e-02
-3.270713612437248230e-02
3.107387758791446686e-02
-2.560582943260669708e-03
2.695274725556373596e-02
4.494842886924743652e-02
1.458954345434904099e-02
2.952646091580390930e-02
2.238761447370052338e-02
5.228807218372821808e-03
3.399031609296798706e-02
1.265639346092939377e-02
4.414988681674003601e-02
3.100818209350109100e-02
2.995541505515575409e-02
6.274620443582534790e-02
2.352284453809261322e-02
2.357865124940872192e-02
-3.410229086875915527e-02
-2.129992470145225525e-02
-3.320115059614181519e-02
-2.224890887737274170e-02
-1.566017791628837585e-02
-2.178477309644222260e-02
-1.564682275056838989e-02
-7.239229511469602585e-03
-1.240423880517482758e-02
-1.978457160294055939e-02
2.933202544227242470e-03
-3.290033340454101562e-02
1.013664156198501587e-02
3.136317478492856026e-03
-9.204032830893993378e-03
3.148633241653442383e-02
3.196432814002037048e-02
1.281394157558679581e-02
3.415253758430480957e-02
1.043974328786134720e-02
5.428277887403964996e-03
1.231974083930253983e-02
-9.900765493512153625e-03
2.193945273756980896e-02
8.501053787767887115e-03
-7.092447951436042786e-03
1.938298530876636505e-02
5.820383876562118530e-02
1.380113363265991211e-01
1.357536762952804565e-01
-5.164857581257820129e-02
5.662217363715171814e-02
1.362050473690032959e-01
-1.088556125760078430e-01
-2.085571363568305969e-02
5.850789323449134827e-02
-9.455160237848758698e-03
-2.301632985472679138e-02
-5.270716920495033264e-02
9.052393957972526550e-03
6.645685527473688126e-03
-3.624026477336883545e-02
3.516130894422531128e-02
1.645804755389690399e-02
-2.785665169358253479e-02
-2.335499972105026245e-02
1.713433675467967987e-02
-3.539829701185226440e-02
-4.936220590025186539e-03
3.465597704052925110e-02
-7.165858056396245956e-03
-1.558293402194976807e-02
1.250325702130794525e-02
-2.157889306545257568e-02
4.423768818378448486e-02
8.204482495784759521e-03
-8.468423970043659210e-03
5.727107450366020203e-02
1.644671522080898285e-02
-1.935059786774218082e-03
3.504881169646978378e-03
7.012686226516962051e-03
-4.126940853893756866e-03
3.621534258127212524e-02
-1.188977900892496109e-02
3.395828977227210999e-02
3.722155466675758362e-02
3.708604350686073303e-02
-2.153440192341804504e-02
-2.299309894442558289e-02
6.029905006289482117e-02
3.157822787761688232e-02
1.740707200951874256e-03
-9.512566030025482178e-03
1.345598138868808746e-02
-1.568712294101715088e-02
-1.456925738602876663e-02
1.882900297641754150e-02
4.368838295340538025e-02
-1.309882570058107376e-02
2.417068369686603546e-02
-2.571181766688823700e-02
-2.828860096633434296e-02
3.179664909839630127e-02
7.681752089411020279e-03
8.803914533928036690e-05
-5.244579631835222244e-03
2.444294979795813560e-03
-3.552569821476936340e-02
-2.557773329317569733e-02
-6.913796812295913696e-02
-7.686527073383331299e-02
-2.579308673739433289e-02
-7.765228301286697388e-02
-4.915999621152877808e-02
-3.250275179743766785e-02
-3.640099614858627319e-02
1.793224597349762917e-03
-1.504247542470693588e-02
2.618762431666254997e-03
-4.016157612204551697e-02
-2.016255632042884827e-02
3.995412029325962067e-03
-1.687510870397090912e-02
-2.940290234982967377e-02
2.310978993773460388e-02
1.440453249961137772e-02
5.936496891081333160e-03
2.340807206928730011e-02
-9.612492285668849945e-03
-6.139283627271652222e-02
-6.739438977092504501e-03
-2.916746214032173157e-02
-3.376809880137443542e-02
-1.217809878289699554e-02
-2.343167178332805634e-02
-3.309398517012596130e-02
-5.368364974856376648e-03
8.484028279781341553e-03
4.717919975519180298e-02
-4.642229527235031128e-02
-2.997882105410099030e-02
4.429931566119194031e-02
-4.153951629996299744e-02
-2.722925506532192230e-02
3.461375832557678223e-02
1.912136562168598175e-02
-1.535178977064788342e-03
-2.081083692610263824e-02
3.295800834894180298e-02
3.389586135745048523e-02
-9.261707775294780731e-03
2.038136124610900879e-02
4.955236800014972687e-03
7.843614555895328522e-03
-2.315998822450637817e-02
-7.014466822147369385e-02
-4.183546081185340881e-02
-1.648729667067527771e-02
-4.725982621312141418e-02
-4.526182264089584351e-02
-3.713722340762615204e-03
-6.463526189327239990e-02
-8.238293230533599854e-03
-3.436538949608802795e-02
-6.106427311897277832e-02
-7.177143543958663940e-02
-5.407991260290145874e-02
-6.158180162310600281e-02
-6.724918633699417114e-02
-4.151485487818717957e-02
-3.607306629419326782e-02
-3.877166658639907837e-02
7.747711148113012314e-03
3.481665858998894691e-03
-2.101263776421546936e-02
4.748067259788513184e-02
9.815228730440139771e-02
2.096507465466856956e-03
-3.557323012501001358e-03
4.618702083826065063e-02
-1.191719435155391693e-02
8.777764439582824707e-02
3.457564488053321838e-02
-4.682673513889312744e-02
4.174064099788665771e-02
-3.043432161211967468e-02
-9.366887062788009644e-02
-3.841212764382362366e-02
-1.218034029006958008e-01
-1.411566436290740967e-01
-7.763383537530899048e-02
9.139563888311386108e-02
2.097162306308746338e-01
-2.046560496091842651e-01
-6.791814416646957397e-02
2.052538543939590454e-01
-2.133428752422332764e-01
-1.878992468118667603e-01
4.854523390531539917e-02
1.204499453306198120e-01
1.975143700838088989e-02
-5.182859301567077637e-02
1.671183258295059204e-01
1.923228963278234005e-03
-1.425048410892486572e-01
8.655148744583129883e-02
-1.734070107340812683e-02
-9.795398265123367310e-02
6.107620894908905029e-03
-5.438691377639770508e-02
-2.055154740810394287e-02
2.551552467048168182e-02
-3.035165742039680481e-02
4.308701958507299423e-03
1.391605008393526077e-02
-5.176030471920967102e-02
-3.113203495740890503e-02
-1.524375658482313156e-02
-2.796189114451408386e-02
-8.660722523927688599e-02
6.441020965576171875e-02
5.376139655709266663e-02
-1.995353586971759796e-02
1.617395505309104919e-02
2.999171800911426544e-02
2.806290984153747559e-02
7.073148619383573532e-03
-2.213457785546779633e-02
-5.787505209445953369e-02
1.694025844335556030e-02
3.538069501519203186e-02
3.960241377353668213e-02
-8.394964784383773804e-02
-1.717770006507635117e-03
5.356144905090332031e-02
6.580001208931207657e-03
3.340397030115127563e-02
3.212164342403411865e-02
2.787231653928756714e-02
7.568021863698959351e-02
2.775552868843078613e-02
3.136033192276954651e-02
3.582143783569335938e-02
-4.029493406414985657e-02
2.767255902290344238e-02
2.941429801285266876e-02
-1.666931435465812683e-02
-1.704475958831608295e-03
-8.494214154779911041e-03
-8.161398768424987793e-02
5.019161105155944824e-02
4.044932126998901367e-02
-1.347556058317422867e-02
-1.499460339546203613e-01
-1.525495201349258423e-01
-1.525021530687808990e-02
-7.144514471292495728e-02
-6.265423446893692017e-02
4.983351379632949829e-02
7.798720151185989380e-02
1.835324466228485107e-01
1.823844611644744873e-01
-1.935902424156665802e-02
3.444806439802050591e-03
-8.078378625214099884e-03
5.269643664360046387e-02
5.187610909342765808e-02
2.693613618612289429e-02
4.447752237319946289e-02
4.598722979426383972e-02
9.104001335799694061e-03
3.536148741841316223e-02
2.897218056023120880e-02
-2.078625559806823730e-02
8.889645338058471680e-03
4.827586188912391663e-02
1.777980476617813110e-02
1.460838411003351212e-02
8.701939880847930908e-02
8.275622129440307617e-02
6.029840558767318726e-02
4.914116486907005310e-02
-2.847654931247234344e-02
1.351472139358520508e-01
-4.832639172673225403e-02
-1.032012477517127991e-01
6.404587998986244202e-03
-1.183216869831085205e-01
-9.366703033447265625e-02
-1.939384639263153076e-02
-5.052572861313819885e-02
-5.710608139634132385e-02
1.319265551865100861e-02
4.035506397485733032e-03
-3.050468116998672485e-02
4.212567582726478577e-03
4.987001884728670120e-03
-3.947734460234642029e-02
2.707079984247684479e-02
-8.388033136725425720e-03
-5.108808726072311401e-02
-5.467354785650968552e-03
-3.975659608840942383e-02
-1.005362346768379211e-02
-4.093259572982788086e-02
-4.247739911079406738e-02
-7.436762750148773193e-02
-2.331128111109137535e-03
2.001510187983512878e-02
-3.417770611122250557e-03
2.941364981234073639e-02
4.696186259388923645e-02
1.685556583106517792e-02
1.593749970197677612e-02
2.896655537188053131e-02
1.294547109864652157e-03
4.993367195129394531e-02
9.962039068341255188e-03
-2.405907399952411652e-02
-1.615333557128906250e-02
-9.562844038009643555e-02
-3.147837519645690918e-02
3.628543391823768616e-02
-1.399121340364217758e-02
7.678518071770668030e-03
1.857101917266845703e-02
-6.454172730445861816e-02
-3.296783939003944397e-02
9.961591567844152451e-04
-5.867043975740671158e-03
4.012094810605049133e-02
-3.703368082642555237e-02
2.970455028116703033e-02
6.573867797851562500e-02
-2.318837866187095642e-02
-1.306211203336715698e-01
-9.035879373550415039e-02
8.237230777740478516e-02
7.606457173824310303e-02
3.085644729435443878e-02
5.051272362470626831e-02
1.143541783094406128e-01
-6.856441497802734375e-03
-5.793407559394836426e-02
-8.809794485569000244e-02
-4.451473802328109741e-02
-1.068443898111581802e-02
1.966375112533569336e-02
3.955528885126113892e-02
3.171253949403762817e-02
1.375596821308135986e-01
8.638437837362289429e-02
-3.608660027384757996e-02
-8.953245356678962708e-03
-3.059514798223972321e-02
1.071378821507096291e-03
2.543138153851032257e-02
1.555501483380794525e-02
-1.226683426648378372e-02
1.582618430256843567e-02
-1.431892439723014832e-02
5.476461350917816162e-02
5.901342630386352539e-02
1.048105433583259583e-01
5.847587063908576965e-02
5.281476676464080811e-02
6.567765772342681885e-02
4.287857189774513245e-02
3.800748288631439209e-02
3.968957811594009399e-02
-2.419240027666091919e-02
2.985662408173084259e-02
6.214892864227294922e-02
8.485976606607437134e-02
-3.374205529689788818e-02
-1.157463267445564270e-01
7.290374487638473511e-02
-4.273547604680061340e-02
-1.298930943012237549e-01
6.099551916122436523e-03
-7.917513139545917511e-03
-2.520494349300861359e-02
4.100966081023216248e-02
3.060385398566722870e-02
-7.807951769791543484e-04
2.282825857400894165e-02
2.839072048664093018e-02
-3.037022612988948822e-02
1.266572042368352413e-03
3.183099627494812012e-02
1.164004579186439514e-02
-1.236196258105337620e-03
-4.586436599493026733e-02
5.234150215983390808e-03
6.620761752128601074e-02
1.451269630342721939e-02
1.880712248384952545e-02
1.541215647011995316e-02
6.957028806209564209e-02
1.713657192885875702e-02
-4.696460068225860596e-02
8.344988524913787842e-02
1.166492104530334473e-01
-9.372372180223464966e-02
4.334440920501947403e-03
3.398812189698219299e-02
-3.880054876208305359e-02
3.382291877642273903e-03
-5.450170021504163742e-03
7.997246831655502319e-02
1.098801940679550171e-01
7.259578257799148560e-02
4.117675498127937317e-02
1.760614104568958282e-02
-5.539500620216131210e-03
1.256730593740940094e-02
-4.646702483296394348e-02
-5.159239750355482101e-03
3.613631054759025574e-02
-1.739729568362236023e-02
-5.845880508422851562e-02
9.465696290135383606e-03
-7.954570464789867401e-03
-2.835049852728843689e-02
-3.103097714483737946e-02
3.233141079545021057e-02
2.021280117332935333e-02
-1.809370219707489014e-01
2.104612067341804504e-02
1.946623027324676514e-01
-1.850537657737731934e-01
-3.811421617865562439e-02
7.834137976169586182e-02
-1.792320050299167633e-02
7.728176191449165344e-03
3.125050291419029236e-02
1.019831076264381409e-01
-1.541930530220270157e-02
1.652796752750873566e-02
4.567174240946769714e-02
-1.094577892217785120e-04
2.776160649955272675e-02
-2.610382251441478729e-02
-3.070926293730735779e-02
-7.470145821571350098e-02
-5.622333288192749023e-02
-5.245145875960588455e-03
4.083697870373725891e-02
-9.070292860269546509e-02
-1.971039548516273499e-02
1.022181473672389984e-02
8.871460333466529846e-03
1.510568708181381226e-02
2.392140217125415802e-02
-1.877789013087749481e-02
-1.327817887067794800e-02
1.036061090417206287e-03
-1.574390009045600891e-02
-1.390079315751791000e-02
-4.564446280710399151e-04
1.353589032078161836e-04
-2.446256764233112335e-02
2.841162309050559998e-02
3.713524900376796722e-03
1.852836832404136658e-02
9.719190187752246857e-03
8.965671993792057037e-03
-1.423328183591365814e-02
-6.742809712886810303e-02
-8.212049305438995361e-02
-2.382121980190277100e-02
1.215284317731857300e-02
1.596453512320294976e-04
6.126762926578521729e-02
6.837841868400573730e-02
6.640752404928207397e-02
6.996615976095199585e-02
2.205385640263557434e-02
-2.770829014480113983e-02
2.856409922242164612e-02
-5.179810337722301483e-03
1.269559003412723541e-02
9.380528330802917480e-02
3.990554809570312500e-02
3.852907568216323853e-03
-4.592679906636476517e-03
2.264240011572837830e-02
7.011786103248596191e-02
-1.180075295269489288e-02
-3.931238874793052673e-02
-2.449922636151313782e-02
1.295486185699701309e-02
6.673274934291839600e-02
-8.106076717376708984e-02
1.970553398132324219e-02
3.604131564497947693e-02
7.747951894998550415e-02
-2.405353821814060211e-03
-5.131794139742851257e-02
-2.085820958018302917e-02
-6.886804103851318359e-02
-4.809765890240669250e-02
-2.533173561096191406e-02
-7.501706480979919434e-02
-6.471747905015945435e-02
-4.978053271770477295e-02
-1.705195941030979156e-02
-3.176722675561904907e-02
-3.299796022474765778e-03
-1.341201644390821457e-02
-2.515918202698230743e-02
-2.469344623386859894e-02
-8.515909314155578613e-03
5.952700041234493256e-03
7.581333816051483154e-02
4.114353284239768982e-02
-8.294593542814254761e-02
1.560487747192382812e-01
-6.219830736517906189e-02
-9.414967149496078491e-02
8.694557100534439087e-02
-1.082406938076019287e-01
-1.077059935778379440e-02
-6.633123755455017090e-02
-4.065608978271484375e-02
-6.286912132054567337e-03
1.253329217433929443e-01
2.017739117145538330e-01
1.717913299798965454e-01
7.917977869510650635e-02
1.088300719857215881e-01
3.982941806316375732e-02
4.588362202048301697e-02
-6.221613381057977676e-03
-4.602419678121805191e-03
-1.087946370244026184e-01
-3.017401508986949921e-02
4.221027344465255737e-02
-2.854214748367667198e-03
2.227653376758098602e-02
-3.468952700495719910e-02
2.050296962261199951e-02
1.187912095338106155e-02
9.577104938216507435e-04
9.562166780233383179e-02
2.913945168256759644e-02
-3.367763385176658630e-02
3.808249533176422119e-02
-1.984914764761924744e-02
-4.529900103807449341e-02
-7.886538654565811157e-02
4.773250594735145569e-02
5.541596934199333191e-02
3.109259344637393951e-02
2.727844938635826111e-02
-1.065173279494047165e-02
4.083641991019248962e-02
2.740921685472130775e-03
-4.551369324326515198e-02
3.634657710790634155e-02
-1.130029745399951935e-02
-4.567692428827285767e-02
6.286852806806564331e-02
-1.048464886844158173e-02
-3.878344222903251648e-02
-5.513737350702285767e-02
-3.820584714412689209e-02
-1.619993150234222412e-02
1.691813953220844269e-02
8.421126753091812134e-03
-1.783842407166957855e-02
1.311053242534399033e-02
-5.291157588362693787e-02
-1.021772027015686035e-01
1.430580019950866699e-02
2.213988825678825378e-02
-2.397045260295271873e-03
4.897888749837875366e-02
3.672328218817710876e-02
-3.623383119702339172e-02
4.340734705328941345e-02
7.607325911521911621e-02
6.552435457706451416e-02
-1.501645147800445557e-02
4.467825219035148621e-02
6.429980695247650146e-02
-1.521141501143574715e-03
-3.931158781051635742e-02
-2.144258655607700348e-02
-5.139173567295074463e-02
5.719686392694711685e-03
4.055913537740707397e-02
-4.728726670145988464e-02
3.838292509317398071e-02
3.139121085405349731e-02
-3.314546495676040649e-02
-2.352185174822807312e-02
-1.922368071973323822e-02
-3.247143328189849854e-02
-2.847566641867160797e-02
-1.345263887196779251e-02
1.043460983783006668e-02
2.128298953175544739e-02
2.913073636591434479e-02
-5.940641090273857117e-02
3.348335996270179749e-02
8.810160309076309204e-02
-3.393767983652651310e-04
8.207179605960845947e-02
4.811850190162658691e-02
-4.396155104041099548e-02
3.225909918546676636e-02
2.866289950907230377e-02
-4.101421218365430832e-03
2.189308032393455505e-02
4.670542199164628983e-03
4.065391793847084045e-02
4.564056545495986938e-02
-1.700068823993206024e-02
4.605881497263908386e-02
-1.858518645167350769e-02
-7.615762948989868164e-02
-7.463500648736953735e-02
-5.596621427685022354e-03
7.002644985914230347e-02
1.413446292281150818e-02
5.062008649110794067e-02
-6.437541544437408447e-02
-1.385360304266214371e-02
-4.169124364852905273e-02
-7.073457539081573486e-02
-9.352290071547031403e-03
-4.205779731273651123e-02
-2.750426344573497772e-02
-2.055932767689228058e-02
-4.239974077790975571e-03
7.539220154285430908e-02
3.469428792595863342e-02
1.950966008007526398e-02
-9.468099102377891541e-03
-2.079625427722930908e-02
-6.063123792409896851e-02
-6.918885745108127594e-03
-1.190084218978881836e-01
-1.396037191152572632e-01
-7.756157964468002319e-02
2.080761454999446869e-02
-4.549282044172286987e-02
-3.444159170612692833e-03
-3.927413001656532288e-02
-2.501924335956573486e-02
4.124970734119415283e-02
-1.181903574615716934e-02
7.374264299869537354e-03
2.089618332684040070e-02
-3.198997303843498230e-02
-1.038987468928098679e-02
-5.597384274005889893e-02
-8.541575074195861816e-02
6.612904369831085205e-02
-6.216071918606758118e-02
-2.665179781615734100e-03
-1.006145179271697998e-01
-4.339583590626716614e-02
-3.836320014670491219e-03
-8.997792750597000122e-02
1.690693497657775879e-01
1.280170865356922150e-02
-2.372315851971507072e-03
5.308950692415237427e-02
7.793936133384704590e-02
1.183801144361495972e-01
1.246974151581525803e-02
-6.567972712218761444e-03
-3.735995665192604065e-02
-9.940212965011596680e-02
2.840846031904220581e-02
-1.016215756535530090e-01
-2.097507938742637634e-02
-7.470160722732543945e-02
4.802011325955390930e-02
1.725453883409500122e-01
-3.834183886647224426e-02
-1.635731570422649384e-02
-1.067055538296699524e-01
-9.541708044707775116e-03
-4.198871552944183350e-03
1.579273678362369537e-02
1.004063040018081665e-01
-1.205108594149351120e-02
-4.332388192415237427e-02
-2.139444649219512939e-02
-3.937624767422676086e-02
1.417135447263717651e-02
4.527566581964492798e-02
7.953478395938873291e-02
4.064306989312171936e-02
2.760318107903003693e-02
-5.105767399072647095e-02
-1.416649669408798218e-01
5.106682702898979187e-02
-5.517347529530525208e-02
-1.078333109617233276e-01
-1.088604703545570374e-01
-4.965434595942497253e-02
-4.526366665959358215e-02
2.746556513011455536e-02
2.108896709978580475e-02
2.570189349353313446e-02
-3.093851357698440552e-02
-1.444135513156652451e-02
-3.420917317271232605e-02
4.241169616580009460e-02
8.780336380004882812e-02
-2.414275705814361572e-02
9.342039003968238831e-03
-5.857285112142562866e-02
-5.306745320558547974e-02
1.524221617728471756e-02
-4.380391445010900497e-03
6.822245568037033081e-02
-4.671412706375122070e-02
-3.722159564495086670e-02
3.387659322470426559e-03
-4.508411511778831482e-02
-2.041938900947570801e-02
6.158269476145505905e-03
2.326221950352191925e-02
1.179103646427392960e-02
-7.022809237241744995e-02
-3.322904556989669800e-02
-6.193734006956219673e-04
1.161388214677572250e-02
1.713872514665126801e-02
2.776152640581130981e-02
3.782117366790771484e-02
2.373872138559818268e-02
3.945412486791610718e-02
5.166786536574363708e-02
-2.716066874563694000e-02
-2.560386806726455688e-02
-2.335038408637046814e-02
1.407225150614976883e-02
1.447576843202114105e-02
1.591976732015609741e-02
2.329894900321960449e-02
2.455226704478263855e-02
2.411540597677230835e-02
5.804289132356643677e-02
6.792405247688293457e-02
-2.130549959838390350e-02
3.907151892781257629e-02
5.021207034587860107e-02
6.542804767377674580e-04
-6.836525350809097290e-02
-6.130283698439598083e-02
-3.250250965356826782e-02
-4.660758748650550842e-02
-2.621208690106868744e-02
3.817806020379066467e-03
-1.064089965075254440e-02
6.049168296158313751e-03
2.951414324343204498e-02
-4.112110659480094910e-02
-2.588765055406838655e-04
1.137219835072755814e-02
5.987172573804855347e-02
2.222773060202598572e-02
-5.094113573431968689e-02
-1.764210127294063568e-02
-1.282388996332883835e-02
8.923747576773166656e-03
-2.901953645050525665e-02
-3.773892298340797424e-03
4.733299463987350464e-02
-1.184880267828702927e-02
4.711864888668060303e-02
7.074025273323059082e-02
-2.262375503778457642e-02
-5.004668980836868286e-02
1.053689606487751007e-02
-4.388860985636711121e-02
-1.083225384354591370e-01
-9.175676107406616211e-02
-6.679601222276687622e-02
-4.053316637873649597e-02
-8.236681669950485229e-02
-3.721548244357109070e-02
-9.691695682704448700e-03
-5.050677061080932617e-02
-5.919698253273963928e-02
-3.368824347853660583e-02
-8.064577728509902954e-02
1.310456357896327972e-02
4.002340137958526611e-02
-1.884930580854415894e-02
8.422648161649703979e-02
1.406425237655639648e-01
8.440098911523818970e-02
-5.981836840510368347e-02
-5.123401060700416565e-02
-7.461067289113998413e-02
-3.574933856725692749e-02
-3.693186677992343903e-03
-5.222555994987487793e-02
-2.371551468968391418e-02
9.033262729644775391e-02
-4.032400622963905334e-02
-1.114439498633146286e-02
-4.986820742487907410e-02
-7.381547242403030396e-02
-1.055346429347991943e-02
-2.574039436876773834e-02
1.808281056582927704e-02
-9.642662917030975223e-05
1.099835056811571121e-02
9.365151077508926392e-02
-3.395140543580055237e-02
1.199542195536196232e-03
1.435733307152986526e-02
-3.455106914043426514e-02
3.703838586807250977e-02
6.311512738466262817e-02
1.751006022095680237e-02
-3.071721829473972321e-02
-4.298304207623004913e-03
-6.823822855949401855e-02
1.021435577422380447e-02
-3.349560499191284180e-02
3.821322694420814514e-02
1.816561445593833923e-02
2.098881453275680542e-02
-6.810764223337173462e-02
-1.128929480910301208e-01
-6.831191480159759521e-02
-8.663926273584365845e-02
-9.611705690622329712e-02
-2.293235249817371368e-02
-6.097462773323059082e-02
-1.574575714766979218e-02
4.572691395878791809e-03
-1.938433758914470673e-02
2.544041909277439117e-02
1.141777634620666504e-02
6.061916053295135498e-02
8.048274368047714233e-02
5.939446389675140381e-02
7.727390527725219727e-02
9.758013486862182617e-02
6.075353920459747314e-02
8.759572356939315796e-02
1.430100798606872559e-01
1.300626397132873535e-01
4.423331003636121750e-03
2.319670841097831726e-02
3.951903060078620911e-02
-7.180596236139535904e-03
-1.730409823358058929e-02
-1.101417616009712219e-01
8.258994668722152710e-02
7.254894822835922241e-02
-4.867107421159744263e-02
3.205551952123641968e-02
5.109878256916999817e-02
7.908607274293899536e-02
-4.670061916112899780e-02
2.133833430707454681e-02
-2.274738252162933350e-02
2.329440228641033173e-02
4.404466971755027771e-02
7.411353755742311478e-03
-2.692765742540359497e-02
-4.452101886272430420e-02
-6.320947408676147461e-02
8.929757401347160339e-03
-8.160393685102462769e-03
-2.927778474986553192e-02
-2.162225171923637390e-02
3.335236385464668274e-02
-6.460309959948062897e-03
-6.218137219548225403e-02
4.628774896264076233e-02
-3.335845470428466797e-02
-7.988055236637592316e-03
-3.770703915506601334e-03
1.209661457687616348e-02
-5.474622827023267746e-03
-2.069271795335225761e-05
1.455050520598888397e-02
-1.132504362612962723e-02
-7.777601480484008789e-03
5.900157615542411804e-03
-1.946640550158917904e-03
-1.163983438163995743e-02
-1.724717393517494202e-02
2.535417117178440094e-02
8.729502558708190918e-03
-2.613598853349685669e-02
-3.142242878675460815e-02
-2.780384942889213562e-02
-3.361920639872550964e-02
-1.459249202162027359e-02
3.184031322598457336e-02
-5.166868865489959717e-02
-2.443964034318923950e-02
4.266611114144325256e-02
-5.722612887620925903e-02
4.576279781758785248e-03
3.594424948096275330e-02
-4.878576099872589111e-02
-2.975250035524368286e-02
-1.992259407415986061e-03
-4.549537599086761475e-02
2.111717592924833298e-03
-4.722575098276138306e-02
-8.761083590798079967e-04
4.917621240019798279e-02
-4.114922136068344116e-02
3.999954462051391602e-02
1.195902097970247269e-02
-1.416971534490585327e-02
-2.789096906781196594e-03
-2.510174550116062164e-02
-1.825113408267498016e-02
5.586863961070775986e-03
2.103051915764808655e-02
1.257387362420558929e-02
-4.553685896098613739e-03
5.212736316025257111e-03
4.089886695146560669e-02
3.330849483609199524e-02
-9.856220334768295288e-03
4.196191579103469849e-02
3.036759793758392334e-02
3.696329891681671143e-02
8.774059265851974487e-02
9.078406542539596558e-02
1.160024851560592651e-02
-1.809800602495670319e-02
2.874306216835975647e-02
-4.618650302290916443e-03
-9.412859566509723663e-03
-3.918983973562717438e-03
-1.217245589941740036e-02
-2.990177832543849945e-02
-2.341470308601856232e-02
6.311459839344024658e-02
-2.096986956894397736e-02
2.634868770837783813e-02
1.011426970362663269e-01
-1.287244707345962524e-01
1.221225932240486145e-01
-1.629086025059223175e-02
-1.533616185188293457e-01
7.410272955894470215e-02
-7.252755109220743179e-03
-2.135622315108776093e-02
-1.276929825544357300e-01
3.229796513915061951e-02
1.425965428352355957e-01
-8.170727640390396118e-02
3.809880465269088745e-02
9.690414369106292725e-02
-3.720465674996376038e-02
6.806614249944686890e-02
-2.028613723814487457e-02
-1.862024702131748199e-02
-1.799563132226467133e-02
2.061616629362106323e-02
-2.560513839125633240e-02
-7.084438577294349670e-03
1.730456762015819550e-02
-2.824591472744941711e-02
-7.873887196183204651e-03
-8.391549438238143921e-02
3.729872638359665871e-03
6.152364984154701233e-02
-7.238039374351501465e-02
5.317139253020286560e-02
1.045623887330293655e-02
-1.604076102375984192e-02
6.972741335630416870e-02
-4.591492563486099243e-02
-5.273073539137840271e-02
4.787872359156608582e-02
2.225560834631323814e-03
-5.231487378478050232e-02
1.417594775557518005e-02
7.910949736833572388e-02
-4.402405768632888794e-02
2.373548224568367004e-02
1.328148209722712636e-04
1.292543485760688782e-02
5.660148337483406067e-03
-2.653855085372924805e-02
-1.870157942175865173e-02
-4.539882764220237732e-03
-3.676504641771316528e-02
-1.631670817732810974e-02
6.640577688813209534e-03
2.781862393021583557e-02
-3.422487527132034302e-02
-1.226812507957220078e-02
7.241440564393997192e-02
-5.851645767688751221e-02
2.813214622437953949e-02
-4.514421895146369934e-02
-1.512590516358613968e-02
3.551276028156280518e-02
1.577935926616191864e-02
-1.010195072740316391e-02
-3.221652656793594360e-02
2.206262201070785522e-02
1.221982110291719437e-02
-4.682217538356781006e-02
-4.752707667648792267e-03
-3.923186659812927246e-02
-4.314041137695312500e-02
-2.860910259187221527e-02
-1.217949688434600830e-01
-3.615095093846321106e-02
-3.514173626899719238e-02
4.885624349117279053e-02
6.973132956773042679e-03
-1.854998618364334106e-02
2.763957343995571136e-02
3.577225282788276672e-02
1.992459408938884735e-02
2.626560814678668976e-02
3.155179321765899658e-02
-2.938556112349033356e-02
-1.468361448496580124e-02
1.848946674726903439e-03
-2.653264626860618591e-02
-2.208074927330017090e-02
1.383211929351091385e-03
1.992596313357353210e-02
-5.484571680426597595e-02
-2.184925973415374756e-02
-2.422971837222576141e-02
7.454252336174249649e-03
-8.683606050908565521e-03
3.651010990142822266e-02
1.406431850045919418e-02
3.664088249206542969e-02
-2.110658399760723114e-02
3.016867302358150482e-02
1.912605762481689453e-02
-4.871163517236709595e-02
5.318699032068252563e-02
-3.358269110321998596e-02
5.600538570433855057e-03
2.103003114461898804e-02
3.560149297118186951e-02
-3.038339689373970032e-02
1.367204338312149048e-01
1.960660889744758606e-02
4.767105355858802795e-02
-1.234612334519624710e-02
9.985677897930145264e-03
-9.698845446109771729e-02
-7.476664334535598755e-02
1.247603297233581543e-01
-1.171253900974988937e-02
-9.460673900321125984e-04
5.426086112856864929e-02
1.919837296009063721e-02
9.412608295679092407e-02
4.305762425065040588e-02
-3.737577050924301147e-02
2.090158872306346893e-02
-7.829231768846511841e-02
2.834258414804935455e-02
-1.231737062335014343e-01
2.112591266632080078e-02
-3.737454488873481750e-02
-2.293755412101745605e-01
-1.405755281448364258e-01
1.100924015045166016e-01
-8.259814977645874023e-02
7.000552862882614136e-02
-5.664489232003688812e-03
2.934479713439941406e-02
-7.459817826747894287e-02
1.925966516137123108e-02
-7.458726316690444946e-02
-2.028258895734325051e-04
2.299716106790583581e-05
-4.577506706118583679e-02
1.701024174690246582e-02
5.941342189908027649e-02
-4.362744092941284180e-02
-3.559572994709014893e-02
-3.125320002436637878e-02
-6.087749078869819641e-02
2.143747806549072266e-01
-5.713206157088279724e-02
5.498956888914108276e-02
-1.114690154790878296e-01
2.960102632641792297e-02
-1.432440429925918579e-02
-8.969125896692276001e-02
2.734855562448501587e-02
7.270268350839614868e-02
-2.366268783807754517e-01
-5.850647017359733582e-02
4.495804011821746826e-02
-1.304920949041843414e-02
-1.078982502222061157e-01
-1.451424360275268555e-01
-6.546021997928619385e-02
2.292444743216037750e-02
3.083072900772094727e-01
-7.076345384120941162e-02
-4.349412396550178528e-02
-5.637473240494728088e-02
-3.007840551435947418e-02
-8.853218704462051392e-02
-1.772317849099636078e-02
4.274308308959007263e-02
2.207812666893005371e-02
-5.738829076290130615e-02
5.437000840902328491e-02
-3.857292467728257179e-03
3.608508035540580750e-02
-7.115975953638553619e-03
2.550151012837886810e-02
9.206578135490417480e-02
2.392553025856614113e-03
-3.290862217545509338e-02
-9.345361590385437012e-02
3.752515092492103577e-02
-7.058769464492797852e-02
-6.878004223108291626e-02
1.223837584257125854e-02
-2.663557045161724091e-02
-1.831760071218013763e-02
2.887914015445858240e-04
7.108521461486816406e-02
7.592620793730020523e-03
-3.558849543333053589e-02
7.411542534828186035e-02
-8.775306493043899536e-02
-8.884473890066146851e-02
2.478230558335781097e-02
-3.887457400560379028e-02
-3.835214301943778992e-02
7.793274242430925369e-03
9.204858914017677307e-03
9.642972797155380249e-02
1.193534303456544876e-02
1.984266005456447601e-02
-6.835529953241348267e-02
-2.275506034493446350e-02
2.530973404645919800e-02
6.477764248847961426e-02
-4.314379766583442688e-03
5.737561360001564026e-02
4.932749271392822266e-02
8.427519351243972778e-03
1.462426036596298218e-02
3.135276585817337036e-02
1.151860132813453674e-02
-3.383275121450424194e-02
-7.086167484521865845e-02
7.082519587129354477e-03
4.116453602910041809e-02
-1.719475258141756058e-03
3.205815702676773071e-02
1.089264452457427979e-01
3.597146645188331604e-02
-7.639794796705245972e-02
-6.620545685291290283e-02
-6.127540394663810730e-02
-6.202498450875282288e-02
-5.361761152744293213e-02
-4.789788648486137390e-02
-2.382470481097698212e-02
-1.445800252258777618e-02
-4.350143950432538986e-03
-1.280128490179777145e-04
8.781732991337776184e-03
-8.674502372741699219e-02
8.645432442426681519e-02
1.421770751476287842e-01
-3.538499772548675537e-02
1.114920079708099365e-01
1.188156455755233765e-01
-7.648335397243499756e-02
-1.328572165220975876e-02
2.086048573255538940e-02
1.716256514191627502e-02
3.290018439292907715e-02
3.901048749685287476e-02
3.886806964874267578e-02
1.022569462656974792e-02
8.912117220461368561e-03
4.356605559587478638e-02
2.074967883527278900e-02
7.735459506511688232e-02
-2.534061484038829803e-02
-1.182656828314065933e-02
-6.100384891033172607e-02
-3.593825921416282654e-02
2.972035109996795654e-02
-4.385263472795486450e-02
-1.798390969634056091e-02
5.232328921556472778e-02
9.485277533531188965e-02
1.233638599514961243e-01
-4.872368276119232178e-02
-7.921929471194744110e-03
1.252492815256118774e-01
-1.814966499805450439e-01
-1.389914304018020630e-01
3.208009153604507446e-02
2.374309487640857697e-02
2.232700027525424957e-02
1.718442328274250031e-02
-9.332202374935150146e-02
-7.567833364009857178e-02
-8.003763109445571899e-02
-5.790866166353225708e-02
-3.128034621477127075e-02
-4.454888403415679932e-02
8.279753476381301880e-02
1.270235031843185425e-01
-9.702127426862716675e-03
7.461694628000259399e-02
8.223091065883636475e-02
8.142402395606040955e-03
-5.987646058201789856e-02
-7.380609214305877686e-02
-2.900193445384502411e-02
-9.013593196868896484e-02
1.311312196776270866e-03
4.574315994977951050e-02
-1.074761450290679932e-01
4.860229045152664185e-02
1.884562820196151733e-01
-1.129658594727516174e-01
2.520218864083290100e-02
9.570968151092529297e-02
-1.973650790750980377e-02
-4.708787426352500916e-02
-2.050681225955486298e-02
-1.542561315000057220e-02
-6.199127063155174255e-03
6.889186799526214600e-03
-6.743363291025161743e-02
-3.720584884285926819e-02
-3.492264822125434875e-02
-3.406482934951782227e-02
7.198999170213937759e-03
-1.723115704953670502e-02
-8.049806207418441772e-02
3.787082433700561523e-02
2.785908989608287811e-02
1.431668829172849655e-02
4.949671775102615356e-02
1.824549399316310883e-02
1.930776238441467285e-01
6.927020102739334106e-02
6.449501961469650269e-03
2.018499970436096191e-01
-3.087420761585235596e-02
-1.490161716938018799e-01
8.554933220148086548e-02
-3.394822031259536743e-02
-1.286309212446212769e-01
1.493883039802312851e-02
1.865091733634471893e-02
-2.035935409367084503e-03
-1.064395997673273087e-03
-4.286384955048561096e-02
-5.168918520212173462e-02
7.357030408456921577e-04
1.338822580873966217e-02
6.267804186791181564e-03
-4.317587614059448242e-02
-2.612015046179294586e-02
1.087784301489591599e-02
-1.809580624103546143e-02
-1.023562904447317123e-02
-2.127465046942234039e-02
1.645282283425331116e-02
-3.504587337374687195e-02
-5.980807170271873474e-02
9.613517671823501587e-02
1.224991679191589355e-02
-1.780246496200561523e-01
1.609681546688079834e-01
-3.551561012864112854e-02
-2.518127560615539551e-01
6.144062429666519165e-02
5.301566794514656067e-02
-3.644410893321037292e-02
-5.186457186937332153e-02
9.431090205907821655e-02
2.831107191741466522e-02
-9.866767376661300659e-02
1.318394243717193604e-01
1.680926829576492310e-01
-6.780833005905151367e-02
4.416188597679138184e-02
6.136731430888175964e-02
-3.683800250291824341e-02
-4.605798795819282532e-02
4.003694280982017517e-02
1.955769956111907959e-02
5.315360613167285919e-03
9.796531870961189270e-03
5.942007899284362793e-02
2.954570762813091278e-02
1.279772818088531494e-02
1.024064235389232635e-02
1.290099811740219593e-03
2.802686067298054695e-03
2.840962633490562439e-02
1.276576891541481018e-02
1.116652623750269413e-03
2.553675882518291473e-02
2.584607340395450592e-03
-4.043488763272762299e-03
5.938643589615821838e-03
-7.059136778116226196e-02
1.931843161582946777e-02
-3.128237649798393250e-02
-3.368652611970901489e-02
5.434733256697654724e-02
-1.110206823796033859e-02
2.583384513854980469e-02
6.251750886440277100e-02
-1.314881164580583572e-02
3.395135328173637390e-02
-6.070305127650499344e-03
8.606869727373123169e-03
4.595263302326202393e-02
-1.258028950542211533e-02
1.740651577711105347e-02
2.118675224483013153e-02
-2.749402076005935669e-02
-5.872934684157371521e-02
3.662736341357231140e-02
-2.957876771688461304e-03
3.255962580442428589e-02
-1.298001501709222794e-02
-1.172730978578329086e-02
1.004736218601465225e-02
-1.952291280031204224e-02
9.058165363967418671e-03
-2.546683698892593384e-02
-1.221278775483369827e-02
3.106213640421628952e-03
-1.152225770056247711e-02
-2.553775906562805176e-03
-4.478974640369415283e-02
1.743341609835624695e-02
-2.017825096845626831e-02
-5.737227573990821838e-02
5.052110552787780762e-02
5.143705755472183228e-02
3.647893667221069336e-02
8.024807274341583252e-02
4.115735739469528198e-02
5.404831375926733017e-03
6.163550168275833130e-02
5.138892680406570435e-02
-2.474758541211485863e-03
-1.980419270694255829e-02
8.201879449188709259e-03
-7.344176992774009705e-04
3.392310068011283875e-02
2.354364655911922455e-02
-1.926680840551853180e-02
2.954033762216567993e-02
-1.210892572999000549e-02
-1.799224689602851868e-02
6.333872675895690918e-02
-5.807974562048912048e-02
-9.285829216241836548e-02
3.166301548480987549e-02
-1.294117867946624756e-01
5.413575842976570129e-02
-5.198402330279350281e-02
5.244548083283007145e-04
8.458393812179565430e-02
4.841570183634757996e-02
8.689068257808685303e-02
1.430341042578220367e-02
6.495876610279083252e-02
5.261108279228210449e-02
1.045646960847079754e-03
-6.103431340306997299e-03
-7.187743671238422394e-03
-4.772230237722396851e-02
2.636126941069960594e-03
-6.937217712402343750e-02
2.030652388930320740e-02
-1.880472339689731598e-02
2.797449752688407898e-02
-3.019404597580432892e-03
-1.222839695401489735e-03
-2.332251332700252533e-02
-2.306189015507698059e-02
9.849455207586288452e-03
3.406721726059913635e-02
2.002096734941005707e-02
6.096926704049110413e-02
9.909816086292266846e-03
-2.485143207013607025e-02
3.448021784424781799e-02
-4.548892751336097717e-02
-7.117146998643875122e-02
5.649408325552940369e-02
6.013898178935050964e-03
-4.480247944593429565e-02
7.276654243469238281e-02
1.099681016057729721e-02
-5.645195767283439636e-02
4.913897067308425903e-02
-2.752234414219856262e-02
-3.982901945710182190e-02
-1.090117823332548141e-02
-1.647486351430416107e-02
-1.774031855165958405e-02
-1.519174128770828247e-02
-1.217623613774776459e-02
-9.641149081289768219e-03
1.903234981000423431e-02
2.725072205066680908e-02
-1.117120962589979172e-02
-3.300944343209266663e-02
4.869429767131805420e-02
-1.332410611212253571e-02
2.571765892207622528e-02
1.228839624673128128e-02
-3.177838027477264404e-02
-4.488309496082365513e-04
1.280563184991478920e-03
-1.121876612305641174e-01
1.849841442890465260e-03
-2.889497205615043640e-02
-2.680682018399238586e-02
-1.917065493762493134e-02
-2.979955822229385376e-02
2.841015113517642021e-03
-2.328662946820259094e-02
-1.005933340638875961e-02
5.796662718057632446e-02
