1.027405355125665665e-02
-3.409909456968307495e-02
-3.552696481347084045e-02
5.108268558979034424e-02
3.021567873656749725e-02
-2.688686363399028778e-02
-1.479527056217193604e-01
-1.113164499402046204e-01
-4.678205586969852448e-03
-1.543446630239486694e-02
3.670894540846347809e-03
-2.049361541867256165e-02
4.846252501010894775e-02
7.090046256780624390e-02
-2.849182672798633575e-02
-1.207327749580144882e-02
1.003540754318237305e-01
4.153228364884853363e-03
3.997399471700191498e-03
1.249118894338607788e-02
-1.745928451418876648e-02
-4.767370596528053284e-02
-4.501957446336746216e-02
-1.264175493270158768e-02
9.393093176186084747e-03
1.302018761634826660e-02
-2.526863664388656616e-02
-4.921198263764381409e-02
2.953636925667524338e-03
-3.704150393605232239e-02
1.813961863517761230e-01
1.610804796218872070e-01
-8.677817881107330322e-02
7.699602842330932617e-02
7.603180408477783203e-02
-2.491464652121067047e-02
1.212481930851936340e-01
1.318775713443756104e-01
1.998853683471679688e-02
2.950192242860794067e-02
6.488128751516342163e-02
6.459622085094451904e-02
-3.679962828755378723e-02
-3.974385932087898254e-02
-5.740532651543617249e-02
-6.910566985607147217e-02
-1.717857420444488525e-01
-1.880936622619628906e-01
6.541180610656738281e-02
5.228317901492118835e-02
-2.561996132135391235e-02
2.497702240943908691e-01
3.088081479072570801e-01
1.607258468866348267e-01
8.506846427917480469e-02
1.566370725631713867e-01
1.408399194478988647e-01
6.236722320318222046e-02
9.856776893138885498e-02
5.224733799695968628e-02
-6.332301348447799683e-02
-3.730713576078414917e-02
-5.074243620038032532e-02
5.559514276683330536e-03
-9.597240388393402100e-02
1.008486375212669373e-02
1.704243421554565430e-01
-3.914544731378555298e-02
-7.835730165243148804e-02
-8.310701698064804077e-02
-3.531261533498764038e-02
-1.388090942054986954e-02
-8.270324766635894775e-02
-7.840166240930557251e-02
-9.168937057256698608e-02
-1.244995668530464172e-01
-2.572565972805023193e-01
-2.093179076910018921e-01
1.644954681396484375e-01
2.392556220293045044e-01
1.328952759504318237e-01
5.362932384014129639e-02
3.269666433334350586e-02
-4.016220197081565857e-02
-1.081531308591365814e-02
1.065473109483718872e-01
2.568888291716575623e-02
9.395946748554706573e-03
-8.768428117036819458e-02
-2.682915516197681427e-02
8.477570116519927979e-02
2.243770360946655273e-01
2.177247554063796997e-01
4.410362243652343750e-02
3.436135947704315186e-01
2.841767668724060059e-01
-9.084200859069824219e-02
-2.187344990670681000e-02
-1.289854384958744049e-02
4.177046567201614380e-02
-2.385995350778102875e-02
-2.739580720663070679e-02
-1.190818920731544495e-01
-1.179626509547233582e-01
-7.641877233982086182e-02
-3.202273324131965637e-02
7.004411518573760986e-02
1.634637117385864258e-01
-2.439340576529502869e-02
-1.430997438728809357e-02
3.839069511741399765e-03
9.525424800813198090e-03
-1.957860961556434631e-02
-3.192081302404403687e-02
-5.904163792729377747e-02
-1.193279996514320374e-01
-7.137048244476318359e-02
-7.131446152925491333e-02
-2.553805522620677948e-02
-3.604461997747421265e-02
-6.449577957391738892e-02
-2.098639123141765594e-02
-6.275615654885768890e-03
-7.650683075189590454e-02
-2.998212166130542755e-02
-7.848439738154411316e-03
3.294728696346282959e-02
-2.164921723306179047e-02
1.720794476568698883e-02
8.785583823919296265e-02
1.056421250104904175e-01
6.500155478715896606e-02
-7.760280370712280273e-02
4.077187180519104004e-02
1.264414340257644653e-01
2.756671234965324402e-02
-8.461702615022659302e-02
-1.544540226459503174e-01
-4.304637387394905090e-02
-2.800082042813301086e-02
5.803318694233894348e-02
-2.707868441939353943e-02
-6.978500634431838989e-02
-1.563182473182678223e-01
4.112660139799118042e-02
-1.751294359564781189e-02
-1.306357607245445251e-02
7.309365272521972656e-02
1.248225122690200806e-01
8.371746540069580078e-02
-4.667568206787109375e-02
9.122227132320404053e-02
4.026410356163978577e-02
-1.199038326740264893e-01
6.308577209711074829e-02
-8.140112459659576416e-02
3.812527516856789589e-03
-4.221143573522567749e-02
6.083735078573226929e-02
-1.133081987500190735e-01
1.516105830669403076e-01
-3.949246183037757874e-02
-9.046944230794906616e-02
-8.597316220402717590e-03
-5.329465027898550034e-03
-9.839710593223571777e-02
-4.303481429815292358e-02
-6.795198470354080200e-02
-5.546600371599197388e-02
-2.812045812606811523e-02
-9.730733931064605713e-03
2.564792148768901825e-02
-7.618888467550277710e-02
-1.672882586717605591e-02
-2.039245329797267914e-02
5.903103388845920563e-03
2.736137621104717255e-02
2.352759614586830139e-02
9.876885451376438141e-03
-1.234315484762191772e-01
1.396675258874893188e-01
5.750804021954536438e-02
1.143052056431770325e-02
8.557676523923873901e-02
9.876229614019393921e-02
1.013959757983684540e-02
1.551209837198257446e-01
5.246357619762420654e-02
-1.330889202654361725e-02
9.082654863595962524e-02
-1.231761183589696884e-02
8.612369745969772339e-02
-3.006992861628532410e-02
-1.633820869028568268e-02
1.081483364105224609e-01
-1.306320428848266602e-01
-8.791602402925491333e-02
1.729459688067436218e-02
6.064558401703834534e-02
3.487498685717582703e-02
-4.298342391848564148e-02
2.197766862809658051e-02
-3.131865337491035461e-02
-6.147215608507394791e-03
3.659468889236450195e-02
-1.582675054669380188e-02
-4.214198142290115356e-02
2.380643784999847412e-02
-9.434572421014308929e-03
-3.335615620017051697e-02
1.433450281620025635e-01
-4.180173575878143311e-01
2.792125800624489784e-03
-6.904570013284683228e-02
-1.837965250015258789e-01
-1.694110967218875885e-02
-4.724822565913200378e-02
-4.177633300423622131e-02
5.209461599588394165e-02
2.193876653909683228e-01
-1.476610451936721802e-01
5.619442835450172424e-02
1.492301672697067261e-01
-1.062508597970008850e-01
2.840733388438820839e-03
9.278190881013870239e-02
-1.341153867542743683e-02
4.794852063059806824e-02
-1.756601035594940186e-02
1.245264112949371338e-01
2.956710197031497955e-02
-6.891404837369918823e-02
-2.122365869581699371e-02
-8.645688742399215698e-02
-2.087799459695816040e-02
-1.257906109094619751e-01
-5.376645550131797791e-02
-2.332671917974948883e-02
5.164008960127830505e-02
-8.954089879989624023e-02
-3.187195211648941040e-02
2.593220770359039307e-02
-8.918398618698120117e-02
7.443261891603469849e-02
1.467725932598114014e-01
-7.818852365016937256e-02
1.432226300239562988e-01
2.792366147041320801e-01
-3.603948354721069336e-01
7.678238302469253540e-02
1.477732509374618530e-01
-1.753008365631103516e-01
2.593833953142166138e-02
4.923366382718086243e-02
9.392118081450462341e-03
-5.034982040524482727e-02
1.190039217472076416e-01
1.618839800357818604e-01
-5.379366129636764526e-02
9.770748019218444824e-02
1.253640949726104736e-01
-1.540243029594421387e-01
-1.528946012258529663e-01
-8.010499179363250732e-03
-1.578774005174636841e-01
-1.754606217145919800e-01
-2.852433174848556519e-02
-1.277133673429489136e-01
-1.436519324779510498e-01
7.088855840265750885e-03
-5.703708529472351074e-02
-1.373268365859985352e-01
6.957028806209564209e-02
8.787477761507034302e-02
-6.209518760442733765e-02
1.644270420074462891e-01
1.717739738523960114e-02
-4.946650937199592590e-02
7.333607226610183716e-02
-2.401045560836791992e-01
-3.817010670900344849e-02
8.831842243671417236e-02
-1.053383722901344299e-01
-9.012678265571594238e-02
2.806285619735717773e-01
-1.833485066890716553e-01
-9.856050834059715271e-03
1.566471010446548462e-01
-1.574953198432922363e-01
-2.013305872678756714e-01
-2.189257144927978516e-01
-6.487436592578887939e-03
-8.551797270774841309e-02
-1.984800100326538086e-01
4.310570284724235535e-02
2.331256121397018433e-02
-4.329866543412208557e-02
6.479924917221069336e-02
8.828152716159820557e-02
3.277454059571027756e-03
-1.211429610848426819e-01
1.002136319875717163e-01
-5.080152302980422974e-02
-4.833291284739971161e-03
-1.900382190942764282e-01
7.462425529956817627e-02
1.034034229815006256e-02
6.603999435901641846e-02
1.089820787310600281e-01
4.367067664861679077e-02
3.380003571510314941e-02
6.141007319092750549e-02
2.375921979546546936e-02
-7.024919241666793823e-02
-4.680529236793518066e-02
7.194637507200241089e-02
1.561262607574462891e-01
1.207767799496650696e-01
3.835355862975120544e-02
1.558730900287628174e-01
1.573547422885894775e-01
1.931129992008209229e-01
2.170037478208541870e-01
-9.790703654289245605e-02
-8.077025413513183594e-02
-9.152399003505706787e-02
-1.792245954275131226e-01
-7.592085748910903931e-03
-1.555279791355133057e-01
-1.384672969579696655e-01
-6.305797398090362549e-02
-4.403303936123847961e-02
-1.690425276756286621e-01
1.747120022773742676e-01
3.260727599263191223e-02
8.727306127548217773e-02
-1.169080808758735657e-01
-6.745446473360061646e-02
-8.464257419109344482e-02
3.289996087551116943e-02
-1.099329367280006409e-01
-1.480258405208587646e-01
1.651029586791992188e-01
2.419196963310241699e-01
6.605152785778045654e-02
8.657572418451309204e-02
1.660582870244979858e-01
5.545258149504661560e-02
4.432237520813941956e-02
5.717091634869575500e-02
8.064617216587066650e-02
-6.174055486917495728e-02
2.348585277795791626e-01
1.272310409694910049e-02
-1.120110079646110535e-01
-1.226673200726509094e-01
1.298514306545257568e-01
1.257142424583435059e-01
-1.182269155979156494e-01
-1.654104329645633698e-02
3.905763616785407066e-03
1.767686009407043457e-01
-1.247676461935043335e-01
-2.337143272161483765e-01
3.326004371047019958e-02
-2.954783290624618530e-02
8.210969716310501099e-02
-1.674353927373886108e-01
-8.409095555543899536e-02
-1.114307120442390442e-01
-1.406900286674499512e-01
1.432428807020187378e-01
1.804099828004837036e-01
-1.570381671190261841e-01
9.725251793861389160e-02
8.586742915213108063e-03
3.392650932073593140e-02
-1.232424303889274597e-01
2.382439933717250824e-02
9.301322698593139648e-02
1.814955323934555054e-01
7.320573925971984863e-02
9.308136999607086182e-02
-2.219138666987419128e-02
7.217872142791748047e-02
7.999994605779647827e-02
-9.814556688070297241e-02
-2.046781778335571289e-02
1.007312983274459839e-01
1.076689660549163818e-01
-6.018520891666412354e-02
-4.450980946421623230e-02
1.499883132055401802e-03
-7.048207335174083710e-03
9.458879381418228149e-02
-7.305747270584106445e-02
-4.371207207441329956e-02
-3.674023970961570740e-02
1.057253181934356689e-01
-1.370537932962179184e-02
2.781719900667667389e-02
1.728587299585342407e-01
5.096543580293655396e-02
7.031004130840301514e-02
8.547127991914749146e-02
5.937983468174934387e-02
6.963603943586349487e-02
8.029620349407196045e-02
2.758032828569412231e-02
-6.919351872056722641e-04
-6.456962320953607559e-03
-4.711926728487014771e-02
-1.191313713788986206e-01
-1.692215353250503540e-01
3.775577619671821594e-02
-1.039396077394485474e-01
-1.785091757774353027e-01
1.290534622967243195e-02
-1.893532872200012207e-01
-1.888609826564788818e-01
5.686214938759803772e-02
8.458108454942703247e-02
3.224131464958190918e-02
-2.689869143068790436e-02
-5.587758030742406845e-03
-1.048395186662673950e-01
5.509969964623451233e-02
6.122824922204017639e-02
1.114620566368103027e-01
-3.712566941976547241e-02
-1.896074600517749786e-02
2.130798995494842529e-01
-7.131642103195190430e-02
-7.257580012083053589e-02
-2.057647332549095154e-02
-9.725532680749893188e-02
-8.420027047395706177e-02
-7.201770693063735962e-02
-9.297854453325271606e-02
-6.708668917417526245e-02
-7.962305098772048950e-02
-1.023861318826675415e-01
-1.313922833651304245e-02
-8.189389109611511230e-02
2.996753714978694916e-02
-2.037851884961128235e-02
-3.669479116797447205e-02
-6.833048071712255478e-03
-1.110354438424110413e-01
-2.229556068778038025e-02
4.667273536324501038e-02
1.173716783523559570e-01
1.121770143508911133e-01
-4.198585450649261475e-02
3.389804437756538391e-02
3.601994365453720093e-02
-1.107340604066848755e-01
-5.735891684889793396e-02
1.233060937374830246e-02
-1.630012877285480499e-02
1.497803032398223877e-01
8.294689655303955078e-02
1.420076787471771240e-01
1.576700210571289062e-01
1.163345277309417725e-01
1.481052488088607788e-01
7.550123333930969238e-02
3.598810359835624695e-02
3.272918984293937683e-02
-1.340008825063705444e-01
-8.790861070156097412e-02
-3.075395338237285614e-02
-8.866097033023834229e-02
2.172563690692186356e-03
-1.219853311777114868e-01
-4.359653219580650330e-02
4.357721284031867981e-02
-7.419133186340332031e-02
-4.984879121184349060e-02
-1.221039220690727234e-01
-3.127945959568023682e-02
-9.979250840842723846e-03
-5.855284258723258972e-02
1.587365716695785522e-01
1.625266671180725098e-01
1.079599000513553619e-02
-9.851662814617156982e-02
-8.774550259113311768e-02
3.747102245688438416e-02
8.856976032257080078e-02
-5.119040608406066895e-02
-3.410989791154861450e-02
7.642331719398498535e-02
5.435796827077865601e-02
-2.388452552258968353e-02
1.042209342122077942e-01
-7.199085503816604614e-02
-2.411044575273990631e-02
5.777648463845252991e-02
8.127205073833465576e-03
-1.409473866224288940e-01
-4.497003182768821716e-02
8.153627812862396240e-02
2.056326903402805328e-02
-1.419936958700418472e-02
-1.313692033290863037e-01
2.453596144914627075e-02
1.111191287636756897e-01
4.268201591912657022e-04
3.398077562451362610e-02
-3.320117294788360596e-02
1.725301891565322876e-02
2.010650001466274261e-02
9.937366098165512085e-02
1.700689196586608887e-01
4.139366373419761658e-02
7.712156325578689575e-02
1.456077396869659424e-01
-5.795459728688001633e-04
-2.378038689494132996e-02
-4.913897439837455750e-02
-1.113090664148330688e-01
-1.144114658236503601e-01
-9.050353616476058960e-02
-9.174792468547821045e-02
-6.404905766248703003e-02
1.438656728714704514e-02
1.265572849661111832e-02
5.900289863348007202e-02
8.934985101222991943e-02
1.517757624387741089e-01
-7.093779742717742920e-03
-1.208401937037706375e-02
-1.518012732267379761e-01
5.456281825900077820e-02
7.714729756116867065e-02
5.569693446159362793e-02
2.155003137886524200e-02
1.568758040666580200e-01
1.106011867523193359e-01
2.609512023627758026e-02
1.121863946318626404e-01
1.257603168487548828e-01
6.795702129602432251e-02
5.782782565802335739e-03
3.376232460141181946e-02
8.395039290189743042e-02
-9.277710341848433018e-04
-1.033608466386795044e-01
-9.916005283594131470e-02
-1.046629995107650757e-01
-1.115856617689132690e-01
3.114433027803897858e-02
4.740455653518438339e-03
-1.095393789000809193e-03
1.679326295852661133e-01
1.099199876189231873e-01
9.163113683462142944e-02
-1.058102473616600037e-01
-1.146917566657066345e-01
4.302093386650085449e-02
-1.255028247833251953e-01
-9.171178936958312988e-02
3.373607993125915527e-02
-5.660596862435340881e-02
3.900253772735595703e-02
-2.994296140968799591e-02
-3.317951341159641743e-04
-1.918524131178855896e-02
1.069221198558807373e-01
-9.404458850622177124e-02
-1.330975592136383057e-01
-1.338525414466857910e-01
-3.457232564687728882e-02
-1.115184932132251561e-04
-1.000508889555931091e-01
8.080731332302093506e-02
8.821440488100051880e-02
9.420301765203475952e-02
1.211909651756286621e-01
1.059036795049905777e-02
3.335639834403991699e-02
9.409959428012371063e-03
5.438082851469516754e-03
2.523571811616420746e-02
4.535717889666557312e-02
-3.274948894977569580e-01
1.903776526451110840e-01
-1.046694889664649963e-01
2.439157962799072266e-01
-6.732711941003799438e-02
3.874158486723899841e-02
-1.687256097793579102e-01
4.111133143305778503e-02
9.901612997055053711e-02
1.259519532322883606e-02
-5.099687725305557251e-02
9.037233889102935791e-02
1.263031177222728729e-02
2.034892514348030090e-02
-2.178072743117809296e-02
-3.760804655030369759e-03
1.378146372735500336e-02
-1.520071774721145630e-01
-6.628413498401641846e-02
1.879673637449741364e-02
4.460268095135688782e-02
5.593034625053405762e-02
-2.025252394378185272e-02
1.176342964172363281e-01
4.608511924743652344e-02
6.271108984947204590e-02
-2.908940985798835754e-02
-3.793217986822128296e-02
-7.740231603384017944e-02
-6.533779203891754150e-02
-5.618271231651306152e-02
-8.645716309547424316e-02
-9.784818440675735474e-02
-1.122510284185409546e-01
-1.966085582971572876e-01
-1.598304212093353271e-01
-2.183970250189304352e-02
1.578099839389324188e-02
4.415757954120635986e-02
2.192511409521102905e-02
9.152063168585300446e-03
8.551717549562454224e-02
-1.228251308202743530e-01
-1.415847837924957275e-01
8.236488699913024902e-02
-6.429103761911392212e-02
-1.498153805732727051e-01
-1.593050360679626465e-02
4.901072755455970764e-02
-1.096581369638442993e-01
2.114963978528976440e-01
-2.005535177886486053e-02
-5.094386637210845947e-02
1.017987504601478577e-01
7.516677142120897770e-04
-7.105352729558944702e-02
-2.330139279365539551e-01
1.780999004840850830e-01
-4.295813385397195816e-03
1.196774616837501526e-01
-3.265499323606491089e-02
9.872081875801086426e-02
-5.471238866448402405e-02
-2.021867185831069946e-01
4.504478722810745239e-02
1.080301553010940552e-01
4.029114544391632080e-01
1.877114474773406982e-01
-8.313586562871932983e-02
-1.160834133625030518e-01
4.647626727819442749e-02
2.298423349857330322e-01
3.267248868942260742e-01
-7.995277643203735352e-02
-3.215825185179710388e-02
-1.891338676214218140e-01
7.195673137903213501e-02
6.303571281023323536e-04
2.906593978404998779e-01
4.672791436314582825e-02
-1.480681747198104858e-01
-4.242842644453048706e-02
-1.314602643251419067e-01
9.564877301454544067e-02
-2.223298400640487671e-01
-9.960648603737354279e-03
-4.382426291704177856e-02
8.228842169046401978e-02
-1.219811439514160156e-01
-4.048432782292366028e-02
-2.039734646677970886e-02
-1.365032494068145752e-01
-2.543626129627227783e-01
-1.761939562857151031e-02
1.477411538362503052e-01
6.075462326407432556e-02
-9.422463178634643555e-02
-1.127721592783927917e-01
-1.970577798783779144e-02
6.570776551961898804e-02
1.264620292931795120e-02
7.281543314456939697e-02
1.804476976394653320e-01
1.371505111455917358e-01
-1.644935160875320435e-01
5.421613901853561401e-02
1.517574191093444824e-01
-5.057572573423385620e-02
-7.609761785715818405e-03
-1.712108775973320007e-02
1.404257677495479584e-02
6.125793233513832092e-02
1.497337967157363892e-02
-8.624533563852310181e-02
-5.897381156682968140e-02
-1.209453344345092773e-01
-2.715789675712585449e-01
-2.076395452022552490e-01
1.629469692707061768e-01
-3.412576392292976379e-02
1.256665885448455811e-01
-1.882904395461082458e-02
8.689893782138824463e-02
1.442986279726028442e-01
5.489600449800491333e-02
-1.340737491846084595e-01
-6.436687707901000977e-02
3.485189080238342285e-01
-8.132796734571456909e-02
1.502293646335601807e-01
-1.573892123997211456e-02
7.264391332864761353e-02
-2.444768846035003662e-01
-2.143931202590465546e-02
-2.242012880742549896e-02
-2.165692858397960663e-02
-1.783927716314792633e-02
-1.836502179503440857e-02
-2.029689028859138489e-02
-4.255377221852540970e-03
5.285489372909069061e-03
3.465833514928817749e-02
1.792695000767707825e-02
3.719223663210868835e-02
-5.052619054913520813e-02
-4.417000710964202881e-02
3.175963833928108215e-02
1.414531935006380081e-02
-7.744535803794860840e-03
3.268324583768844604e-02
1.259881537407636642e-02
1.283049955964088440e-02
-1.850792951881885529e-02
-3.817354142665863037e-02
-4.461969435214996338e-02
-3.616164997220039368e-02
-5.489185079932212830e-02
-5.189843848347663879e-02
-5.113986134529113770e-02
-6.143961101770401001e-02
-6.960163265466690063e-02
-8.256874978542327881e-02
2.462807111442089081e-02
1.398866530507802963e-02
-2.168341353535652161e-02
5.874219350516796112e-03
-1.434649713337421417e-02
5.104895681142807007e-02
2.995843067765235901e-02
-1.489369571208953857e-02
-2.050995640456676483e-02
3.473279997706413269e-02
2.466246858239173889e-02
4.450521618127822876e-02
8.029330521821975708e-02
5.370843410491943359e-02
3.168549761176109314e-02
3.712629526853561401e-02
1.964655518531799316e-02
4.739774018526077271e-02
3.005475178360939026e-02
-2.026855759322643280e-02
-6.940288096666336060e-02
-1.196589171886444092e-01
-9.391444921493530273e-02
-1.171001270413398743e-01
-9.586224704980850220e-02
-5.254439637064933777e-02
2.595415152609348297e-02
1.121833641082048416e-02
-1.362835289910435677e-03
4.836553335189819336e-02
8.572851866483688354e-02
7.753045111894607544e-02
7.392922788858413696e-02
4.387539625167846680e-02
4.761322215199470520e-02
-5.732567980885505676e-02
5.389427766203880310e-03
3.727747872471809387e-02
-3.122953511774539948e-02
4.728551954030990601e-03
-2.545554307289421558e-04
2.216795692220330238e-03
9.810062125325202942e-03
-2.550284005701541901e-02
-3.498895466327667236e-02
1.490770839154720306e-02
-2.792813070118427277e-02
-9.326771833002567291e-04
-6.947519257664680481e-03
-5.229219049215316772e-02
1.821671426296234131e-02
-5.912498105317354202e-03
-3.578144311904907227e-02
4.592509567737579346e-02
2.091545425355434418e-02
1.051446348428726196e-01
-1.077749580144882202e-02
8.370773866772651672e-03
3.657270595431327820e-02
-2.053482457995414734e-02
-3.513244539499282837e-02
-1.125736720860004425e-02
-8.010634779930114746e-02
-6.077565252780914307e-02
-3.772484511137008667e-02
-5.849700048565864563e-02
-1.584462076425552368e-02
1.718316227197647095e-02
-2.626475133001804352e-02
2.865805849432945251e-02
3.566534072160720825e-02
2.878336817957460880e-04
3.817615285515785217e-02
4.491681605577468872e-02
-6.852847337722778320e-02
-3.945147618651390076e-02
-3.857337683439254761e-02
-1.091578304767608643e-01
-5.197948589920997620e-02
-4.973553866147994995e-02
-3.727146238088607788e-02
-1.659091003239154816e-02
5.406515672802925110e-02
3.716946765780448914e-02
2.421765215694904327e-02
3.965016081929206848e-02
5.102160200476646423e-02
3.529918566346168518e-02
2.884317561984062195e-02
-1.026161015033721924e-02
3.993617370724678040e-02
4.593352973461151123e-02
-2.417364716529846191e-02
1.931496709585189819e-02
2.617499418556690216e-02
-7.471223920583724976e-02
-3.184456750750541687e-02
-2.193661034107208252e-02
8.000637590885162354e-02
-3.474967926740646362e-02
-3.292123973369598389e-02
4.677457362413406372e-02
3.521092003211379051e-03
1.714369468390941620e-02
1.807877997634932399e-04
2.794143930077552795e-02
9.609111398458480835e-02
-5.495871230959892273e-02
-5.112841725349426270e-02
-2.094176597893238068e-03
-9.068091213703155518e-02
-7.283694297075271606e-02
2.155654504895210266e-02
-1.064580157399177551e-01
-3.241155296564102173e-02
1.400940865278244019e-01
1.071337312459945679e-01
4.871283471584320068e-02
-5.202808603644371033e-02
1.181954517960548401e-01
1.734925806522369385e-01
1.345511376857757568e-01
9.593512117862701416e-02
1.596782207489013672e-01
1.135418936610221863e-01
2.693533897399902344e-01
-3.487083613872528076e-01
1.800423860549926758e-01
3.479471802711486816e-01
-4.821470975875854492e-01
2.227583676576614380e-01
1.977928727865219116e-01
-7.570944726467132568e-02
-3.063735365867614746e-02
-3.999588266015052795e-02
-1.257298290729522705e-01
2.664726600050926208e-02
-6.693591177463531494e-02
-1.562207341194152832e-01
-1.104490458965301514e-02
-3.566010296344757080e-02
-1.063832491636276245e-01
4.313039407134056091e-02
7.423657458275556564e-03
1.123626977205276489e-01
1.143422648310661316e-01
5.663431808352470398e-02
2.467511594295501709e-01
1.623305678367614746e-01
-9.385719150304794312e-02
2.465053945779800415e-01
1.937871053814888000e-02
-9.592599421739578247e-02
-1.385541539639234543e-02
-1.675855517387390137e-01
-3.813871741294860840e-02
8.140089362859725952e-02
1.041201129555702209e-01
8.223193697631359100e-03
1.052632629871368408e-01
6.441988795995712280e-02
2.071106582880020142e-01
-7.609877735376358032e-02
-1.767844147980213165e-02
2.044663578271865845e-01
-4.283360391855239868e-02
-6.149644032120704651e-02
1.263522207736968994e-01
9.295341558754444122e-03
-9.355203807353973389e-02
-8.534803986549377441e-02
-3.428290784358978271e-02
-5.085005238652229309e-02
-1.257665455341339111e-01
-7.036660611629486084e-02
-1.402882039546966553e-01
-5.013506859540939331e-02
1.257959194481372833e-02
-4.902568832039833069e-02
1.410284824669361115e-02
-1.617752201855182648e-02
-5.189731717109680176e-03
-1.503569483757019043e-01
3.804349601268768311e-01
-1.224276423454284668e-02
-1.632606089115142822e-01
3.023302853107452393e-01
9.914594888687133789e-02
-7.447730004787445068e-02
-1.038079857826232910e-01
-3.882452100515365601e-02
-1.415868848562240601e-01
4.526259005069732666e-02
-1.509260982275009155e-01
-8.820465952157974243e-02
1.260135322809219360e-01
-1.659827679395675659e-01
-1.221898943185806274e-01
-8.443138562142848969e-03
-1.527623236179351807e-01
1.100164651870727539e-02
1.982691511511802673e-02
-2.465205825865268707e-02
2.014261782169342041e-01
3.213870897889137268e-02
9.905652701854705811e-02
-6.217457354068756104e-02
-1.631850376725196838e-03
-1.389717906713485718e-01
-2.005352452397346497e-02
-2.044443637132644653e-01
-1.421539485454559326e-01
1.259639393538236618e-02
-2.308241128921508789e-01
-1.422361284494400024e-01
-1.140325516462326050e-01
4.475515801459550858e-03
1.884999312460422516e-02
-2.134684920310974121e-01
1.802450045943260193e-02
1.868493407964706421e-01
-1.050299108028411865e-01
-1.494578570127487183e-01
1.598621606826782227e-01
4.788236320018768311e-02
1.866605430841445923e-01
1.725733131170272827e-01
1.784962713718414307e-01
2.237279713153839111e-01
2.875093817710876465e-01
7.667349278926849365e-02
4.306304082274436951e-02
1.517496109008789062e-01
-4.570508841425180435e-03
-9.912087768316268921e-02
4.065162315964698792e-02
-7.175666838884353638e-02
-1.537630856037139893e-01
-3.811248391866683960e-02
-8.401606976985931396e-02
-1.595952808856964111e-01
-4.841729626059532166e-02
-3.800060600042343140e-03
2.808050811290740967e-02
1.140923239290714264e-02
2.121434919536113739e-02
1.512645836919546127e-02
5.910703539848327637e-02
1.749813258647918701e-01
4.022486682515591383e-04
1.844563931226730347e-01
1.992389373481273651e-02
-4.655375704169273376e-02
7.199371606111526489e-02
-9.279350191354751587e-02
2.301397919654846191e-01
-7.426705211400985718e-02
-2.378427982330322266e-01
1.018107756972312927e-01
3.597774356603622437e-02
-5.146950483322143555e-02
-1.040884945541620255e-02
7.849809527397155762e-02
-4.303243756294250488e-02
1.378020923584699631e-02
6.181184574961662292e-02
1.148645579814910889e-02
2.215649932622909546e-02
1.403168495744466782e-02
-2.545950701460242271e-03
3.247976303100585938e-02
-4.803050681948661804e-02
-3.377522574737668037e-03
4.131826385855674744e-02
-5.953107774257659912e-02
4.561113659292459488e-03
8.850671350955963135e-03
-3.612642735242843628e-02
-9.162195958197116852e-03
-2.212940156459808350e-02
-5.675487592816352844e-02
5.265639722347259521e-02
7.471711188554763794e-02
1.607114076614379883e-02
5.727881938219070435e-02
1.057015955448150635e-01
3.373779356479644775e-02
-3.879058733582496643e-02
-1.548544410616159439e-02
-2.776235528290271759e-02
2.352896844968199730e-03
-3.876085858792066574e-03
-3.238780656829476357e-03
3.422373905777931213e-02
1.265710499137639999e-02
-1.762788556516170502e-02
4.786891490221023560e-02
9.717466309666633606e-03
-2.480637468397617340e-02
5.352708324790000916e-02
-1.846702955663204193e-02
-6.466970592737197876e-02
-3.115631826221942902e-02
-8.491811156272888184e-02
-9.201559424400329590e-02
-9.863758459687232971e-03
1.399706467054784298e-03
2.573790727183222771e-03
-2.366058528423309326e-03
1.580291241407394409e-02
4.532613325864076614e-03
2.528715133666992188e-02
8.962768130004405975e-03
-1.547527778893709183e-02
-4.563517868518829346e-02
-3.180909901857376099e-02
-3.518022224307060242e-02
2.038400433957576752e-02
3.458719700574874878e-02
6.599143613129854202e-03
7.022515684366226196e-02
9.310358762741088867e-02
8.340185135602951050e-02
2.145654149353504181e-02
-2.654944919049739838e-02
-2.113044448196887970e-02
2.857569605112075806e-02
-3.375926613807678223e-02
-3.106492385268211365e-02
9.862031787633895874e-03
-3.199538588523864746e-02
-3.624701499938964844e-02
4.728593677282333374e-02
-6.062329746782779694e-03
-2.740654908120632172e-02
1.134778745472431183e-02
-4.029563162475824356e-03
-3.087853780016303062e-03
-3.720227256417274475e-02
-4.944169148802757263e-02
-1.860145293176174164e-02
1.965039595961570740e-02
6.997630745172500610e-02
2.040697075426578522e-02
-2.995828725397586823e-02
-1.982326246798038483e-02
-2.092170529067516327e-02
-3.965555503964424133e-02
-3.522379556670784950e-03
3.952826373279094696e-03
-4.408418200910091400e-03
-1.158573781140148640e-03
-8.737993775866925716e-04
-1.892670616507530212e-02
1.311566215008497238e-02
-2.038641646504402161e-02
-4.874650016427040100e-02
-1.566294208168983459e-02
-1.511522941291332245e-02
4.552206490188837051e-03
1.332021038979291916e-02
-4.090332891792058945e-03
-2.160392235964536667e-03
3.044149605557322502e-03
1.861191168427467346e-02
-6.481105834245681763e-02
-3.030071966350078583e-02
-2.495080977678298950e-02
-1.000099405646324158e-01
-6.631200015544891357e-02
-5.423317477107048035e-02
-2.109050191938877106e-02
-5.435259267687797546e-02
-2.026437781751155853e-02
1.313336566090583801e-02
1.393303275108337402e-02
3.832808136940002441e-02
1.416665595024824142e-02
2.860096096992492676e-02
1.590017788112163544e-02
1.204844098538160324e-02
2.508973143994808197e-02
1.349901221692562103e-02
-5.455372389405965805e-03
6.395374890416860580e-03
-5.951428785920143127e-03
-6.355898082256317139e-02
-2.556248567998409271e-02
-1.296204887330532074e-02
-1.830301806330680847e-02
2.066478505730628967e-02
3.497210890054702759e-02
1.478385645896196365e-02
2.850756235420703888e-02
5.620133504271507263e-02
-2.822625078260898590e-02
-4.934655502438545227e-02
-1.733965799212455750e-02
-6.961598992347717285e-03
-3.398843854665756226e-02
-6.575588881969451904e-02
7.593476213514804840e-03
-4.586712270975112915e-02
-7.306195050477981567e-02
1.159050986170768738e-01
1.190937235951423645e-01
3.394296020269393921e-02
6.521556526422500610e-02
2.759544178843498230e-02
-4.456539452075958252e-02
8.737642318010330200e-03
-1.384552754461765289e-02
-7.390183955430984497e-02
-6.436449289321899414e-02
-1.103212907910346985e-01
1.500925235450267792e-02
-4.127965122461318970e-02
4.275810346007347107e-02
3.977103531360626221e-02
-2.628253586590290070e-02
5.246714875102043152e-02
1.115055978298187256e-01
-7.814591377973556519e-02
-5.115947872400283813e-02
-2.353421412408351898e-02
-7.928333431482315063e-02
-4.551422968506813049e-02
2.229800820350646973e-02
-6.546365469694137573e-02
6.523622665554285049e-03
5.504479631781578064e-02
4.885174706578254700e-02
-4.268902540206909180e-02
-6.948217004537582397e-02
-8.243108540773391724e-02
-1.050687059760093689e-01
-6.547921895980834961e-02
-1.656097322702407837e-01
-1.240905895829200745e-01
-5.918949097394943237e-02
9.099256247282028198e-02
6.354632973670959473e-02
-3.592567518353462219e-02
1.197315603494644165e-01
1.133868247270584106e-01
6.637172400951385498e-02
4.644993320107460022e-02
5.042893812060356140e-02
1.873243786394596100e-02
1.115764528512954712e-01
8.489833027124404907e-02
-2.370443567633628845e-02
2.482459135353565216e-02
-1.312165521085262299e-03
-5.685153976082801819e-02
-6.383805535733699799e-03
-4.180327802896499634e-02
-1.252399757504463196e-03
-2.934880740940570831e-02
2.966492250561714172e-02
4.868094995617866516e-02
1.110506579279899597e-01
1.431747525930404663e-01
9.709534049034118652e-02
1.226945444941520691e-01
1.026938483119010925e-01
6.455267965793609619e-02
-6.788055598735809326e-02
-7.735739648342132568e-02
1.961052976548671722e-02
-9.145901352167129517e-02
-4.107639938592910767e-02
-4.910081252455711365e-02
-8.844333887100219727e-02
-5.693260207772254944e-02
-5.819177627563476562e-02
5.328802391886711121e-03
7.270500808954238892e-02
7.737004756927490234e-02
1.457626521587371826e-01
1.278399974107742310e-01
6.645619124174118042e-02
8.948843926191329956e-02
1.197528466582298279e-01
5.475340783596038818e-02
9.750962257385253906e-02
-3.730416297912597656e-02
-5.996888503432273865e-02
-1.019157469272613525e-01
-7.437366247177124023e-02
-1.470717252232134342e-03
4.784029349684715271e-02
5.371429398655891418e-02
4.551928117871284485e-02
3.784951567649841309e-02
1.200289800763130188e-01
9.073409438133239746e-02
9.277180582284927368e-02
2.277368679642677307e-02
-7.850799709558486938e-03
2.162852510809898376e-02
2.226677024737000465e-03
-8.696453273296356201e-02
7.583847269415855408e-03
5.097963660955429077e-02
6.296904385089874268e-02
1.310425344854593277e-02
5.265120044350624084e-02
1.413202192634344101e-02
-8.143807761371135712e-03
-1.328361034393310547e-02
1.627918519079685211e-02
8.471350371837615967e-02
4.594691470265388489e-02
2.578176185488700867e-02
-2.677482739090919495e-02
-2.343146502971649170e-02
-3.060335665941238403e-02
-5.419680848717689514e-02
-9.453850239515304565e-02
-7.972069829702377319e-02
-2.037355303764343262e-02
-4.764560610055923462e-02
1.090711681172251701e-03
-5.164546146988868713e-02
-6.094894930720329285e-02
-1.235076319426298141e-02
-6.736624985933303833e-02
-6.508140265941619873e-02
-4.450413398444652557e-03
-6.143473554402589798e-03
-3.490805998444557190e-02
-3.395405830815434456e-03
8.760673925280570984e-03
-9.135892242193222046e-02
-1.148180589079856873e-01
3.010267578065395355e-02
-2.437003329396247864e-02
-1.748941391706466675e-01
-6.016179919242858887e-03
6.435798108577728271e-02
-1.802614331245422363e-02
-8.862909860908985138e-03
-3.317474201321601868e-02
-1.046603620052337646e-01
-7.494888454675674438e-02
-8.290681988000869751e-03
5.688184872269630432e-02
3.898662328720092773e-02
1.385039091110229492e-02
4.980058968067169189e-02
3.992132097482681274e-02
4.051133990287780762e-02
1.666858675889670849e-03
3.300115233287215233e-03
3.737122565507888794e-02
-9.651487693190574646e-03
-1.575397551059722900e-01
1.494306921958923340e-01
4.544908925890922546e-02
-2.147792465984821320e-02
9.167452156543731689e-02
-7.810173928737640381e-02
1.378017384558916092e-02
9.614327549934387207e-02
4.171081259846687317e-02
-2.839982509613037109e-03
-2.079497650265693665e-02
4.776325076818466187e-02
-3.908538818359375000e-02
-1.298771239817142487e-02
6.149361282587051392e-02
-6.643375009298324585e-02
-3.884297609329223633e-02
6.575782597064971924e-02
-7.989721745252609253e-02
5.267288535833358765e-02
1.537954807281494141e-01
-6.867831200361251831e-02
2.718671970069408417e-02
9.800057858228683472e-02
1.480731554329395294e-02
1.088738441467285156e-01
1.823880523443222046e-02
1.182927042245864868e-01
4.816143587231636047e-02
4.803681001067161560e-02
-1.217808807268738747e-03
-1.173153985291719437e-02
-2.688185684382915497e-02
1.206815429031848907e-02
1.891885511577129364e-02
-3.661382943391799927e-02
1.152944788336753845e-01
-4.816478118300437927e-02
-4.147599637508392334e-02
-8.762448094785213470e-03
-1.833208352327346802e-01
-1.654100716114044189e-01
-9.251745790243148804e-02
-9.583058953285217285e-02
-1.762758195400238037e-01
-3.769418597221374512e-02
-3.930734936147928238e-03
4.420778527855873108e-02
-1.581090688705444336e-02
-7.999577373266220093e-02
-2.445571683347225189e-02
2.598357945680618286e-02
-1.254726387560367584e-02
-2.126426622271537781e-02
-4.380023572593927383e-03
6.442506611347198486e-02
-1.454037800431251526e-02
2.883459627628326416e-01
1.958047002553939819e-01
-8.624368160963058472e-02
7.353803515434265137e-02
3.417873755097389221e-02
2.053613215684890747e-02
-5.181261152029037476e-02
4.497699812054634094e-02
7.532961666584014893e-02
1.032233089208602905e-01
-2.263538166880607605e-02
-1.413440853357315063e-01
-1.557077653706073761e-02
-1.159825995564460754e-01
-1.392568554729223251e-02
-1.864438652992248535e-01
-9.802179038524627686e-02
-6.374329328536987305e-02
-1.174483895301818848e-01
1.065051332116127014e-01
1.011937633156776428e-01
-3.410182893276214600e-02
8.133906126022338867e-02
-1.148396953940391541e-01
7.000703364610671997e-03
-2.628970146179199219e-02
-3.918782994151115417e-02
-8.541864901781082153e-02
-1.913687214255332947e-02
7.626336067914962769e-02
-1.592488884925842285e-01
3.524264087900519371e-03
1.398306488990783691e-01
-1.179368980228900909e-02
-4.227942228317260742e-02
-5.512556061148643494e-02
1.713043600320816040e-01
1.528006643056869507e-01
1.079246774315834045e-02
4.659911990165710449e-02
-2.492349408566951752e-02
6.360957399010658264e-03
5.546376481652259827e-02
8.639194071292877197e-02
-1.332647353410720825e-02
3.351701050996780396e-02
1.082276105880737305e-01
5.514204036444425583e-03
2.542912214994430542e-02
6.289669126272201538e-02
-8.243209123611450195e-02
-5.658723041415214539e-02
-1.341696381568908691e-01
-1.904509589076042175e-02
-7.878284156322479248e-02
-1.560362279415130615e-01
-2.491096965968608856e-02
-8.371328562498092651e-02
-1.440949887037277222e-01
-1.707851886749267578e-02
2.891146205365657806e-02
6.006991863250732422e-02
-4.242084175348281860e-02
1.257603988051414490e-02
2.777106687426567078e-02
-1.066463366150856018e-01
-3.754935413599014282e-02
-4.443035274744033813e-02
-1.830559521913528442e-01
-7.483642548322677612e-02
-2.891251584514975548e-03
3.785607870668172836e-03
-1.188836246728897095e-01
-2.017166018486022949e-01
5.302077159285545349e-02
-1.799463108181953430e-02
-4.399513080716133118e-02
6.419801618903875351e-03
1.608766242861747742e-02
1.020296663045883179e-02
4.368476942181587219e-02
-1.091592386364936829e-01
8.053369820117950439e-02
7.793984562158584595e-02
-1.140744686126708984e-01
1.604126393795013428e-01
-1.330141630023717880e-02
-1.979194283485412598e-01
9.392565488815307617e-02
1.395996212959289551e-01
-9.864754974842071533e-02
8.809114247560501099e-02
-1.290873438119888306e-01
-1.124057471752166748e-01
-1.243943814188241959e-02
7.892847806215286255e-02
-1.184983775601722300e-04
-2.481797896325588226e-02
5.658964440226554871e-02
-8.753277361392974854e-03
-2.303234674036502838e-02
6.962950527667999268e-02
-3.002470731735229492e-02
-2.632771246135234833e-02
6.074468418955802917e-02
7.602944225072860718e-02
1.014094799757003784e-02
-8.138658106327056885e-02
-1.875007450580596924e-01
-2.190429270267486572e-01
-7.097830623388290405e-02
-1.158471107482910156e-01
-1.114077344536781311e-01
-3.192500397562980652e-02
2.203672938048839569e-02
4.853948485106229782e-03
3.858944401144981384e-02
-4.143917188048362732e-02
5.410733446478843689e-02
4.000207409262657166e-02
2.082291990518569946e-02
-4.531364422291517258e-03
3.073435649275779724e-02
-1.860585622489452362e-02
-1.321431994438171387e-01
-1.334338635206222534e-01
-4.850298538804054260e-02
1.262446194887161255e-01
1.633365750312805176e-01
5.163721740245819092e-02
1.381605416536331177e-01
1.667703092098236084e-01
-7.761101424694061279e-02
4.261503927409648895e-03
6.159553676843643188e-02
1.277486085891723633e-01
1.758715212345123291e-01
7.867290824651718140e-02
1.246910169720649719e-01
-4.014779999852180481e-02
3.788352757692337036e-02
-2.802088297903537750e-02
-2.298733219504356384e-02
1.044201105833053589e-02
2.605162262916564941e-01
1.504664421081542969e-01
-8.273562043905258179e-02
2.824927121400833130e-02
-2.781992554664611816e-01
7.705041021108627319e-02
-1.732344366610050201e-02
3.193359449505805969e-02
4.991053044795989990e-02
6.568530201911926270e-02
-8.269187808036804199e-02
-2.199549376964569092e-01
-2.590765245258808136e-02
-7.039584964513778687e-02
9.025833755731582642e-02
6.770041584968566895e-02
-1.499098539352416992e-01
4.761995747685432434e-03
-1.872542500495910645e-01
1.123482510447502136e-01
1.699005514383316040e-01
1.193001493811607361e-01
1.495855599641799927e-01
-1.412277072668075562e-01
-6.295458227396011353e-02
7.925327867269515991e-03
2.796219289302825928e-01
-1.256782710552215576e-01
2.107650041580200195e-01
1.507429182529449463e-01
-5.395603179931640625e-02
1.347309201955795288e-01
3.911291435360908508e-02
-2.428144030272960663e-02
2.148010581731796265e-02
6.557685881853103638e-02
-2.969762869179248810e-02
7.588457316160202026e-03
-1.896388083696365356e-01
-1.124818399548530579e-01
-1.247268393635749817e-01
3.847470879554748535e-02
-1.847207248210906982e-01
-2.025863379240036011e-01
-2.463875412940979004e-01
-9.872966259717941284e-02
-1.792041063308715820e-01
-1.537367850542068481e-01
-5.328303948044776917e-02
-4.644007608294487000e-02
-3.542543575167655945e-02
-4.389187321066856384e-02
-8.471805602312088013e-02
-3.320419788360595703e-02
-9.728950262069702148e-02
-1.415549218654632568e-01
-5.144617706537246704e-02
-1.238531395792961121e-01
-1.591296643018722534e-01
-5.401755869388580322e-02
-3.859371691942214966e-02
5.641720071434974670e-02
7.300369441509246826e-02
-1.266807913780212402e-01
1.185900345444679260e-01
1.331003308296203613e-01
-1.329174935817718506e-01
-4.027725011110305786e-02
-1.222414057701826096e-02
2.351385354995727539e-02
-5.775105208158493042e-02
-8.333454281091690063e-02
3.194575011730194092e-02
-1.043484359979629517e-01
1.482056826353073120e-01
3.846773877739906311e-02
1.064470857381820679e-01
1.767219901084899902e-01
-1.629270240664482117e-02
-4.755261819809675217e-03
-4.223208874464035034e-02
-2.342469617724418640e-02
-1.148202363401651382e-02
-2.628504857420921326e-02
-1.114068832248449326e-02
-1.941277459263801575e-02
-1.991526782512664795e-02
3.777825273573398590e-03
-1.177428383380174637e-02
8.363113738596439362e-03
-4.249263182282447815e-02
-2.705573861021548510e-04
-3.550120443105697632e-02
-4.627783596515655518e-02
-2.919525839388370514e-02
-3.996119275689125061e-02
-2.276123687624931335e-02
-4.284168407320976257e-02
-2.256952226161956787e-02
-1.689613424241542816e-02
-4.831918329000473022e-02
-2.439656853675842285e-02
2.381223812699317932e-02
-9.882567450404167175e-03
-7.308152271434664726e-04
-4.037213046103715897e-03
-2.354799956083297729e-02
-3.119546547532081604e-02
-8.831297047436237335e-03
-3.002816997468471527e-02
-1.122705824673175812e-02
-3.630444407463073730e-02
-2.757516130805015564e-02
6.153368391096591949e-03
-5.269117653369903564e-02
-1.964918337762355804e-02
-5.842576269060373306e-03
1.079992670565843582e-02
2.299550734460353851e-02
2.710257843136787415e-02
3.961635753512382507e-02
4.825917258858680725e-02
2.795491740107536316e-02
-1.318639796227216721e-02
-7.248683366924524307e-03
-4.207741096615791321e-02
-8.234902285039424896e-03
2.709368709474802017e-03
-3.265887126326560974e-02
3.921860828995704651e-03
9.852152317762374878e-03
-2.553459256887435913e-02
-1.267399080097675323e-02
3.629018086940050125e-03
-1.260366197675466537e-02
1.147635187953710556e-02
3.404415771365165710e-02
2.051513083279132843e-02
-4.277061671018600464e-03
2.238145284354686737e-02
5.585859995335340500e-03
-1.692038960754871368e-02
-9.986861841753125191e-04
-2.257105335593223572e-02
-2.316380664706230164e-02
2.597788721323013306e-02
1.285120937973260880e-02
-5.162626621313393116e-04
-2.473264187574386597e-02
1.017699483782052994e-02
-2.893762476742267609e-02
2.132570929825305939e-02
1.747551187872886658e-02
-1.529948669485747814e-03
5.536356568336486816e-02
6.321978569030761719e-02
-1.430057361721992493e-02
1.147471019066870213e-03
2.269322238862514496e-02
8.161070756614208221e-03
7.958834990859031677e-03
-1.528133265674114227e-02
-7.104083895683288574e-03
-6.493953615427017212e-02
-1.930649019777774811e-02
5.764584988355636597e-02
6.701961904764175415e-02
7.414231076836585999e-03
-5.350178480148315430e-02
-2.431900007650256157e-03
3.736606612801551819e-02
-3.811861202120780945e-02
6.696154363453388214e-03
3.576612100005149841e-02
-1.668784394860267639e-02
3.428746387362480164e-02
4.017372429370880127e-02
8.012993261218070984e-03
-1.711922511458396912e-02
-9.486808441579341888e-03
8.226921199820935726e-04
-5.685420241206884384e-03
2.205345034599304199e-02
1.117016281932592392e-02
-4.123118240386247635e-03
2.260706759989261627e-02
2.865997143089771271e-03
2.029887959361076355e-02
2.994057023897767067e-03
-9.304951876401901245e-03
1.224233582615852356e-02
4.858182277530431747e-03
-8.517554029822349548e-03
7.151841185986995697e-03
1.168011501431465149e-02
4.659868776798248291e-02
3.451370820403099060e-02
3.685478819534182549e-03
5.509881302714347839e-02
4.352734610438346863e-02
1.005902886390686035e-02
3.023352846503257751e-02
1.976162195205688477e-02
-1.311989221721887589e-02
-9.889920242130756378e-03
1.158023905009031296e-02
2.056735381484031677e-02
-1.445256453007459641e-02
-2.193952724337577820e-02
-3.179692104458808899e-02
-4.094161838293075562e-02
-4.287763312458992004e-02
-5.832066759467124939e-02
-1.147270295768976212e-02
1.466923393309116364e-03
-1.926477998495101929e-02
9.334973059594631195e-03
7.156610023230314255e-03
-5.422155559062957764e-02
-4.319417756050825119e-03
-1.877208799123764038e-02
-2.134369499981403351e-02
2.140277773141860962e-01
8.478946238756179810e-02
2.581377699971199036e-02
8.947456628084182739e-02
1.151442527770996094e-01
5.191174522042274475e-02
3.685642033815383911e-02
-3.795254975557327271e-02
2.716912329196929932e-02
-2.898411154747009277e-01
3.343929052352905273e-01
-1.804106980562210083e-01
-1.017046794295310974e-01
1.188343316316604614e-01
1.460214331746101379e-02
-4.546118155121803284e-02
2.246491611003875732e-01
9.122550487518310547e-02
4.076206684112548828e-02
1.537061035633087158e-01
9.154830127954483032e-02
-1.073532104492187500e-01
5.701812356710433960e-02
-1.823754236102104187e-02
-1.112241223454475403e-01
-4.672672972083091736e-02
-8.970972150564193726e-02
3.219089284539222717e-02
6.367978453636169434e-02
-6.409634649753570557e-02
-1.556198298931121826e-01
1.047373488545417786e-01
-1.558152437210083008e-01
2.751836553215980530e-02
-1.100980713963508606e-01
7.311817724257707596e-03
1.182813346385955811e-01
-1.237748116254806519e-01
5.560045316815376282e-02
5.216361582279205322e-02
-8.102956414222717285e-02
-3.660612925887107849e-02
1.148668304085731506e-01
8.944943547248840332e-03
-1.451072692871093750e-01
8.925088681280612946e-03
3.304369375109672546e-02
1.223812624812126160e-01
6.342284381389617920e-02
5.683685187250375748e-03
5.852353293448686600e-03
6.068210676312446594e-02
-6.537672132253646851e-02
8.575780317187309265e-03
-2.132093720138072968e-02
-5.747943068854510784e-04
2.392738126218318939e-02
3.185502812266349792e-02
-1.693172007799148560e-02
6.479908525943756104e-02
-6.888329982757568359e-02
-5.149503424763679504e-02
9.146935492753982544e-02
-2.523440420627593994e-01
-1.410747617483139038e-01
-8.213136345148086548e-02
2.520771324634552002e-01
-3.503700494766235352e-01
1.377092301845550537e-01
4.371973872184753418e-02
-1.165817454457283020e-01
2.367773652076721191e-02
-5.826389044523239136e-02
2.749906852841377258e-02
1.620685122907161713e-02
1.346845775842666626e-01
-6.925300508737564087e-02
8.266930468380451202e-03
1.288170963525772095e-01
8.766948431730270386e-02
1.191717945039272308e-02
-4.893926531076431274e-02
-1.548026800155639648e-01
-2.141896039247512817e-01
-1.366577148437500000e-01
7.993496209383010864e-02
-5.027015507221221924e-02
-1.812071353197097778e-01
-6.681881099939346313e-02
-6.531658023595809937e-02
3.048498034477233887e-01
4.190214350819587708e-02
1.356185972690582275e-02
1.200712993741035461e-01
1.874709725379943848e-01
3.906856849789619446e-02
1.004254519939422607e-01
-1.729012839496135712e-02
-2.999960631132125854e-02
-1.841477602720260620e-01
-8.035824447870254517e-02
-1.335503999143838882e-02
8.399538695812225342e-02
2.319245338439941406e-01
-2.912037670612335205e-01
1.664873063564300537e-01
1.805113554000854492e-01
-1.911002211272716522e-02
-3.519805148243904114e-02
-5.376285407692193985e-03
1.648592650890350342e-01
-1.392126679420471191e-01
-1.462019085884094238e-01
-8.489128667861223221e-04
-1.535438448190689087e-01
-1.562548801302909851e-02
-3.483270108699798584e-02
-1.369385272264480591e-01
-6.031616777181625366e-02
-1.689718514680862427e-01
-1.579383015632629395e-01
-8.248476684093475342e-02
-1.748951822519302368e-01
-9.781514108180999756e-02
-2.671392448246479034e-02
-1.028595715761184692e-01
9.316405653953552246e-02
-1.374275535345077515e-01
-1.672383248805999756e-01
1.010326817631721497e-01
-1.950045377016067505e-01
-2.364431470632553101e-01
-6.048009544610977173e-02
-2.627179622650146484e-01
-3.521141409873962402e-02
4.002159461379051208e-02
6.407610327005386353e-02
1.385459303855895996e-01
9.934069961309432983e-02
-1.566404253244400024e-01
1.047130078077316284e-01
1.783253699541091919e-01
-1.907876282930374146e-01
-2.081249207258224487e-01
-6.624037027359008789e-02
4.557942599058151245e-02
6.426505744457244873e-02
-1.538308523595333099e-02
1.148416176438331604e-01
8.408628404140472412e-02
-1.616247296333312988e-01
-7.234536856412887573e-02
6.071326136589050293e-02
-6.305237114429473877e-02
2.092256546020507812e-01
-2.844637930393218994e-01
8.497077040374279022e-03
-7.195882499217987061e-02
5.372072011232376099e-02
5.294261500239372253e-02
-2.097144164144992828e-02
-7.053001970052719116e-02
1.874725706875324249e-02
-4.609133675694465637e-02
-9.268797934055328369e-02
1.527506411075592041e-01
1.954072900116443634e-02
-1.201259866356849670e-01
1.388341039419174194e-01
-6.405542790889739990e-02
-2.701053917407989502e-01
2.485467791557312012e-01
2.936856150627136230e-01
4.889824241399765015e-02
5.949569121003150940e-02
2.180406153202056885e-01
1.087492853403091431e-01
1.045181974768638611e-02
1.373815834522247314e-01
1.529076099395751953e-01
5.573028698563575745e-02
-1.371876150369644165e-01
3.083790652453899384e-02
-1.259174495935440063e-01
-2.154700607061386108e-01
-6.873105466365814209e-02
-6.922523677349090576e-02
-8.070981502532958984e-02
-2.415915206074714661e-02
-8.529829233884811401e-02
-8.332845568656921387e-02
-9.164031594991683960e-02
9.274420887231826782e-02
1.013100743293762207e-01
-9.930804371833801270e-02
-8.109822124242782593e-02
-2.496745809912681580e-02
1.024014726281166077e-01
3.935934230685234070e-02
-5.570481717586517334e-02
-1.721332073211669922e-01
3.011684119701385498e-02
-1.743720024824142456e-01
-3.263867925852537155e-03
3.420745581388473511e-02
6.163098849356174469e-03
1.061412543058395386e-01
-7.202918827533721924e-02
1.168450042605400085e-01
-5.143339186906814575e-02
1.823567748069763184e-01
-3.126640915870666504e-01
1.342208534479141235e-01
-1.447117328643798828e-01
-1.214549317955970764e-01
-4.958299174904823303e-02
1.442119926214218140e-01
1.471018046140670776e-01
-3.532902896404266357e-02
-1.310996413230895996e-01
-2.178872376680374146e-01
-1.045161206275224686e-02
2.230852097272872925e-01
2.182281017303466797e-01
-1.324904989451169968e-02
-1.452841907739639282e-01
-2.072604298591613770e-01
-5.530178546905517578e-02
6.475535780191421509e-02
3.573416769504547119e-01
-7.289983332157135010e-02
-9.147160500288009644e-02
-1.636981070041656494e-01
7.699692621827125549e-03
-5.810410249978303909e-03
-1.052747145295143127e-01
-7.071429491043090820e-02
1.839848011732101440e-01
-1.778946816921234131e-02
-2.712737023830413818e-01
7.574509829282760620e-02
-7.428781688213348389e-02
7.853289693593978882e-02
-5.810747295618057251e-02
-3.122720308601856232e-02
-1.019387766718864441e-01
-3.654702380299568176e-02
-2.193111628293991089e-01
-7.888849079608917236e-02
-7.719656080007553101e-02
1.539926081895828247e-01
9.670588374137878418e-02
6.837602704763412476e-02
1.262730807065963745e-01
1.505874395370483398e-01
1.123439054936170578e-02
5.185902118682861328e-02
1.203639060258865356e-01
-2.668756060302257538e-02
-1.224709674715995789e-02
-6.140907108783721924e-02
-1.745217740535736084e-01
-1.960799545049667358e-01
-8.743754588067531586e-03
-2.553362846374511719e-01
-2.578591108322143555e-01
-3.987942636013031006e-02
-2.530883848667144775e-01
-2.822586596012115479e-01
-5.397043749690055847e-02
-2.387289330363273621e-02
-1.165070459246635437e-01
-1.038530394434928894e-01
-1.342230588197708130e-01
-3.094791769981384277e-01
-1.759978830814361572e-01
-4.992812573909759521e-01
-2.318190783262252808e-01
2.910607308149337769e-02
3.715147450566291809e-02
-6.956011056900024414e-02
-9.616402536630630493e-02
-1.542364358901977539e-01
1.693693995475769043e-01
3.797973990440368652e-01
1.261677891016006470e-01
7.610953599214553833e-02
-6.876644492149353027e-02
8.892328478395938873e-03
5.241705849766731262e-02
2.894058823585510254e-02
4.066118225455284119e-02
7.053765654563903809e-02
2.044225484132766724e-02
2.576041594147682190e-02
4.779652133584022522e-02
1.749493926763534546e-02
8.167708292603492737e-03
3.164247423410415649e-02
9.417444816790521145e-04
1.319110114127397537e-02
-3.862540796399116516e-02
-2.502303011715412140e-02
2.877425961196422577e-02
2.287403121590614319e-02
1.426842808723449707e-02
4.831994697451591492e-02
1.938254013657569885e-02
2.234880067408084869e-02
1.883294992148876190e-02
-1.066084299236536026e-02
-6.512338761240243912e-03
2.633928880095481873e-02
-1.771764084696769714e-02
-1.493978314101696014e-02
-1.199229061603546143e-02
8.907785639166831970e-03
-1.695458777248859406e-02
1.846942119300365448e-02
5.036774277687072754e-02
-8.341649547219276428e-03
7.191108912229537964e-02
4.384981468319892883e-02
-9.172796271741390228e-03
-2.743390016257762909e-02
-8.310136385262012482e-03
4.455616697669029236e-03
-1.843358762562274933e-02
1.122679444961249828e-03
-2.960106823593378067e-03
-1.444096118211746216e-02
1.547761075198650360e-02
-1.873483764939010143e-03
-1.074383966624736786e-02
-1.576565951108932495e-02
-8.737819269299507141e-03
-1.052505150437355042e-02
-7.210656069219112396e-03
-1.706602424383163452e-02
3.317610919475555420e-02
3.943621367216110229e-02
3.450580313801765442e-02
-1.700310409069061279e-02
-1.818529330193996429e-02
-4.206589981913566589e-02
2.138846175512298942e-04
-2.996582537889480591e-02
-5.037945508956909180e-02
2.063139341771602631e-02
3.460707515478134155e-02
1.156185194849967957e-02
-1.043204218149185181e-02
-4.085578490048646927e-03
-1.369789615273475647e-02
2.307931706309318542e-02
-6.782607175409793854e-03
-1.700493134558200836e-02
-2.291096141561865807e-03
-1.670490764081478119e-02
-5.626055411994457245e-03
5.853805318474769592e-02
5.331478267908096313e-02
3.781213983893394470e-02
-6.473565008491277695e-03
-4.801724851131439209e-02
-4.786355793476104736e-02
3.619175031781196594e-02
1.050583086907863617e-02
2.415614388883113861e-02
-3.768400475382804871e-02
-3.367204219102859497e-02
-4.203870147466659546e-02
1.050554029643535614e-02
2.763860300183296204e-02
1.828540116548538208e-02
-7.080351002514362335e-03
-6.212217733263969421e-03
-2.062546089291572571e-02
-8.574721403419971466e-03
-3.379239886999130249e-02
-2.400943636894226074e-02
2.436770498752593994e-02
2.673175558447837830e-02
3.073274902999401093e-02
1.390619017183780670e-02
1.875863410532474518e-02
1.736218482255935669e-02
-4.776183515787124634e-03
-5.351875908672809601e-03
-3.235368803143501282e-02
-7.730269804596900940e-03
-9.071539156138896942e-03
-3.721173107624053955e-02
3.431926714256405830e-03
2.609276957809925079e-02
2.598073892295360565e-02
-6.342698633670806885e-02
-2.037819288671016693e-02
-8.103156462311744690e-03
-5.165588483214378357e-02
-5.053935572504997253e-03
1.415308658033609390e-02
-4.014364257454872131e-02
1.196395885199308395e-02
4.885934665799140930e-02
2.807920053601264954e-02
2.908406779170036316e-02
3.029092447832226753e-03
-1.296569779515266418e-02
-1.510337553918361664e-02
-3.692430630326271057e-02
-3.606053069233894348e-02
-3.453126549720764160e-02
-5.904532223939895630e-02
9.853524155914783478e-03
-4.445825889706611633e-02
-8.382926136255264282e-02
6.589824333786964417e-03
-2.271235920488834381e-02
-3.064647503197193146e-02
-7.331199012696743011e-03
-2.998573519289493561e-02
-6.162239238619804382e-03
-1.821295707486569881e-03
5.730962147936224937e-04
-2.287419885396957397e-02
4.390219226479530334e-03
-8.129862137138843536e-03
2.886162884533405304e-02
2.692990750074386597e-02
3.525630757212638855e-02
2.563482336699962616e-02
-9.285686165094375610e-02
5.765474215149879456e-02
2.039405703544616699e-01
-2.771347388625144958e-02
1.956519335508346558e-01
1.672294139862060547e-01
3.781272331252694130e-03
1.249634847044944763e-01
-1.302502118051052094e-02
4.351305961608886719e-02
-4.278788343071937561e-02
2.811510860919952393e-02
8.723892271518707275e-03
2.457294799387454987e-02
-2.093070745468139648e-01
1.163047626614570618e-01
3.684175014495849609e-02
-4.776535555720329285e-02
6.018400192260742188e-02
1.355046331882476807e-01
2.209497429430484772e-02
1.341627836227416992e-01
6.046064570546150208e-02
-7.068144530057907104e-02
8.201231807470321655e-02
-2.548786252737045288e-02
-1.102289855480194092e-01
-1.174735371023416519e-02
-4.181179031729698181e-02
-2.244572527706623077e-02
-2.813987731933593750e-01
-1.263944506645202637e-01
-9.279022365808486938e-02
-2.479088008403778076e-01
-5.732525140047073364e-02
-2.827821299433708191e-03
-1.132661625742912292e-01
1.043363809585571289e-01
1.454516500234603882e-01
1.077361404895782471e-01
2.638243436813354492e-01
1.209588274359703064e-01
2.729412615299224854e-01
2.076803296804428101e-01
-3.414705023169517517e-02
-1.990173310041427612e-01
-6.858132779598236084e-02
-5.050996318459510803e-03
5.712932720780372620e-02
2.916026711463928223e-01
3.056612610816955566e-01
2.765621244907379150e-01
3.192067444324493408e-01
7.673978805541992188e-02
1.523443311452865601e-01
-3.982513397932052612e-02
-1.640223562717437744e-01
-1.381995901465415955e-02
-1.636310666799545288e-01
-1.402595341205596924e-01
-3.894968330860137939e-02
-3.429858759045600891e-02
1.554258465766906738e-01
-1.659705117344856262e-02
-1.036244407296180725e-01
4.006936773657798767e-02
-5.171566456556320190e-02
-1.010741740465164185e-01
2.987790666520595551e-02
6.351654883474111557e-04
3.534283116459846497e-02
1.773927211761474609e-01
4.011956602334976196e-02
-7.595657557249069214e-02
-4.167231917381286621e-02
2.132225781679153442e-02
-8.109960705041885376e-02
5.579169094562530518e-02
-7.202947139739990234e-02
1.868777791969478130e-03
2.791688963770866394e-02
-1.108678579330444336e-01
1.419861894100904465e-02
1.073592156171798706e-01
5.116934701800346375e-02
1.478129625320434570e-01
3.231782093644142151e-02
7.437722384929656982e-02
9.812593925744295120e-04
-1.395557522773742676e-01
8.874883502721786499e-02
-1.889729313552379608e-02
-1.548991054296493530e-01
-4.597629606723785400e-02
-6.932216137647628784e-02
-7.867262512445449829e-02
-8.655639737844467163e-02
6.176732853055000305e-02
2.263948917388916016e-01
1.243546903133392334e-01
2.869689837098121643e-02
-8.617822825908660889e-02
-4.546228330582380295e-03
-1.717692762613296509e-01
-1.796303838491439819e-01
-4.520776867866516113e-02
-1.783493310213088989e-01
7.949370890855789185e-02
-6.214997172355651855e-02
-3.770800307393074036e-02
9.493191540241241455e-02
1.682412624359130859e-02
2.281713113188743591e-02
5.864201113581657410e-02
1.161422282457351685e-01
5.242067947983741760e-02
-2.011439763009548187e-02
-9.287901967763900757e-02
-6.797083467245101929e-02
-2.404297888278961182e-02
-6.836807727813720703e-02
-4.081065580248832703e-02
3.386323899030685425e-02
-4.708591103553771973e-02
-1.414935942739248276e-02
7.170557230710983276e-02
6.525493413209915161e-02
1.683770269155502319e-01
9.561552107334136963e-02
1.269845068454742432e-01
1.439491808414459229e-01
8.992947638034820557e-03
-5.107792466878890991e-02
8.995247073471546173e-03
9.124868549406528473e-03
-2.712901122868061066e-02
7.372161000967025757e-02
1.246066093444824219e-01
5.648531951010227203e-03
3.033742904663085938e-01
2.356962412595748901e-01
1.168572679162025452e-01
1.669237464666366577e-01
-6.521818041801452637e-02
