-4.230039566755294800e-02
-1.105963662266731262e-01
-1.140712574124336243e-01
-4.948237165808677673e-02
8.943936228752136230e-02
9.620656818151473999e-02
-1.015513949096202850e-02
3.069249168038368225e-02
-2.125534228980541229e-02
4.478065297007560730e-03
-8.230955339968204498e-03
-3.875016048550605774e-02
-3.432026505470275879e-02
-3.582404926419258118e-02
-5.073625966906547546e-02
5.830271169543266296e-02
4.121533036231994629e-02
2.997672557830810547e-02
3.344608470797538757e-02
-2.395976334810256958e-02
-1.002611368894577026e-01
1.373538970947265625e-01
2.582230269908905029e-01
6.512116640806198120e-02
-5.206721276044845581e-02
-2.595583349466323853e-02
-7.002925872802734375e-02
3.079494833946228027e-02
-9.942828677594661713e-03
6.127661466598510742e-02
1.141884699463844299e-01
6.036175042390823364e-02
1.494302507489919662e-02
2.861464023590087891e-02
-4.544356092810630798e-02
-2.441381849348545074e-02
5.487177148461341858e-02
1.021830663084983826e-01
1.260785907506942749e-01
8.501027524471282959e-02
-2.890874072909355164e-02
-6.918122619390487671e-02
-4.806175082921981812e-02
-8.249273151159286499e-02
-2.785810641944408417e-02
7.841732352972030640e-02
-2.762980945408344269e-02
-2.311535365879535675e-02
-5.826615914702415466e-02
3.416806086897850037e-02
7.310466468334197998e-02
-5.002160370349884033e-02
-2.306591533124446869e-02
-5.498227849602699280e-02
1.311335414648056030e-01
2.570815011858940125e-02
9.423468261957168579e-02
-9.815549850463867188e-02
-1.877468079328536987e-01
-1.407852023839950562e-01
6.244379654526710510e-02
-2.786681801080703735e-02
-1.550592575222253799e-02
-2.190779335796833038e-02
1.299170702695846558e-01
-2.272697538137435913e-02
6.121832877397537231e-02
1.261049360036849976e-01
2.025721222162246704e-02
2.349319681525230408e-02
3.360046539455652237e-03
-2.613531239330768585e-02
1.757150590419769287e-01
1.017807945609092712e-01
-9.567910432815551758e-02
-5.940310284495353699e-02
-1.959895193576812744e-01
5.900824069976806641e-02
-7.489912956953048706e-02
7.591659575700759888e-02
3.177571296691894531e-02
1.896850764751434326e-02
-1.176208183169364929e-01
7.799414545297622681e-02
7.832035422325134277e-02
7.219728827476501465e-02
-5.793400853872299194e-02
-1.068534106016159058e-01
1.216996833682060242e-02
6.289525330066680908e-02
-1.752628237009048462e-01
-3.334369659423828125e-01
-3.370109200477600098e-01
-2.963061071932315826e-02
3.790662288665771484e-01
2.046091109514236450e-01
9.119972586631774902e-02
8.195997774600982666e-02
2.691542543470859528e-02
-9.964492917060852051e-02
5.116920173168182373e-02
1.965372860431671143e-01
-1.718458160758018494e-02
-1.284959763288497925e-01
-1.347245424985885620e-01
-1.984544098377227783e-02
4.778974875807762146e-02
-2.325124572962522507e-03
4.194066673517227173e-02
2.684677541255950928e-01
2.068311423063278198e-01
3.065350651741027832e-02
-1.767654344439506531e-02
-3.890131413936614990e-02
-2.291290275752544403e-02
-1.987822502851486206e-01
-1.938321292400360107e-01
-1.536949351429939270e-02
-2.325664460659027100e-02
-4.620906710624694824e-02
-7.168792188167572021e-03
6.091455370187759399e-02
4.016308486461639404e-02
7.478391379117965698e-02
2.466025352478027344e-01
2.502197623252868652e-01
3.588293492794036865e-02
9.260307252407073975e-02
-3.015090944245457649e-03
-1.556765101850032806e-02
-1.758961677551269531e-01
-6.951943039894104004e-02
4.691031575202941895e-02
1.708808727562427521e-02
2.162345126271247864e-02
-5.983521044254302979e-02
-9.021298587322235107e-02
-1.361924707889556885e-01
4.809761419892311096e-02
9.024836122989654541e-02
5.994975939393043518e-02
-8.259247988462448120e-03
-4.995678365230560303e-02
-1.771036535501480103e-02
9.594021737575531006e-02
-1.093020290136337280e-01
-2.204979956150054932e-02
-6.890325993299484253e-02
4.616815596818923950e-02
-1.772426621755585074e-04
-9.093428961932659149e-03
1.803372949361801147e-01
-8.948357775807380676e-03
-7.031056098639965057e-03
3.626771271228790283e-02
9.708819538354873657e-02
-4.099453240633010864e-02
-1.529994304291903973e-03
3.807233273983001709e-02
-4.856047779321670532e-02
-3.240998834371566772e-02
7.646587619092315435e-06
3.802421689033508301e-02
5.658520385622978210e-03
3.715159744024276733e-02
9.484501183032989502e-02
1.385367959737777710e-01
2.788923680782318115e-02
-4.118278250098228455e-02
-4.458550829440355301e-03
-4.695172235369682312e-02
-3.442686051130294800e-03
3.916316851973533630e-02
-4.285634681582450867e-02
-7.996151107363402843e-04
8.918278664350509644e-02
-4.830596968531608582e-02
5.608280003070831299e-02
-3.699941188097000122e-02
-6.647127866744995117e-02
-1.455598473548889160e-01
1.230970583856105804e-02
-6.838823854923248291e-02
3.145290166139602661e-02
-3.130772709846496582e-02
6.168231368064880371e-02
-4.751295223832130432e-02
4.863208159804344177e-02
-6.505028158426284790e-02
-4.673751071095466614e-02
-3.738560527563095093e-02
2.061435766518115997e-02
-1.833503395318984985e-01
6.518749147653579712e-02
8.582852780818939209e-02
-8.212232589721679688e-02
1.044828891754150391e-01
4.594403877854347229e-02
4.588569700717926025e-02
-2.881226241588592529e-01
3.471359983086585999e-02
-2.171356417238712311e-02
-3.751044571399688721e-01
-5.621254071593284607e-02
-2.291547879576683044e-02
-2.919852733612060547e-01
-7.872559130191802979e-03
-1.767854392528533936e-02
-5.593238398432731628e-02
-6.878281384706497192e-02
-3.082011640071868896e-02
-3.673013672232627869e-02
2.253697253763675690e-02
7.896766997873783112e-03
-6.759512424468994141e-02
7.935570180416107178e-02
-8.384730666875839233e-02
-1.296589225530624390e-01
1.670639589428901672e-02
3.339936137199401855e-01
-5.359807610511779785e-01
4.347366988658905029e-01
6.388421356678009033e-02
-1.423839330673217773e-01
9.648398309946060181e-02
4.373096302151679993e-02
8.840658515691757202e-02
-9.764293581247329712e-02
-5.174840986728668213e-02
3.013135194778442383e-01
-3.670335114002227783e-01
3.582128882408142090e-02
1.260982751846313477e-01
-1.660448461771011353e-01
1.229362189769744873e-01
-7.017553597688674927e-02
4.667915403842926025e-02
-7.034905999898910522e-02
1.887035518884658813e-01
-2.392651438713073730e-01
4.088833555579185486e-02
1.107316743582487106e-02
5.884809792041778564e-02
4.998517036437988281e-02
-1.314707845449447632e-01
2.223930135369300842e-02
1.439451277256011963e-01
-2.663474380970001221e-01
2.851394005119800568e-02
4.006882011890411377e-02
-1.338951755315065384e-02
1.005030870437622070e-01
4.785227403044700623e-02
-3.843579441308975220e-02
-5.075598508119583130e-02
1.070058941841125488e-01
-1.242408901453018188e-01
-5.024677887558937073e-02
7.420890033245086670e-02
-1.299413740634918213e-01
1.728297024965286255e-02
4.954927042126655579e-02
3.390728682279586792e-02
5.173690244555473328e-02
2.043936960399150848e-02
7.749147713184356689e-03
-8.180832862854003906e-02
6.884801387786865234e-02
5.932773277163505554e-02
6.095857545733451843e-02
-6.505319476127624512e-02
-1.283194869756698608e-01
-6.649330724030733109e-03
-6.141848117113113403e-02
-1.775893568992614746e-01
2.115205079317092896e-01
-1.232313811779022217e-01
2.156741544604301453e-02
1.164494976401329041e-01
4.238019511103630066e-02
2.929070964455604553e-02
1.724388264119625092e-02
-6.815058644860982895e-03
1.243532896041870117e-01
-2.572316676378250122e-03
5.571841821074485779e-02
5.926447734236717224e-02
-6.357171107083559036e-03
2.343571372330188751e-02
-2.838110029697418213e-01
-6.039544567465782166e-02
1.089754980057477951e-03
-1.600026488304138184e-01
-4.228072240948677063e-02
-1.006725952029228210e-01
9.132908284664154053e-02
1.924213021993637085e-01
5.598149076104164124e-02
5.034581571817398071e-02
3.531422838568687439e-02
1.860992796719074249e-02
2.896636910736560822e-02
2.517251856625080109e-02
-3.956272080540657043e-02
-1.798477210104465485e-02
2.157125063240528107e-02
-1.536294072866439819e-01
-1.304612308740615845e-01
-4.588319361209869385e-02
-1.285942364484071732e-02
-7.474848628044128418e-02
-1.019961386919021606e-01
-3.182591870427131653e-02
-2.886716648936271667e-02
-8.836619555950164795e-02
-9.350354969501495361e-02
-7.672049850225448608e-02
-5.080936849117279053e-02
-1.224751584231853485e-02
4.100208729505538940e-02
-1.206565201282501221e-01
1.880183443427085876e-02
1.069345623254776001e-01
-6.362655013799667358e-02
3.599353134632110596e-02
1.399775892496109009e-01
1.392152756452560425e-01
8.717174082994461060e-02
7.113508880138397217e-02
-1.482315510511398315e-01
1.280666142702102661e-01
1.087517198175191879e-02
3.875995427370071411e-02
3.748217597603797913e-02
2.481601200997829437e-02
9.393448382616043091e-02
1.162160187959671021e-01
1.418219059705734253e-01
7.626680284738540649e-02
-2.292193658649921417e-02
7.882317900657653809e-02
4.162441194057464600e-02
1.440824717283248901e-01
-8.764636702835559845e-03
1.285508424043655396e-01
2.335613407194614410e-02
-1.259880661964416504e-01
-7.518996298313140869e-02
-1.514948159456253052e-01
-1.315564513206481934e-01
-1.696928888559341431e-01
8.015061169862747192e-02
6.934275478124618530e-02
3.021057881414890289e-02
-1.161960810422897339e-01
4.157760366797447205e-02
3.076083958148956299e-02
-3.376600146293640137e-02
-7.909707725048065186e-03
1.511652171611785889e-01
-4.975810647010803223e-03
2.308988943696022034e-02
-4.011295363306999207e-02
-5.824681371450424194e-02
-1.073331311345100403e-01
1.165162399411201477e-01
-7.570306211709976196e-02
-1.863730996847152710e-01
1.178625673055648804e-01
-1.943610236048698425e-02
-1.387401670217514038e-01
-5.583336204290390015e-02
6.866100430488586426e-02
-1.747916042804718018e-01
-3.652143180370330811e-01
7.263829559087753296e-02
2.875784933567047119e-01
-1.388496309518814087e-01
1.929736323654651642e-02
-1.592158526182174683e-01
3.930850327014923096e-02
1.356851495802402496e-02
-1.125017106533050537e-01
-2.998896539211273193e-01
-8.586072921752929688e-02
2.979848086833953857e-01
-1.018674373626708984e-01
-3.560412302613258362e-02
5.302985757589340210e-02
2.394081950187683105e-01
1.717509515583515167e-02
-1.192342564463615417e-01
1.798075735569000244e-01
7.647982984781265259e-02
-1.860619336366653442e-01
-2.140084505081176758e-01
5.657962709665298462e-02
2.475959807634353638e-01
9.882123768329620361e-02
-1.309672594070434570e-01
9.776776283979415894e-02
2.053693830966949463e-01
-5.275068804621696472e-03
-3.358194604516029358e-02
2.060893028974533081e-01
-2.049887031316757202e-01
-1.487103290855884552e-02
5.736619606614112854e-02
-1.606087088584899902e-01
-9.043830446898937225e-03
9.614112786948680878e-03
-3.055883571505546570e-02
-2.389948070049285889e-02
-7.605230808258056641e-02
-1.736457794904708862e-01
3.634218592196702957e-03
7.320462167263031006e-02
3.910375386476516724e-02
1.150907337432727218e-06
1.054204180836677551e-01
1.223830729722976685e-01
-1.151510924100875854e-01
-1.269902288913726807e-01
6.802485883235931396e-02
-6.946191191673278809e-02
-7.511089742183685303e-02
1.419388037174940109e-02
8.382482081651687622e-02
-1.141775283031165600e-03
-8.195307850837707520e-02
7.913687080144882202e-02
8.302108943462371826e-02
-1.263030469417572021e-01
8.005844801664352417e-02
1.414031628519296646e-02
-1.912770569324493408e-01
6.576288491487503052e-02
9.350641816854476929e-02
-8.858898282051086426e-02
-4.117847606539726257e-02
-6.132873147726058960e-02
-3.380131721496582031e-02
-1.410265918821096420e-02
-6.891852244734764099e-03
8.679809980094432831e-03
4.169295728206634521e-02
5.258149281144142151e-02
4.381228983402252197e-02
8.595214784145355225e-02
9.431575983762741089e-02
-7.455613464117050171e-02
-5.090472102165222168e-02
-8.264806121587753296e-02
-7.526303827762603760e-02
-8.773386944085359573e-04
1.576286926865577698e-02
-8.364968001842498779e-03
6.412997376173734665e-03
4.054664447903633118e-02
8.171453140676021576e-03
1.875344105064868927e-02
-4.461234901100397110e-03
-1.440822519361972809e-02
5.840627476572990417e-03
2.319347299635410309e-02
-9.068073704838752747e-03
-7.516135275363922119e-02
4.217952117323875427e-02
2.277308842167258263e-03
6.039985269308090210e-02
-7.255899906158447266e-02
3.745597600936889648e-02
1.089918538928031921e-01
1.162544414401054382e-01
-3.394569456577301025e-02
-6.425030529499053955e-02
4.208644852042198181e-02
6.106935068964958191e-02
9.780418872833251953e-02
-2.100613340735435486e-02
-8.694285526871681213e-03
1.183409690856933594e-01
8.896606974303722382e-03
-3.107112459838390350e-02
3.461192548274993896e-02
-6.670809537172317505e-02
-5.930960550904273987e-02
-4.197327420115470886e-02
-8.740361034870147705e-02
-1.368421763181686401e-01
-1.590256989002227783e-01
-1.697962582111358643e-01
8.438713848590850830e-02
1.390180923044681549e-02
2.319292537868022919e-02
1.703221350908279419e-02
4.024612158536911011e-02
7.841816544532775879e-02
9.488588199019432068e-03
-7.284482009708881378e-03
2.754602767527103424e-02
5.891551822423934937e-02
8.911924064159393311e-02
5.854654684662818909e-02
2.191134728491306305e-02
-1.708790063858032227e-01
4.153539240360260010e-02
8.480096608400344849e-02
-7.415394484996795654e-02
-1.363921314477920532e-01
-6.077701970934867859e-02
1.475446373224258423e-01
-5.508656054735183716e-02
8.767393976449966431e-02
1.200741156935691833e-01
-1.456202715635299683e-01
-9.341560304164886475e-03
1.234459728002548218e-01
6.264232099056243896e-02
-3.360585868358612061e-02
-1.849328540265560150e-02
1.702298820018768311e-01
4.545594751834869385e-02
2.269611805677413940e-01
5.193222686648368835e-02
-2.099040150642395020e-01
2.251831581816077232e-03
4.854338616132736206e-02
-1.714658923447132111e-02
-1.318431943655014038e-01
-4.878804832696914673e-02
1.243430562317371368e-02
-2.405284903943538666e-02
-6.651592999696731567e-02
1.196315698325634003e-02
1.072311699390411377e-01
2.301444858312606812e-02
-7.315148413181304932e-02
6.739849597215652466e-02
-2.894419804215431213e-02
-1.667109429836273193e-01
-2.035736590623855591e-01
-2.199843339622020721e-02
-8.614121377468109131e-02
-2.801854014396667480e-01
-2.018152326345443726e-01
5.277570709586143494e-02
-3.516354784369468689e-02
-3.433303907513618469e-02
9.639337658882141113e-03
1.918715424835681915e-02
2.553153969347476959e-02
-1.379528343677520752e-01
-1.691232323646545410e-01
-1.377370208501815796e-01
-8.423928171396255493e-02
-7.639461010694503784e-02
-3.154648095369338989e-02
-1.286601126194000244e-01
-6.403332203626632690e-02
8.389960974454879761e-02
-5.046988371759653091e-03
-5.608965083956718445e-02
-3.510159626603126526e-02
1.611321121454238892e-01
6.151278316974639893e-02
-7.473189383745193481e-02
5.773326382040977478e-02
5.635115876793861389e-02
2.073771134018898010e-02
-9.502380155026912689e-03
4.416715353727340698e-03
-5.196298286318778992e-02
-4.853629320859909058e-02
2.541518397629261017e-02
1.021186169236898422e-02
-2.051403373479843140e-01
8.301939815282821655e-02
3.795222938060760498e-02
9.771631658077239990e-02
-1.175550371408462524e-01
-8.811812847852706909e-03
1.362597662955522537e-02
-5.070416629314422607e-02
2.305483072996139526e-02
-4.874231293797492981e-02
-4.941575601696968079e-02
-3.182267770171165466e-02
4.490348696708679199e-02
-1.453914120793342590e-02
-1.632107072509825230e-03
4.033607617020606995e-02
3.589708358049392700e-02
1.978210732340812683e-02
-3.671507164835929871e-02
2.441484928131103516e-01
-1.281398087739944458e-01
7.120003551244735718e-02
-9.026568382978439331e-02
-8.417888730764389038e-02
-7.739853113889694214e-02
-1.999323867494240403e-04
4.276150371879339218e-03
2.897429093718528748e-02
1.693497970700263977e-02
1.942450180649757385e-02
7.957232743501663208e-02
1.715712621808052063e-02
1.235341951251029968e-01
-7.066862192004919052e-03
5.417436361312866211e-02
-2.559031732380390167e-02
1.902244985103607178e-01
-3.863242641091346741e-02
7.754822075366973877e-02
-8.689237385988235474e-02
1.031955406069755554e-01
-1.769349211826920509e-03
1.772323101758956909e-01
-1.719100028276443481e-01
-2.441925741732120514e-02
-1.207154765725135803e-01
7.608569413423538208e-02
1.786092668771743774e-01
1.619651168584823608e-01
-4.144482314586639404e-02
8.465576916933059692e-02
-1.210951581597328186e-01
-9.138291701674461365e-03
-1.723504811525344849e-02
-8.769220858812332153e-02
-1.313485391438007355e-02
-8.466151356697082520e-02
1.336684674024581909e-01
1.745969057083129883e-01
1.582847088575363159e-01
-1.012142822146415710e-01
-8.374137431383132935e-02
-9.291955083608627319e-02
-7.202972471714019775e-02
-7.745642960071563721e-02
-7.710487395524978638e-02
-7.959999144077301025e-02
-3.785468265414237976e-02
-9.824606776237487793e-02
-3.894211724400520325e-02
7.138153165578842163e-02
-1.818621158599853516e-01
-1.242155791260302067e-03
-5.298401042819023132e-02
1.159928888082504272e-01
-9.940746426582336426e-02
4.677416384220123291e-01
-1.233571022748947144e-01
1.943811029195785522e-01
-3.880493640899658203e-01
3.049452900886535645e-01
1.737468875944614410e-02
7.110984530299901962e-03
-1.247686371207237244e-01
-8.483099937438964844e-02
-1.036406755447387695e-01
3.120617270469665527e-01
1.888682693243026733e-02
1.821351200342178345e-01
-2.612330913543701172e-01
-4.828703776001930237e-02
4.547448158264160156e-01
-6.762699037790298462e-02
-1.849085837602615356e-02
-5.919873714447021484e-01
-1.663835495710372925e-01
-7.457339763641357422e-02
6.390009522438049316e-01
-9.776277467608451843e-03
4.949852079153060913e-02
4.294410347938537598e-02
-5.529163032770156860e-02
-8.775696903467178345e-02
-4.547355696558952332e-02
-1.191722080111503601e-01
1.396987438201904297e-01
-2.257898002862930298e-01
4.225988406687974930e-03
-2.568579614162445068e-01
-2.221203893423080444e-01
-1.515754014253616333e-01
-1.904650479555130005e-01
1.281308233737945557e-01
-1.259161829948425293e-01
1.329143345355987549e-01
-2.364305080845952034e-03
6.147732585668563843e-02
3.500252589583396912e-02
-1.326747536659240723e-01
4.591942299157381058e-03
-2.296256721019744873e-01
-2.776509225368499756e-01
-1.870339065790176392e-01
-1.594969928264617920e-01
1.256680041551589966e-01
-2.032173275947570801e-01
-1.894589886069297791e-02
-1.648023277521133423e-01
-5.046141520142555237e-02
-3.567526349797844887e-03
1.969215273857116699e-01
-4.462132230401039124e-02
-1.311221867799758911e-01
-1.987526565790176392e-01
1.573347747325897217e-01
-7.139268517494201660e-02
2.167487144470214844e-01
1.608962006866931915e-02
1.218143552541732788e-01
1.262710541486740112e-01
-4.736948292702436447e-03
-2.334605753421783447e-01
8.207816630601882935e-02
4.798434674739837646e-02
-8.677387982606887817e-02
-8.140097558498382568e-02
-7.861428707838058472e-02
-3.478994965553283691e-02
1.008290201425552368e-01
1.582855731248855591e-01
-2.227704226970672607e-02
1.841703951358795166e-01
2.342380732297897339e-01
7.589487731456756592e-02
6.405244767665863037e-02
4.814073070883750916e-02
3.882344812154769897e-02
3.706496208906173706e-02
2.585556544363498688e-02
3.388759121298789978e-02
4.554193094372749329e-02
4.606905579566955566e-02
2.625907026231288910e-02
4.345681518316268921e-02
-2.831011265516281128e-02
5.467067286372184753e-02
4.740255326032638550e-02
-1.133895199745893478e-02
3.204513713717460632e-02
5.238331854343414307e-02
-2.597263827919960022e-02
-4.005132615566253662e-02
-1.909558661282062531e-02
4.045448731631040573e-03
-4.086170345544815063e-03
-1.803283207118511200e-02
-1.674383878707885742e-02
-8.710400201380252838e-03
-2.006665989756584167e-02
-1.980380527675151825e-02
3.822002559900283813e-02
4.853024706244468689e-02
-7.344541698694229126e-02
4.106062278151512146e-02
4.315571114420890808e-02
-4.647826403379440308e-02
4.206318408250808716e-02
4.983840137720108032e-02
-6.665223091840744019e-02
-1.072708591818809509e-01
7.599397562444210052e-03
3.581916540861129761e-02
-8.792901784181594849e-02
3.519945964217185974e-02
9.943865984678268433e-02
-1.370550692081451416e-01
5.685513839125633240e-03
1.100288331508636475e-01
-2.013939432799816132e-03
-2.033485658466815948e-02
2.459782920777797699e-02
-6.134068593382835388e-03
-4.994470626115798950e-03
1.591946184635162354e-02
-1.688602007925510406e-02
-2.654989995062351227e-02
-3.427971852943301201e-03
4.524489399045705795e-03
3.302516415715217590e-02
1.912699639797210693e-02
-2.642998099327087402e-02
8.326305076479911804e-03
-4.456387832760810852e-03
-1.184926368296146393e-02
1.732775010168552399e-02
7.565334904938936234e-03
4.574042186141014099e-02
1.383582502603530884e-02
4.500252380967140198e-02
-1.858815737068653107e-02
-3.054565191268920898e-02
-1.796671748161315918e-02
-4.721863567829132080e-02
-8.252311497926712036e-02
-9.755315631628036499e-02
1.955224573612213135e-02
-3.755507245659828186e-02
-7.158144563436508179e-02
1.032313928008079529e-01
5.916887521743774414e-02
7.405176875181496143e-04
7.250745594501495361e-02
3.919098898768424988e-02
-3.617036342620849609e-02
-7.583435624837875366e-02
8.892996236681938171e-03
6.261163204908370972e-02
-1.020054370164871216e-01
1.813394390046596527e-02
3.508232161402702332e-02
-5.096543114632368088e-03
4.038944840431213379e-02
3.889656811952590942e-02
8.534270524978637695e-02
4.278593882918357849e-02
3.219691663980484009e-02
3.473798045888543129e-03
-7.478871196508407593e-02
-1.022139415144920349e-01
-6.498103588819503784e-02
-1.536577939987182617e-01
-1.657920628786087036e-01
2.821278385818004608e-02
1.225437521934509277e-01
1.263083815574645996e-01
-2.082270197570323944e-02
-6.052082404494285583e-03
-3.172537684440612793e-02
-1.132961511611938477e-01
-1.090548858046531677e-01
-1.577693372964859009e-01
-4.054608568549156189e-02
-4.144171252846717834e-02
-3.169608488678932190e-02
-4.682991129811853170e-04
-1.012831274420022964e-02
-1.480503752827644348e-02
2.981275506317615509e-02
3.579539805650711060e-02
5.542641505599021912e-02
-4.501453787088394165e-02
1.524705346673727036e-02
1.721007400192320347e-03
-3.189724404364824295e-03
2.781750448048114777e-02
-3.127341344952583313e-02
2.912427484989166260e-02
4.848532378673553467e-02
-1.351834856905043125e-03
-8.733371645212173462e-02
-4.190592840313911438e-02
3.981332108378410339e-02
-3.280739765614271164e-03
3.453313186764717102e-02
5.759005248546600342e-02
1.869281195104122162e-02
3.783069550991058350e-02
2.868407033383846283e-02
1.180904731154441833e-02
7.676573842763900757e-02
2.858394756913185120e-02
9.971071034669876099e-02
7.003071159124374390e-02
6.765308231115341187e-02
1.417097300291061401e-01
5.312538146972656250e-02
5.325141921639442444e-02
-7.701862603425979614e-02
-4.810500890016555786e-02
-7.498344033956527710e-02
-5.024825036525726318e-02
-3.536787256598472595e-02
-4.920001700520515442e-02
-3.533770889043807983e-02
-1.634950377047061920e-02
-2.801446616649627686e-02
-4.468264430761337280e-02
6.624517962336540222e-03
-7.430405914783477783e-02
2.289319038391113281e-02
7.083244621753692627e-03
-2.078693173825740814e-02
7.111059129238128662e-02
7.219012826681137085e-02
2.893976308405399323e-02
7.713210582733154297e-02
2.357773296535015106e-02
1.225954387336969376e-02
2.782363072037696838e-02
-2.236047387123107910e-02
4.954935610294342041e-02
1.919928193092346191e-02
-1.601800322532653809e-02
4.377567768096923828e-02
1.314509958028793335e-01
3.116929531097412109e-01
3.065941333770751953e-01
-1.166461929678916931e-01
1.278788596391677856e-01
3.076135218143463135e-01
-2.458459436893463135e-01
-4.710177704691886902e-02
1.321376860141754150e-01
-2.135409228503704071e-02
-5.198143795132637024e-02
-1.190369874238967896e-01
2.044446207582950592e-02
1.500900927931070328e-02
-8.184715360403060913e-02
7.941037416458129883e-02
3.716982528567314148e-02
-6.291310489177703857e-02
-5.274631083011627197e-02
3.869719803333282471e-02
-7.994560897350311279e-02
-1.114825252443552017e-02
7.826910912990570068e-02
-1.618379727005958557e-02
-3.519341722130775452e-02
2.823809534311294556e-02
-4.873504862189292908e-02
9.990900754928588867e-02
1.852948777377605438e-02
-1.912558823823928833e-02
1.293443739414215088e-01
3.714423254132270813e-02
-4.370253533124923706e-03
7.915630936622619629e-03
1.583786495029926300e-02
-9.320527315139770508e-03
8.179087191820144653e-02
-2.685257978737354279e-02
7.669340819120407104e-02
8.406335860490798950e-02
8.375731110572814941e-02
-4.863456636667251587e-02
-5.192897468805313110e-02
1.361829340457916260e-01
7.131813466548919678e-02
3.931316081434488297e-03
-2.148374170064926147e-02
3.038978390395641327e-02
-3.542872518301010132e-02
-3.290407359600067139e-02
4.252453148365020752e-02
9.866842627525329590e-02
-2.958316169679164886e-02
5.458850041031837463e-02
-5.806908756494522095e-02
-6.388864666223526001e-02
7.181143015623092651e-02
1.734892278909683228e-02
1.988328149309381843e-04
-1.184466853737831116e-02
5.520340055227279663e-03
-8.023333549499511719e-02
-5.776626244187355042e-02
-1.561452746391296387e-01
-1.735970675945281982e-01
-5.825263261795043945e-02
-1.753745079040527344e-01
-1.110258400440216064e-01
-7.340613752603530884e-02
-8.221016079187393188e-02
4.049924202263355255e-03
-3.397281467914581299e-02
5.914367735385894775e-03
-9.070327877998352051e-02
-4.553630948066711426e-02
9.023474529385566711e-03
-3.811174258589744568e-02
-6.640525162220001221e-02
5.219251662492752075e-02
3.253204748034477234e-02
1.340733561664819717e-02
5.286617204546928406e-02
-2.170941978693008423e-02
-1.386532038450241089e-01
-1.522074732929468155e-02
-6.587351858615875244e-02
-7.626386731863021851e-02
-2.750373817980289459e-02
-5.291947349905967712e-02
-7.474140822887420654e-02
-1.212423294782638550e-02
1.916083134710788727e-02
1.065522953867912292e-01
-1.048428565263748169e-01
-6.770594418048858643e-02
1.000481918454170227e-01
-9.381529688835144043e-02
-6.149615719914436340e-02
7.817375659942626953e-02
4.318482056260108948e-02
-3.467138856649398804e-03
-4.700042307376861572e-02
7.443431019783020020e-02
7.655241340398788452e-02
-2.091718837618827820e-02
4.603046923875808716e-02
1.119119953364133835e-02
1.771448180079460144e-02
-3.956790640950202942e-02
-1.198393404483795166e-01
-7.147420197725296021e-02
-2.816788293421268463e-02
-8.074150979518890381e-02
-7.732800394296646118e-02
-6.344744935631752014e-03
-1.104267388582229614e-01
-1.407479215413331985e-02
-5.871188268065452576e-02
-1.043258532881736755e-01
-1.226186081767082214e-01
-9.239335358142852783e-02
-1.052100285887718201e-01
-1.148925274610519409e-01
-7.092645764350891113e-02
-6.162938103079795837e-02
-6.623983383178710938e-02
1.323665212839841843e-02
5.948286037892103195e-03
-3.589924424886703491e-02
8.111881464719772339e-02
1.676892340183258057e-01
3.581798635423183441e-03
-6.077542901039123535e-03
7.890866696834564209e-02
-2.036004699766635895e-02
1.499645709991455078e-01
5.907109752297401428e-02
-8.000159263610839844e-02
7.131220400333404541e-02
-5.199581384658813477e-02
-1.600295007228851318e-01
-6.562557071447372437e-02
-2.080962061882019043e-01
-2.411604374647140503e-01
-1.326342821121215820e-01
1.561457663774490356e-01
3.582917451858520508e-01
-3.496466279029846191e-01
-1.160354167222976685e-01
3.506679534912109375e-01
-3.644877076148986816e-01
-3.210183084011077881e-01
8.293757587671279907e-02
2.057838886976242065e-01
3.374453634023666382e-02
-8.854706585407257080e-02
2.855149209499359131e-01
3.285759128630161285e-03
-2.434637844562530518e-01
1.478697359561920166e-01
-2.962588891386985779e-02
-1.673504412174224854e-01
1.043462473899126053e-02
-9.291785210371017456e-02
-3.511149063706398010e-02
4.359224811196327209e-02
-5.185458436608314514e-02
7.361243944615125656e-03
2.377501130104064941e-02
-8.843039721250534058e-02
-5.318782851099967957e-02
-2.604334428906440735e-02
-4.777176678180694580e-02
-1.479649543762207031e-01
1.100422516465187073e-01
9.184917807579040527e-02
-3.408981114625930786e-02
2.763255126774311066e-02
5.123964324593544006e-02
4.794435203075408936e-02
1.208418980240821838e-02
-3.781603649258613586e-02
-9.887719899415969849e-02
2.894174866378307343e-02
6.044649332761764526e-02
6.765913218259811401e-02
-1.434246003627777100e-01
-2.934740856289863586e-03
9.150757640600204468e-02
1.124166697263717651e-02
5.706933885812759399e-02
5.487853288650512695e-02
4.761873185634613037e-02
1.292966008186340332e-01
4.741920158267021179e-02
5.357786267995834351e-02
6.119948253035545349e-02
-6.884226948022842407e-02
4.727745428681373596e-02
5.025314539670944214e-02
-2.847885154187679291e-02
-2.912028459832072258e-03
-1.451202295720577240e-02
-1.394342184066772461e-01
8.575034886598587036e-02
6.910603493452072144e-02
-2.302245236933231354e-02
-2.561767697334289551e-01
-2.606247067451477051e-01
-2.605437859892845154e-02
-1.220611557364463806e-01
-1.070422381162643433e-01
8.513855189085006714e-02
1.332379877567291260e-01
3.135578036308288574e-01
3.115965127944946289e-01
-3.307411447167396545e-02
5.885313265025615692e-03
-1.380158495157957077e-02
9.002973884344100952e-02
8.862823992967605591e-02
4.601930454373359680e-02
7.598805427551269531e-02
7.856733351945877075e-02
1.555381994694471359e-02
6.041367724537849426e-02
4.949780553579330444e-02
-3.551248088479042053e-02
1.518760155886411667e-02
8.247736841440200806e-02
3.037608042359352112e-02
2.495783567428588867e-02
1.486691385507583618e-01
1.413856744766235352e-01
1.030173972249031067e-01
8.395570516586303711e-02
-4.865103960037231445e-02
2.308935672044754028e-01
-8.256369084119796753e-02
-1.763151735067367554e-01
1.094198040664196014e-02
-2.021478414535522461e-01
-1.600263565778732300e-01
-3.313360735774040222e-02
-8.632117509841918945e-02
-9.756343811750411987e-02
2.253912016749382019e-02
6.894499994814395905e-03
-5.211601778864860535e-02
7.197001948952674866e-03
8.520091883838176727e-03
-6.744545698165893555e-02
4.874495789408683777e-02
-1.510388776659965515e-02
-9.199161827564239502e-02
-9.844777174293994904e-03
-7.158759981393814087e-02
-1.810302771627902985e-02
-7.370515912771224976e-02
-7.648680359125137329e-02
-1.339098513126373291e-01
-4.197539296001195908e-03
3.604013472795486450e-02
-6.154198665171861649e-03
5.296360328793525696e-02
8.456174284219741821e-02
3.035092726349830627e-02
2.869781292974948883e-02
5.215854570269584656e-02
2.331022638827562332e-03
8.991292119026184082e-02
1.793811656534671783e-02
-4.332190379500389099e-02
-2.908645756542682648e-02
-1.721930801868438721e-01
-5.668144673109054565e-02
6.533726304769515991e-02
-2.519323863089084625e-02
1.382630132138729095e-02
3.343985229730606079e-02
-1.162168756127357483e-01
-5.936344712972640991e-02
1.793731120415031910e-03
-1.056447625160217285e-02
7.224366813898086548e-02
-6.668458878993988037e-02
5.348741263151168823e-02
1.183721646666526794e-01
-4.175408929586410522e-02
-2.352025508880615234e-01
-1.627043038606643677e-01
1.483234614133834839e-01
1.369654536247253418e-01
5.556157231330871582e-02
9.095559269189834595e-02
2.059115171432495117e-01
-1.234603207558393478e-02
-1.043188273906707764e-01
-1.586333066225051880e-01
-8.015533536672592163e-02
-1.923890411853790283e-02
3.540747612714767456e-02
7.122511416673660278e-02
5.710309371352195740e-02
2.476964443922042847e-01
1.555477827787399292e-01
-6.497923284769058228e-02
-1.612163521349430084e-02
-5.509106442332267761e-02
1.929175225086510181e-03
4.579294472932815552e-02
2.800909243524074554e-02
-2.208824083209037781e-02
2.849737368524074554e-02
-2.578333020210266113e-02
9.861174225807189941e-02
1.062623560428619385e-01
1.887267976999282837e-01
1.052944064140319824e-01
9.510076045989990234e-02
1.182622835040092468e-01
7.720917463302612305e-02
6.843806803226470947e-02
7.146692276000976562e-02
-4.356197640299797058e-02
5.376124382019042969e-02
1.119082942605018616e-01
1.528024971485137939e-01
-6.075753644108772278e-02
-2.084182947874069214e-01
1.312739253044128418e-01
-7.695151120424270630e-02
-2.338916361331939697e-01
1.098314113914966583e-02
-1.425664778798818588e-02
-4.538520798087120056e-02
7.384392619132995605e-02
5.510674044489860535e-02
-1.405936549417674541e-03
4.110563918948173523e-02
5.112167075276374817e-02
-5.468606203794479370e-02
2.280649263411760330e-03
5.731639266014099121e-02
2.095961570739746094e-02
-2.225953154265880585e-03
-8.258553594350814819e-02
9.424857795238494873e-03
1.192165538668632507e-01
2.613224461674690247e-02
3.386498987674713135e-02
2.775185555219650269e-02
1.252715438604354858e-01
3.085691854357719421e-02
-8.456667512655258179e-02
1.502638012170791626e-01
2.100440710783004761e-01
-1.687633544206619263e-01
7.804798427969217300e-03
6.120061501860618591e-02
-6.986609846353530884e-02
6.090314127504825592e-03
-9.813833050429821014e-03
1.440021991729736328e-01
1.978554576635360718e-01
1.307193934917449951e-01
7.414480298757553101e-02
3.170244768261909485e-02
-9.974685497581958771e-03
2.262928336858749390e-02
-8.367071300745010376e-02
-9.289970621466636658e-03
6.506874412298202515e-02
-3.132639080286026001e-02
-1.052636802196502686e-01
1.704437844455242157e-02
-1.432337425649166107e-02
-5.104924365878105164e-02
-5.587584152817726135e-02
5.821746215224266052e-02
3.639612346887588501e-02
-3.258037269115447998e-01
3.789663687348365784e-02
3.505181074142456055e-01
-3.332165479660034180e-01
-6.863025575876235962e-02
1.410651803016662598e-01
-3.227335959672927856e-02
1.391571853309869766e-02
5.627112835645675659e-02
1.836355924606323242e-01
-2.776472829282283783e-02
2.976103685796260834e-02
8.223868906497955322e-02
-1.970948505913838744e-04
4.998885840177536011e-02
-2.990002371370792389e-02
-3.517521917819976807e-02
-8.556506782770156860e-02
-6.439971923828125000e-02
-6.007931660860776901e-03
4.677577689290046692e-02
-1.038935855031013489e-01
-2.257681824266910553e-02
1.170834247022867203e-02
1.016161032021045685e-02
1.730246096849441528e-02
2.740021981298923492e-02
-2.150870300829410553e-02
-1.520918402820825577e-02
1.186732319183647633e-03
-1.803348772227764130e-02
-1.592234335839748383e-02
-5.228240042924880981e-04
1.550437445985153317e-04
-2.802008576691150665e-02
3.254343941807746887e-02
4.253571853041648865e-03
2.122289314866065979e-02
1.113262306898832321e-02
1.026952266693115234e-02
-1.630318537354469299e-02
-7.723396271467208862e-02
-9.406302869319915771e-02
-2.728546783328056335e-02
1.392019446939229965e-02
1.828620879678055644e-04
7.017759978771209717e-02
7.832248508930206299e-02
7.606496661901473999e-02
8.014112710952758789e-02
2.526108175516128540e-02
-3.173782303929328918e-02
3.271808847784996033e-02
-5.933094769716262817e-03
1.454187184572219849e-02
1.074471026659011841e-01
4.570889100432395935e-02
4.413224291056394577e-03
-5.260579288005828857e-03
2.593521587550640106e-02
8.031488955020904541e-02
-1.351690106093883514e-02
-4.502947255969047546e-02
-2.806207537651062012e-02
1.483884826302528381e-02
7.643749564886093140e-02
-9.284918755292892456e-02
2.257125079631805420e-02
4.128269478678703308e-02
8.874712884426116943e-02
-2.755157183855772018e-03
-5.878095328807830811e-02
-2.389155700802803040e-02
-7.888331264257431030e-02
-5.509235709905624390e-02
-2.901565283536911011e-02
-8.592656999826431274e-02
-7.412914931774139404e-02
-5.701996386051177979e-02
-1.953177526593208313e-02
-3.638703748583793640e-02
-3.779675345867872238e-03
-1.536248531192541122e-02
-2.881800569593906403e-02
-2.828454039990901947e-02
-9.754352271556854248e-03
6.818383466452360153e-03
8.683864027261734009e-02
4.712691158056259155e-02
-9.500851482152938843e-02
1.787424832582473755e-01
-7.124362140893936157e-02
-1.078415736556053162e-01
9.958980232477188110e-02
-1.239818111062049866e-01
-1.233693491667509079e-02
-7.597758620977401733e-02
-4.656858369708061218e-02
-7.201198954135179520e-03
1.435597091913223267e-01
2.311172783374786377e-01
1.967744231224060059e-01
9.069465845823287964e-02
1.246569007635116577e-01
4.562168940901756287e-02
5.255633965134620667e-02
-7.126403972506523132e-03
-5.271735601127147675e-03
-1.246163100004196167e-01
-3.456212952733039856e-02
4.834878817200660706e-02
-3.269294509664177895e-03
2.551614306867122650e-02
-3.973431885242462158e-02
2.348465472459793091e-02
1.360666565597057343e-02
1.096987398341298103e-03
1.095276400446891785e-01
3.337711468338966370e-02
-3.857526928186416626e-02
4.362071678042411804e-02
-2.273575030267238617e-02
-5.188670009374618530e-02
-9.033454209566116333e-02
5.467410013079643250e-02
6.347494572401046753e-02
3.561429679393768311e-02
3.124547190964221954e-02
-1.220078207552433014e-02
4.677513614296913147e-02
3.139525651931762695e-03
-5.213261395692825317e-02
4.163235053420066833e-02
-1.294366549700498581e-02
-5.231958255171775818e-02
7.201130688190460205e-02
-1.200939994305372238e-02
-4.442360252141952515e-02
-6.315583735704421997e-02
-4.376200959086418152e-02
-1.855583861470222473e-02
1.937849447131156921e-02
9.645786136388778687e-03
-2.043261192739009857e-02
1.501715742051601410e-02
-6.060634553432464600e-02
-1.170365288853645325e-01
1.638625003397464752e-02
2.535962499678134918e-02
-2.745640231296420097e-03
5.610173940658569336e-02
4.206383973360061646e-02
-4.150320962071418762e-02
4.971994832158088684e-02
8.713636547327041626e-02
7.505336403846740723e-02
-1.720024831593036652e-02
5.117567628622055054e-02
7.365073263645172119e-02
-3.647403558716177940e-03
-9.426159411668777466e-02
-5.141518265008926392e-02
-1.232274547219276428e-01
1.371470373123884201e-02
9.725297242403030396e-02
-1.133857369422912598e-01
9.203483909368515015e-02
7.527006417512893677e-02
-7.947642356157302856e-02
-5.640085786581039429e-02
-4.609467461705207825e-02
-7.786022871732711792e-02
-6.827914714813232422e-02
-3.225683048367500305e-02
2.502017840743064880e-02
5.103249847888946533e-02
6.984987854957580566e-02
-1.424451023340225220e-01
8.028662949800491333e-02
2.112506330013275146e-01
-8.137600379996001720e-04
1.967923194169998169e-01
1.153788715600967407e-01
-1.054113060235977173e-01
7.735109329223632812e-02
6.872809678316116333e-02
-9.834416210651397705e-03
5.249537900090217590e-02
1.119905803352594376e-02
9.748024493455886841e-02
1.094372645020484924e-01
-4.076436907052993774e-02
1.104401424527168274e-01
-4.456368833780288696e-02
-1.826112866401672363e-01
-1.789603382349014282e-01
-1.341961696743965149e-02
1.679099053144454956e-01
3.389171138405799866e-02
1.213771924376487732e-01
-1.543598175048828125e-01
-3.321826457977294922e-02
-9.996755421161651611e-02
-1.696078479290008545e-01
-2.242498472332954407e-02
-1.008464768528938293e-01
-6.594990938901901245e-02
-4.929729923605918884e-02
-1.016663946211338043e-02
1.807759404182434082e-01
8.319020271301269531e-02
4.678039625287055969e-02
-2.270267345011234283e-02
-4.986540228128433228e-02
-1.453820019960403442e-01
-1.659015193581581116e-02
-2.853592038154602051e-01
-3.347427546977996826e-01
-1.859776824712753296e-01
4.989264160394668579e-02
-1.090829968452453613e-01
-8.258428424596786499e-03
-9.417177736759185791e-02
-5.999131500720977783e-02
9.890883415937423706e-02
-2.833976596593856812e-02
1.768206246197223663e-02
5.010501295328140259e-02
-7.670577615499496460e-02
-2.491291239857673645e-02
-1.342144608497619629e-01
-2.048104703426361084e-01
1.585646718740463257e-01
-1.490494012832641602e-01
-6.390586495399475098e-03
-2.412541806697845459e-01
-1.040548309683799744e-01
-9.198754094541072845e-03
-2.157496958971023560e-01
4.053956568241119385e-01
3.069602511823177338e-02
-5.688355304300785065e-03
1.272983849048614502e-01
1.868835389614105225e-01
2.838526666164398193e-01
2.990003116428852081e-02
-1.574872992932796478e-02
-8.958195894956588745e-02
-2.383471131324768066e-01
6.811799854040145874e-02
-2.436689138412475586e-01
-5.029419064521789551e-02
-1.791200339794158936e-01
1.151429563760757446e-01
4.137305319309234619e-01
-9.193632751703262329e-02
-3.922168537974357605e-02
-2.558593153953552246e-01
-2.287917397916316986e-02
-1.006808318197727203e-02
3.786793351173400879e-02
2.407549321651458740e-01
-2.889617718756198883e-02
-1.038823053240776062e-01
-5.129975080490112305e-02
-9.441664069890975952e-02
3.398017212748527527e-02
1.085623055696487427e-01
1.907090544700622559e-01
9.745423495769500732e-02
6.618709862232208252e-02
-1.224264428019523621e-01
-3.396852314472198486e-01
1.224483922123908997e-01
-1.322953402996063232e-01
-2.585634589195251465e-01
-2.610263824462890625e-01
-1.190615296363830566e-01
-1.085335314273834229e-01
6.585711985826492310e-02
5.056726932525634766e-02
6.162817776203155518e-02
-7.418458163738250732e-02
-3.462757915258407593e-02
-8.202698826789855957e-02
1.016950532793998718e-01
2.105355113744735718e-01
-5.788967013359069824e-02
2.240040525794029236e-02
-1.404463797807693481e-01
-1.272455006837844849e-01
3.654789179563522339e-02
-1.050333306193351746e-02
1.635842770338058472e-01
-1.120114549994468689e-01
-8.925019949674606323e-02
8.122952654957771301e-03
-1.081029996275901794e-01
-4.896175116300582886e-02
1.476634107530117035e-02
5.577830970287322998e-02
2.827262878417968750e-02
-1.683934032917022705e-01
-3.867519274353981018e-02
-7.208869210444390774e-04
1.351736485958099365e-02
1.994771324098110199e-02
3.231156244874000549e-02
4.401995614171028137e-02
2.762942947447299957e-02
4.592054337263107300e-02
6.013607978820800781e-02
-3.161222487688064575e-02
-2.980026975274085999e-02
-2.717744559049606323e-02
1.637865416705608368e-02
1.684830524027347565e-02
1.852897182106971741e-02
2.711758017539978027e-02
2.857631444931030273e-02
2.806785330176353455e-02
6.755595654249191284e-02
7.905661314725875854e-02
-2.479740977287292480e-02
4.547522962093353271e-02
5.844168737530708313e-02
7.615151698701083660e-04
-7.957012206315994263e-02
-7.135019451379776001e-02
-3.782957792282104492e-02
-5.424643680453300476e-02
-3.050817362964153290e-02
4.443533718585968018e-03
-1.238491293042898178e-02
7.040609605610370636e-03
3.435142710804939270e-02
-4.786073789000511169e-02
-3.013056411873549223e-04
1.323606912046670914e-02
6.968452781438827515e-02
2.587079256772994995e-02
-5.929024145007133484e-02
-2.053359150886535645e-02
-1.492568943649530411e-02
1.038632448762655258e-02
-3.377575427293777466e-02
-4.392422735691070557e-03
5.509073659777641296e-02
-1.379078812897205353e-02
5.484126135706901550e-02
8.233437687158584595e-02
-2.633172459900379181e-02
-5.824920162558555603e-02
1.226386334747076035e-02
-5.108182877302169800e-02
-1.260762959718704224e-01
-1.067954301834106445e-01
-7.774368673563003540e-02
-4.717643558979034424e-02
-9.586650133132934570e-02
-4.331499338150024414e-02
-1.128013711422681808e-02
-5.878468602895736694e-02
-6.889919936656951904e-02
-3.920964896678924561e-02
-9.386339038610458374e-02
1.525236386805772781e-02
4.658312350511550903e-02
-2.193865366280078888e-02
9.803096204996109009e-02
1.636934280395507812e-01
9.823407232761383057e-02
-6.962242722511291504e-02
-5.963112041354179382e-02
-8.683914691209793091e-02
-4.160855337977409363e-02
-4.298489540815353394e-03
-6.078518182039260864e-02
-2.760241925716400146e-02
1.051378846168518066e-01
-4.693299531936645508e-02
-1.297092996537685394e-02
-5.804146453738212585e-02
-8.591362088918685913e-02
-1.228314731270074844e-02
-2.995917201042175293e-02
2.104653231799602509e-02
-1.122306784964166582e-04
1.280094869434833527e-02
1.090007275342941284e-01
-3.951594606041908264e-02
1.396143692545592785e-03
1.671045832335948944e-02
-4.021389037370681763e-02
4.310887306928634644e-02
7.345952093601226807e-02
2.037990838289260864e-02
-3.575168177485466003e-02
-5.002784077078104019e-03
-7.942228019237518311e-02
1.188845932483673096e-02
-3.898543864488601685e-02
4.447626695036888123e-02
2.114290744066238403e-02
2.442882210016250610e-02
-7.927028834819793701e-02
-1.313957870006561279e-01
-7.950804382562637329e-02
-1.008391901850700378e-01
-1.118703708052635193e-01
-2.669090032577514648e-02
-7.096819579601287842e-02
-1.832644268870353699e-02
5.322142504155635834e-03
-2.256137505173683167e-02
2.961003221571445465e-02
1.328911725431680679e-02
7.055446505546569824e-02
9.367363899946212769e-02
6.912904977798461914e-02
8.993887901306152344e-02
1.135732382535934448e-01
7.071087509393692017e-02
1.019524112343788147e-01
1.664490252733230591e-01
1.513795405626296997e-01
5.148302298039197922e-03
2.699858322739601135e-02
4.599608853459358215e-02
-8.357475511729717255e-03
-2.014019154012203217e-02
-1.281936764717102051e-01
9.612620621919631958e-02
8.443951606750488281e-02
-5.664812400937080383e-02
3.730932623147964478e-02
5.947372689843177795e-02
9.204805642366409302e-02
-5.435471609234809875e-02
2.483562752604484558e-02
-2.647561393678188324e-02
2.711228840053081512e-02
5.126346647739410400e-02
8.626053109765052795e-03
-3.134102374315261841e-02
-5.181788653135299683e-02
-7.356932759284973145e-02
1.687321998178958893e-02
-1.541947014629840851e-02
-5.532183125615119934e-02
-4.085632041096687317e-02
6.302095204591751099e-02
-1.220707688480615616e-02
-1.174947917461395264e-01
8.746300637722015381e-02
-6.303245574235916138e-02
-1.509382762014865875e-02
-7.124932482838630676e-03
2.285715565085411072e-02
-1.034457236528396606e-02
-3.909991937689483166e-05
2.749390341341495514e-02
-2.139923349022865295e-02
-1.469616498798131943e-02
1.114864088594913483e-02
-3.678274108096957207e-03
-2.199404686689376831e-02
-3.258939459919929504e-02
4.790796712040901184e-02
1.649482920765876770e-02
-4.938524961471557617e-02
-5.937424302101135254e-02
-5.253675580024719238e-02
-6.352516263723373413e-02
-2.757323905825614929e-02
6.016385555267333984e-02
-9.763056039810180664e-02
-4.617991670966148376e-02
8.061973750591278076e-02
-1.081316173076629639e-01
8.647108450531959534e-03
6.791844964027404785e-02
-9.218312054872512817e-02
-5.621882900595664978e-02
-3.764473134651780128e-03
-8.596577495336532593e-02
3.990195225924253464e-03
-8.923540264368057251e-02
-1.655450323596596718e-03
9.292089939117431641e-02
-7.775349915027618408e-02
7.558112591505050659e-02
2.259716577827930450e-02
-2.677438221871852875e-02
-5.270137451589107513e-03
-4.743099585175514221e-02
-3.448642417788505554e-02
1.055665686726570129e-02
3.973821178078651428e-02
2.375895902514457703e-02
-8.604415692389011383e-03
9.849724359810352325e-03
7.728043943643569946e-02
6.293805688619613647e-02
-1.862381771206855774e-02
7.928912341594696045e-02
5.738108605146408081e-02
6.984399259090423584e-02
1.657902151346206665e-01
1.715410053730010986e-01
2.191924676299095154e-02
-3.419708088040351868e-02
5.431144684553146362e-02
-8.727169595658779144e-03
-1.778606697916984558e-02
-7.405115291476249695e-03
-2.300046011805534363e-02
-5.650089681148529053e-02
-4.424324631690979004e-02
1.192581728100776672e-01
-3.962361067533493042e-02
4.978715628385543823e-02
1.911141574382781982e-01
-2.432312965393066406e-01
2.307567149400711060e-01
-3.078239038586616516e-02
-2.897844016551971436e-01
1.400207877159118652e-01
-1.370444148778915405e-02
-4.035364463925361633e-02
-2.412822395563125610e-01
6.102861091494560242e-02
2.694432735443115234e-01
-1.543899625539779663e-01
7.198958843946456909e-02
1.831052005290985107e-01
-7.030005007982254028e-02
1.286143660545349121e-01
-3.833166509866714478e-02
-3.518388420343399048e-02
-3.400364145636558533e-02
3.895527124404907227e-02
-4.838218167424201965e-02
-1.338639855384826660e-02
3.269784152507781982e-02
-5.337205901741981506e-02
-1.487810164690017700e-02
-1.585624963045120239e-01
7.047779858112335205e-03
1.162519976496696472e-01
-1.367663592100143433e-01
1.004699915647506714e-01
1.975758373737335205e-02
-3.030981495976448059e-02
1.317534148693084717e-01
-8.675853908061981201e-02
-9.963734447956085205e-02
9.046922624111175537e-02
4.205307923257350922e-03
-9.885155409574508667e-02
2.678615786135196686e-02
1.494813263416290283e-01
-8.318564295768737793e-02
4.484937340021133423e-02
2.509602054487913847e-04
2.442325279116630554e-02
1.069513149559497833e-02
-5.014591291546821594e-02
-3.533756360411643982e-02
-8.578334003686904907e-03
-6.946938484907150269e-02
-3.083123080432415009e-02
1.254770159721374512e-02
5.256467312574386597e-02
-6.466960161924362183e-02
-2.318123169243335724e-02
1.368306279182434082e-01
-1.105697602033615112e-01
5.315709114074707031e-02
-8.530224859714508057e-02
-2.858114987611770630e-02
6.710312515497207642e-02
2.981588430702686310e-02
-1.908813789486885071e-02
-6.087473034858703613e-02
4.168841987848281860e-02
2.308996021747589111e-02
-8.847282826900482178e-02
-8.980477228760719299e-03
-7.413056492805480957e-02
-8.151595294475555420e-02
-5.393941700458526611e-02
-2.296314388513565063e-01
-6.815876811742782593e-02
-6.625600159168243408e-02
9.211324155330657959e-02
1.314709987491369247e-02
-3.497402369976043701e-02
5.211147293448448181e-02
6.744477152824401855e-02
3.756570070981979370e-02
4.952100664377212524e-02
5.948754400014877319e-02
-5.540334433317184448e-02
-2.768439054489135742e-02
3.485992085188627243e-03
-5.002447962760925293e-02
-4.163090139627456665e-02
2.607898786664009094e-03
3.756828233599662781e-02
-1.034057587385177612e-01
-4.119445383548736572e-02
-4.568255320191383362e-02
1.405419874936342239e-02
-1.637201383709907532e-02
6.883592158555984497e-02
2.651677466928958893e-02
6.908248364925384521e-02
-3.979421779513359070e-02
5.687981843948364258e-02
3.606014326214790344e-02
-9.184060245752334595e-02
1.002784073352813721e-01
-6.331659108400344849e-02
1.055921893566846848e-02
3.964988514780998230e-02
6.712282449007034302e-02
-5.728466063737869263e-02
2.577718198299407959e-01
3.696617484092712402e-02
8.987869322299957275e-02
-2.327730134129524231e-02
1.882693171501159668e-02
-1.828614026308059692e-01
-1.409645378589630127e-01
2.352223098278045654e-01
-2.208274416625499725e-02
-1.783709274604916573e-03
1.023030728101730347e-01
3.619648888707160950e-02
1.774647086858749390e-01
8.118056505918502808e-02
-7.046803832054138184e-02
3.940771892666816711e-02
-1.476118266582489014e-01
5.343692377209663391e-02
-2.322309017181396484e-01
3.983065858483314514e-02
-7.046572118997573853e-02
-4.324631690979003906e-01
-2.650401890277862549e-01
2.075674980878829956e-01
-1.557300090789794922e-01
1.319879740476608276e-01
-1.067979075014591217e-02
5.532649159431457520e-02
-1.406469196081161499e-01
3.631204739212989807e-02
-1.406263411045074463e-01
-3.824066079687327147e-04
4.335869743954390287e-05
-8.630401641130447388e-02
3.207099810242652893e-02
1.120176762342453003e-01
-8.225489407777786255e-02
-6.711196154356002808e-02
-5.892458185553550720e-02
-1.147780269384384155e-01
4.041808247566223145e-01
-1.077164188027381897e-01
1.036769747734069824e-01
-2.101629525423049927e-01
5.580958351492881775e-02
-2.700713835656642914e-02
-1.691033095121383667e-01
5.156278982758522034e-02
1.370731741189956665e-01
-4.461347758769989014e-01
-1.103077158331871033e-01
8.476359397172927856e-02
-2.460289560258388519e-02
-2.034306526184082031e-01
-2.736506164073944092e-01
-1.234182715415954590e-01
4.322160407900810242e-02
5.812805891036987305e-01
-1.334169507026672363e-01
-8.200354129076004028e-02
-1.062885522842407227e-01
-5.670962855219841003e-02
-1.669180095195770264e-01
-3.341516479849815369e-02
8.058752864599227905e-02
4.162595793604850769e-02
-1.081995069980621338e-01
1.025088578462600708e-01
-7.272514048963785172e-03
6.803457438945770264e-02
-1.341641508042812347e-02
4.808038100600242615e-02
1.735802292823791504e-01
4.510903730988502502e-03
-6.204570084810256958e-02
-1.761968433856964111e-01
7.074967771768569946e-02
-1.330855786800384521e-01
-1.296774446964263916e-01
2.307415381073951721e-02
-5.021852999925613403e-02
-3.453588485717773438e-02
5.444854032248258591e-04
1.340236067771911621e-01
1.431507803499698639e-02
-6.709831953048706055e-02
1.397367417812347412e-01
-1.654490530490875244e-01
-1.675072908401489258e-01
4.672439768910408020e-02
-7.329387217760086060e-02
-7.230888307094573975e-02
1.469338871538639069e-02
1.735478080809116364e-02
1.818079799413681030e-01
2.250281907618045807e-02
3.741122409701347351e-02
-1.288766413927078247e-01
-4.290224239230155945e-02
4.771880805492401123e-02
1.221313476562500000e-01
-8.134303614497184753e-03
1.081756055355072021e-01
9.300173074007034302e-02
1.588919013738632202e-02
2.757248468697071075e-02
5.911229923367500305e-02
1.904388889670372009e-02
-5.593623220920562744e-02
-1.171567514538764954e-01
1.170964352786540985e-02
6.805799156427383423e-02
-2.842836081981658936e-03
5.300226807594299316e-02
1.800898462533950806e-01
5.947220697999000549e-02
-1.263099610805511475e-01
-1.094585508108139038e-01
-1.013076156377792358e-01
-1.025469079613685608e-01
-8.864685893058776855e-02
-7.919035106897354126e-02
-3.938977047801017761e-02
-2.390364930033683777e-02
-7.192163262516260147e-03
-2.116457035299390554e-04
1.451898086816072464e-02
-1.434169411659240723e-01
1.429363340139389038e-01
2.350636571645736694e-01
-5.850258842110633850e-02
1.843315362930297852e-01
1.964398175477981567e-01
-1.264511644840240479e-01
-2.196549810469150543e-02
3.448897600173950195e-02
2.837514504790306091e-02
5.439440533518791199e-02
6.449666619300842285e-02
6.426120549440383911e-02
1.690630614757537842e-02
1.473454758524894714e-02
7.202846556901931763e-02
3.430577740073204041e-02
1.278916001319885254e-01
-4.189604893326759338e-02
-1.955305598676204681e-02
-1.008586511015892029e-01
-5.941730365157127380e-02
4.913713783025741577e-02
-7.250227034091949463e-02
-2.973308786749839783e-02
8.650694042444229126e-02
1.568216234445571899e-01
2.039594650268554688e-01
-8.055564761161804199e-02
-1.309745386242866516e-02
2.070766538381576538e-01
-3.000713288784027100e-01
-2.297967821359634399e-01
5.303853377699851990e-02
3.925484046339988708e-02
3.691358864307403564e-02
2.841128408908843994e-02
-1.542908102273941040e-01
-1.251202076673507690e-01
-1.323275119066238403e-01
-9.574132412672042847e-02
-5.171630159020423889e-02
-7.365339249372482300e-02
1.368905007839202881e-01
2.100100070238113403e-01
-1.604068465530872345e-02
1.233654022216796875e-01
1.359536945819854736e-01
1.346196513622999191e-02
-9.899471700191497803e-02
-1.220248043537139893e-01
-4.794936627149581909e-02
-1.490231901407241821e-01
2.168013714253902435e-03
7.562790811061859131e-02
-1.776920408010482788e-01
8.035495132207870483e-02
3.115778267383575439e-01
-1.867682784795761108e-01
4.166718572378158569e-02
1.582383662462234497e-01
-3.263068571686744690e-02
-7.785113900899887085e-02
-3.390424326062202454e-02
-2.550341561436653137e-02
-1.024911645799875259e-02
1.139000337570905685e-02
-1.114891171455383301e-01
-6.151302903890609741e-02
-5.773817747831344604e-02
-5.631993338465690613e-02
1.190222147852182388e-02
-2.848855033516883850e-02
-1.330887526273727417e-01
6.261244416236877441e-02
4.605988413095474243e-02
2.367001213133335114e-02
8.183372020721435547e-02
3.016556985676288605e-02
3.192183375358581543e-01
1.145255416631698608e-01
1.066306605935096741e-02
3.337218463420867920e-01
-5.104482546448707581e-02
-2.463708370923995972e-01
1.414400935173034668e-01
-5.612714216113090515e-02
-2.126675844192504883e-01
2.469860948622226715e-02
3.083586320281028748e-02
-3.366044955328106880e-03
-1.759783132001757622e-03
-7.086749374866485596e-02
-8.545856177806854248e-02
1.216349657624959946e-03
2.213496901094913483e-02
1.036266144365072250e-02
-7.138337194919586182e-02
-4.318486526608467102e-02
1.798451319336891174e-02
-2.991808764636516571e-02
-1.692273095250129700e-02
-3.517372161149978638e-02
2.720171771943569183e-02
-5.794190987944602966e-02
-9.888164699077606201e-02
1.589418351650238037e-01
2.025298587977886200e-02
-2.943310141563415527e-01
2.661312520503997803e-01
-5.871853232383728027e-02
-4.163261055946350098e-01
1.015807762742042542e-01
8.765166252851486206e-02
-6.025363504886627197e-02
-8.574853092432022095e-02
1.559257358312606812e-01
4.680715128779411316e-02
-1.631288528442382812e-01
2.179722487926483154e-01
2.779103517532348633e-01
-1.121086031198501587e-01
7.301355898380279541e-02
1.014595702290534973e-01
-8.807025104761123657e-02
-1.101128756999969482e-01
9.571810066699981689e-02
4.675746336579322815e-02
1.270766928791999817e-02
2.342100441455841064e-02
1.420582234859466553e-01
7.063623517751693726e-02
3.059609793126583099e-02
2.448275871574878693e-02
3.084298921748995781e-03
6.700505968183279037e-03
6.792015582323074341e-02
3.051969036459922791e-02
2.669631037861108780e-03
6.105186417698860168e-02
6.179135758429765701e-03
-9.666948579251766205e-03
1.419777888804674149e-02
-1.687659174203872681e-01
4.618543386459350586e-02
-7.478816807270050049e-02
-8.053587377071380615e-02
1.299305856227874756e-01
-2.654220722615718842e-02
6.176212057471275330e-02
1.494633853435516357e-01
-3.143544867634773254e-02
8.116900920867919922e-02
-1.451254822313785553e-02
2.057682536542415619e-02
1.098610013723373413e-01
-3.007625788450241089e-02
4.161453247070312500e-02
5.065210908651351929e-02
-6.573117524385452271e-02
-1.404068619012832642e-01
8.756666630506515503e-02
-7.071527652442455292e-03
7.784174382686614990e-02
-3.103189915418624878e-02
-2.803700044751167297e-02
2.402067556977272034e-02
-4.667429625988006592e-02
2.165575884282588959e-02
-6.088469922542572021e-02
-2.919765375554561615e-02
7.426163181662559509e-03
-2.754677273333072662e-02
-6.105425767600536346e-03
-1.070808395743370056e-01
4.167884215712547302e-02
-4.824104160070419312e-02
-1.371624469757080078e-01
1.207830533385276794e-01
1.229728609323501587e-01
8.721181750297546387e-02
1.918526291847229004e-01
9.839672595262527466e-02
1.292157080024480820e-02
1.473547369241714478e-01
1.228577941656112671e-01
-5.916515365242958069e-03
-4.734676331281661987e-02
1.960859820246696472e-02
-1.755804987624287605e-03
8.110146224498748779e-02
5.628684163093566895e-02
-4.606201499700546265e-02
7.062339782714843750e-02
-2.894934639334678650e-02
-4.301486536860466003e-02
1.514267027378082275e-01
-1.388538330793380737e-01
-2.220004498958587646e-01
7.569818198680877686e-02
-3.093905150890350342e-01
1.294247657060623169e-01
-1.242805123329162598e-01
1.253837370313704014e-03
2.022185772657394409e-01
1.157495677471160889e-01
2.077334225177764893e-01
3.419579938054084778e-02
1.552998125553131104e-01
1.257796585559844971e-01
2.499874681234359741e-03
-1.459174416959285736e-02
-1.718405820429325104e-02
-1.140918284654617310e-01
6.302305962890386581e-03
-1.658511459827423096e-01
4.854770749807357788e-02
-4.495728760957717896e-02
6.687987595796585083e-02
-7.218624930828809738e-03
-2.923497231677174568e-03
-5.575817078351974487e-02
-5.513508617877960205e-02
2.354753017425537109e-02
8.144600689411163330e-02
4.786501824855804443e-02
1.457619369029998779e-01
2.369183860719203949e-02
-5.941342189908027649e-02
8.243338763713836670e-02
-1.087523996829986572e-01
-1.701527982950210571e-01
1.350629180669784546e-01
1.437769364565610886e-02
-1.071112826466560364e-01
1.739662140607833862e-01
2.629056200385093689e-02
-1.349622011184692383e-01
1.174787208437919617e-01
-6.579889357089996338e-02
-9.522100538015365601e-02
-2.606193162500858307e-02
-3.938718885183334351e-02
-4.241256788372993469e-02
-3.631957247853279114e-02
-2.911026962101459503e-02
-2.304952405393123627e-02
4.550148546695709229e-02
6.514951586723327637e-02
-2.670750766992568970e-02
-7.891714572906494141e-02
1.164156198501586914e-01
-3.185453265905380249e-02
6.148435175418853760e-02
2.937841601669788361e-02
-7.597398757934570312e-02
-1.073040068149566650e-03
3.061499213799834251e-03
-2.682120203971862793e-01
4.422497935593128204e-03
-6.908049434423446655e-02
-6.408825516700744629e-02
-4.583213850855827332e-02
-7.124312967061996460e-02
6.792141124606132507e-03
-5.567238107323646545e-02
-2.404929511249065399e-02
1.385833919048309326e-01
