1.331147551536560059e-01
2.579627633094787598e-01
1.202406063675880432e-01
1.219816505908966064e-01
1.485874503850936890e-01
7.638235390186309814e-02
2.301200926303863525e-01
3.572838008403778076e-01
1.727730780839920044e-01
-5.866543948650360107e-02
-3.485696762800216675e-02
2.702772058546543121e-02
-2.416104264557361603e-02
-7.713856548070907593e-02
-5.632525682449340820e-02
-2.780406735837459564e-02
-5.562995001673698425e-02
-5.749465152621269226e-02
-4.847588762640953064e-02
-3.038898855447769165e-02
-1.138806249946355820e-02
-4.891308024525642395e-02
1.035709679126739502e-01
1.488611698150634766e-01
1.960128918290138245e-02
2.632529474794864655e-02
6.697484105825424194e-02
2.360674925148487091e-02
-3.150489181280136108e-02
-2.210429124534130096e-02
9.909666329622268677e-02
2.813499793410301208e-02
7.873876020312309265e-03
-4.521012306213378906e-02
-8.308923989534378052e-02
-4.547541961073875427e-02
-4.459844902157783508e-02
-3.566581755876541138e-02
-4.533762112259864807e-02
-1.826716214418411255e-02
1.346334721893072128e-02
1.324877608567476273e-02
2.131218556314706802e-03
1.629754714667797089e-02
1.315360888838768005e-02
2.687837695702910423e-03
-4.054355993866920471e-02
-2.281600795686244965e-02
3.797986730933189392e-02
-7.407917082309722900e-02
-1.532956678420305252e-02
-4.566811770200729370e-02
-7.232119888067245483e-02
-2.795001491904258728e-02
-2.649501152336597443e-02
5.263227596879005432e-02
4.414820671081542969e-02
2.185726538300514221e-03
1.401013135910034180e-01
1.275938004255294800e-01
-8.256842195987701416e-02
-1.843743398785591125e-02
2.286944724619388580e-02
-1.552092656493186951e-02
-1.488130539655685425e-02
-6.590469926595687866e-02
-7.117429282516241074e-03
-1.531607192009687424e-02
-6.407593190670013428e-02
-7.439203094691038132e-03
-3.583222394809126854e-03
-2.632417716085910797e-02
-8.636046946048736572e-02
-4.275727272033691406e-02
3.526417165994644165e-02
7.502770051360130310e-03
4.052199050784111023e-02
6.635629385709762573e-02
-6.585400551557540894e-02
1.089837169274687767e-03
3.538037091493606567e-02
1.733504049479961395e-02
1.240564510226249695e-01
1.952065341174602509e-02
7.243585586547851562e-02
1.866054385900497437e-01
9.086889773607254028e-02
2.848659642040729523e-02
1.346054673194885254e-01
3.084597550332546234e-02
-1.109411492943763733e-01
-2.460580435581505299e-04
-2.274084463715553284e-02
-3.210389520972967148e-03
8.153745532035827637e-02
-2.283914573490619659e-02
-6.833150237798690796e-02
-6.976255774497985840e-02
4.462087526917457581e-03
-3.622272238135337830e-02
-7.869090139865875244e-02
-5.510998144745826721e-02
-5.473910272121429443e-02
-1.020183414220809937e-01
-8.505324274301528931e-02
-6.563422083854675293e-02
-1.060154587030410767e-01
-9.537029266357421875e-02
-2.482368052005767822e-02
-8.123726397752761841e-02
8.406127803027629852e-03
5.040189623832702637e-02
1.301914155483245850e-01
6.186223030090332031e-02
-1.470123324543237686e-02
1.472911834716796875e-01
9.109565615653991699e-02
9.032994508743286133e-03
3.144053369760513306e-02
5.402375012636184692e-02
-4.024255275726318359e-02
1.096999179571866989e-02
1.235978156328201294e-01
-3.138695284724235535e-02
7.846100628376007080e-02
8.766951411962509155e-02
3.197412192821502686e-02
1.713982522487640381e-01
1.741275936365127563e-01
2.970982491970062256e-01
3.557181358337402344e-01
2.629861533641815186e-01
8.751932531595230103e-02
2.246832102537155151e-01
1.396238058805465698e-01
-8.097852766513824463e-02
1.209057942032814026e-01
7.530047744512557983e-02
-6.660492718219757080e-02
2.447499893605709076e-02
1.292231529951095581e-01
1.230253605172038078e-03
1.616981476545333862e-01
1.473439037799835205e-01
-1.636391133069992065e-02
-4.607520997524261475e-02
5.592663213610649109e-02
-1.473544444888830185e-02
-5.976594612002372742e-02
-3.146536648273468018e-02
-5.100841447710990906e-02
-5.940836388617753983e-03
-6.627795286476612091e-03
-2.213061004877090454e-01
1.646813154220581055e-01
-7.788615673780441284e-02
-1.163208186626434326e-01
3.392887488007545471e-02
-6.395070999860763550e-02
-1.092396602034568787e-01
-8.114007115364074707e-02
-1.578148752450942993e-01
5.136514827609062195e-02
-9.389375150203704834e-02
-1.161961778998374939e-01
-7.541036233305931091e-03
1.146543323993682861e-01
-1.627946197986602783e-01
1.506100893020629883e-01
1.717998832464218140e-02
-1.481075137853622437e-01
-2.606345713138580322e-01
1.491539329290390015e-01
2.107990533113479614e-01
-5.379915237426757812e-01
2.246852964162826538e-01
1.950244903564453125e-01
-3.244143128395080566e-01
2.936812937259674072e-01
1.869045346975326538e-01
6.478377431631088257e-02
-3.251587226986885071e-02
-3.877222537994384766e-02
1.530172526836395264e-01
-1.158683970570564270e-01
3.723710030317306519e-02
1.513978093862533569e-02
-8.047998696565628052e-02
-1.033233553171157837e-01
2.067277133464813232e-01
-1.954451650381088257e-01
4.450590014457702637e-01
2.591335177421569824e-01
-7.773393392562866211e-02
5.631533265113830566e-01
1.829922944307327271e-01
1.064940690994262695e-01
3.974604606628417969e-01
2.131537534296512604e-02
-1.799472980201244354e-02
1.734384596347808838e-01
-4.336923360824584961e-02
2.592949755489826202e-02
4.486945399548858404e-04
-2.173476070165634155e-01
1.858275681734085083e-01
6.994365900754928589e-02
-7.467994093894958496e-02
-8.154456317424774170e-02
5.195694416761398315e-02
-6.108929589390754700e-02
-8.769855648279190063e-02
3.038338012993335724e-02
-4.109567403793334961e-02
-4.669503867626190186e-02
1.175728440284729004e-02
-1.371355950832366943e-01
2.013289183378219604e-02
8.177515119314193726e-02
-2.610947191715240479e-01
2.490460127592086792e-02
1.837676614522933960e-01
-8.749695867300033569e-02
1.760375350713729858e-01
1.035197302699089050e-01
4.897516965866088867e-02
-1.839057914912700653e-02
5.173391848802566528e-02
-5.487746745347976685e-02
-4.027863964438438416e-02
-1.848099869675934315e-03
-9.460801631212234497e-02
-4.464045912027359009e-02
1.118374615907669067e-02
-8.002009242773056030e-02
3.244446218013763428e-02
-9.768676012754440308e-03
-1.249205693602561951e-02
-1.558307278901338577e-02
-4.514796286821365356e-02
-1.231926232576370239e-01
1.589154242537915707e-03
-2.287881672382354736e-01
-8.677744120359420776e-02
-4.024578258395195007e-02
-6.217364966869354248e-02
-8.235432207584381104e-02
-4.051795229315757751e-02
-5.131414160132408142e-02
4.424158949404954910e-03
4.448228329420089722e-02
1.741148903965950012e-02
4.504607617855072021e-02
8.168495260179042816e-03
1.834518648684024811e-02
-8.437950164079666138e-02
-3.125528991222381592e-02
-1.071949228644371033e-01
-5.961113050580024719e-02
-1.299757659435272217e-01
1.686048507690429688e-02
6.717706471681594849e-02
-6.434263288974761963e-02
-8.152507245540618896e-02
1.592993289232254028e-01
-9.315592795610427856e-02
-7.360807061195373535e-02
-2.508195117115974426e-02
1.141282021999359131e-01
-2.030866742134094238e-01
5.186970159411430359e-02
-4.421354457736015320e-02
-5.849840119481086731e-02
2.214284986257553101e-02
-1.803522408008575439e-01
4.208462685346603394e-02
1.066820397973060608e-01
-7.913676649332046509e-02
2.717678621411323547e-02
4.995186626911163330e-02
-1.090027615427970886e-01
-3.563049808144569397e-02
4.717665165662765503e-02
-9.513501077890396118e-03
1.512129306793212891e-01
3.708986565470695496e-02
8.849292993545532227e-02
2.260832488536834717e-01
4.823570139706134796e-03
-1.362795084714889526e-01
-4.533932358026504517e-02
9.107377380132675171e-02
1.807448416948318481e-01
-4.993220791220664978e-02
5.411349982023239136e-02
2.998254029080271721e-03
-3.135713189840316772e-02
8.634149562567472458e-04
-9.898935444653034210e-03
1.339917033910751343e-01
-1.293030194938182831e-02
1.345231086015701294e-01
-2.115481905639171600e-02
1.215083599090576172e-01
3.632837533950805664e-02
4.268516600131988525e-02
1.327188909053802490e-01
-1.627992689609527588e-01
-1.631270945072174072e-01
1.363353282213211060e-01
-7.211828231811523438e-02
-1.209719404578208923e-01
-7.151914387941360474e-02
3.653204441070556641e-02
5.408738926053047180e-02
1.205094084143638611e-01
4.983517900109291077e-02
1.834455877542495728e-02
6.669188290834426880e-02
8.321680128574371338e-02
1.265094876289367676e-01
-6.139409169554710388e-02
-9.431536495685577393e-02
-6.092196330428123474e-03
-1.672951430082321167e-01
-3.049541451036930084e-02
-1.167041342705488205e-02
5.859043449163436890e-02
2.344533428549766541e-02
7.983869314193725586e-02
3.622432425618171692e-02
1.816121302545070648e-02
-5.513087287545204163e-02
-7.885839790105819702e-02
-5.919640883803367615e-02
-1.176010295748710632e-01
4.828007146716117859e-02
3.441641852259635925e-02
1.171019300818443298e-01
-1.211241818964481354e-02
6.339220795780420303e-03
1.847217082977294922e-01
-2.388747036457061768e-02
-2.801957912743091583e-02
-1.900084502995014191e-02
-3.178654238581657410e-02
-8.284292183816432953e-03
-1.728097796440124512e-01
1.151191815733909607e-01
6.941362470388412476e-02
-3.817740827798843384e-02
-5.272285267710685730e-02
-2.323962980881333351e-03
4.049698635935783386e-02
-1.397336274385452271e-01
-9.581178426742553711e-02
-5.078636482357978821e-02
-1.281490623950958252e-01
-1.258154362440109253e-01
-1.131459251046180725e-01
-1.317063532769680023e-02
1.086936965584754944e-01
1.580312550067901611e-01
-9.262872859835624695e-03
9.246797114610671997e-02
1.243338733911514282e-01
-1.066948547959327698e-01
-3.058282472193241119e-02
3.727266564965248108e-02
4.298387095332145691e-02
3.699625656008720398e-02
-1.375785283744335175e-02
9.426701068878173828e-02
6.121391057968139648e-02
1.180867850780487061e-02
6.346311420202255249e-02
1.226043179631233215e-01
-1.782162697054445744e-03
-8.200111798942089081e-03
-4.280056804418563843e-02
-4.518415406346321106e-02
-4.879693686962127686e-02
2.742218673229217529e-01
-4.528225213289260864e-02
1.288757622241973877e-01
1.099579036235809326e-01
1.292618513107299805e-01
5.586281046271324158e-02
2.823851816356182098e-02
5.448744073510169983e-02
-7.516871672123670578e-03
-5.549246072769165039e-02
-3.692115470767021179e-02
-8.473195135593414307e-02
-1.304590851068496704e-01
-1.324577480554580688e-01
-1.518528759479522705e-01
6.836385000497102737e-03
-4.836924746632575989e-02
7.211038470268249512e-02
1.861629635095596313e-01
2.936750650405883789e-01
1.378383785486221313e-01
2.604613602161407471e-01
1.618713736534118652e-01
9.949303418397903442e-02
5.513983312994241714e-03
-8.523304760456085205e-02
-1.130263321101665497e-02
1.057046726346015930e-01
3.939023986458778381e-02
-5.819003283977508545e-02
-4.185449331998825073e-02
1.317405253648757935e-01
-2.961875312030315399e-02
-6.028224900364875793e-02
-1.465959995985031128e-01
7.212947309017181396e-02
-7.282362785190343857e-03
-2.513099610805511475e-01
-8.707290887832641602e-02
-7.066415622830390930e-03
-1.928452849388122559e-01
3.942955657839775085e-02
-1.548701822757720947e-01
-2.704990208148956299e-01
7.118436694145202637e-02
-7.580428570508956909e-02
-1.480345129966735840e-01
8.413196355104446411e-02
-5.986365675926208496e-02
5.270490795373916626e-02
-1.043900251388549805e-01
-1.800904870033264160e-01
-8.933509886264801025e-02
4.598208889365196228e-02
1.235222071409225464e-01
1.001095324754714966e-01
1.712946407496929169e-02
4.661120101809501648e-02
1.829660683870315552e-01
5.482449382543563843e-02
6.283430010080337524e-02
3.931763395667076111e-02
4.753676429390907288e-02
-4.482627287507057190e-02
1.649137884378433228e-01
8.240829408168792725e-02
9.328113496303558350e-02
1.534885764122009277e-01
-1.234379559755325317e-01
-9.488565474748611450e-02
1.704007014632225037e-02
-1.275813281536102295e-01
-2.297703474760055542e-01
-1.150661483407020569e-01
-5.223129689693450928e-02
-8.514534682035446167e-02
-3.185305744409561157e-02
5.956609547138214111e-02
9.198720008134841919e-02
6.353473663330078125e-02
-6.242069602012634277e-02
-1.054424494504928589e-01
-4.715789481997489929e-02
1.721580140292644501e-02
-9.919925779104232788e-02
-2.383447624742984772e-02
-1.136525720357894897e-01
-3.393219411373138428e-02
-1.348968148231506348e-01
-8.643218129873275757e-02
-1.558877825736999512e-01
-1.024480313062667847e-01
7.171092927455902100e-02
-4.175920039415359497e-02
6.555522233247756958e-02
1.809069812297821045e-01
1.119171306490898132e-01
1.162907760590314865e-02
6.986252218484878540e-02
3.851197659969329834e-02
-7.507013529539108276e-02
-5.409551039338111877e-02
8.661125600337982178e-02
3.971579670906066895e-02
-1.967471651732921600e-02
-6.296269595623016357e-02
-8.133932948112487793e-02
-9.061491489410400391e-02
-1.953059881925582886e-01
-1.684834510087966919e-01
-2.947301603853702545e-02
-1.509361565113067627e-01
-5.931324511766433716e-02
-1.226777583360671997e-01
-9.675049781799316406e-02
-1.002208292484283447e-01
1.367348060011863708e-02
4.011961445212364197e-02
2.218928188085556030e-02
9.343706816434860229e-02
8.068553358316421509e-02
3.824646025896072388e-02
-2.017361856997013092e-02
-3.415179625153541565e-02
-2.350888401269912720e-02
1.758119463920593262e-01
1.516809314489364624e-01
9.977951645851135254e-02
7.092895358800888062e-02
2.079980522394180298e-01
2.105098515748977661e-01
-1.850264705717563629e-02
-4.401908256113529205e-03
6.618195679038763046e-03
-3.239874169230461121e-02
-1.832908135838806629e-03
2.756850607693195343e-02
9.447159618139266968e-02
1.956799328327178955e-01
1.863920539617538452e-01
9.714199602603912354e-02
-6.002355832606554031e-03
-8.852577209472656250e-02
-1.919130608439445496e-02
1.963142752647399902e-01
-5.071313935332000256e-04
7.102436572313308716e-02
1.041840240359306335e-01
1.424324959516525269e-01
-9.298113733530044556e-02
-8.124645799398422241e-02
-1.115841418504714966e-01
5.834024772047996521e-02
6.027062237262725830e-02
1.636778749525547028e-02
1.896930485963821411e-01
1.847442835569381714e-01
1.405149251222610474e-01
9.425414353609085083e-02
1.291479766368865967e-01
3.147339215502142906e-03
1.027093380689620972e-01
2.517508268356323242e-01
7.592897117137908936e-02
3.018246963620185852e-02
1.993008255958557129e-01
1.294205635786056519e-01
-7.036675512790679932e-02
5.961945280432701111e-02
1.155001819133758545e-01
-6.121946498751640320e-02
-8.647501468658447266e-02
4.921294748783111572e-02
-4.079878330230712891e-02
1.404628623276948929e-02
-3.143240883946418762e-02
-6.313972920179367065e-02
-8.328523486852645874e-02
-1.003380045294761658e-01
-1.703937165439128876e-02
-1.552493572235107422e-01
-8.804613351821899414e-02
-6.155221909284591675e-02
-1.560110449790954590e-01
-1.231409609317779541e-01
-1.087714135646820068e-01
-2.410180419683456421e-01
2.747770398855209351e-02
-1.066438928246498108e-01
-2.372407019138336182e-01
-9.152854233980178833e-02
8.966431766748428345e-02
-1.453288048505783081e-01
-1.162535473704338074e-01
1.447653621435165405e-01
-5.516853928565979004e-02
7.998140156269073486e-02
3.907930552959442139e-01
4.318886399269104004e-01
2.930236160755157471e-01
-6.791994906961917877e-03
2.869814820587635040e-02
4.264186695218086243e-02
1.342018097639083862e-01
-1.154061704874038696e-01
2.171453684568405151e-01
-1.302987635135650635e-01
3.498548567295074463e-01
4.549833014607429504e-02
1.135759130120277405e-01
-1.524403598159551620e-02
6.732457876205444336e-02
-4.624706134200096130e-02
-1.496992353349924088e-02
-1.237082779407501221e-01
2.268099039793014526e-01
5.510487779974937439e-02
-2.777476608753204346e-02
9.948239475488662720e-02
1.138219088315963745e-01
8.795253187417984009e-02
8.229921013116836548e-02
-2.009983174502849579e-02
2.241077423095703125e-01
-6.936061382293701172e-02
-1.059703528881072998e-01
-9.474927186965942383e-02
1.372423321008682251e-01
1.668594591319561005e-02
2.409037947654724121e-02
1.882494427263736725e-02
-2.119929194450378418e-01
-4.201897606253623962e-02
-5.080121383070945740e-02
-5.430858582258224487e-02
-2.414583228528499603e-02
-8.593475818634033203e-02
1.305141001939773560e-01
-1.522193755954504013e-02
-7.036773860454559326e-02
1.582759022712707520e-01
-9.444011002779006958e-02
-8.052577078342437744e-02
3.667290508747100830e-02
2.511009275913238525e-01
-1.147509068250656128e-01
-1.059335097670555115e-01
9.777380153536796570e-03
-2.528297603130340576e-01
-2.416265308856964111e-01
-2.229480147361755371e-01
-1.791724711656570435e-01
-2.357717901468276978e-01
-2.974727451801300049e-01
-1.217205747961997986e-01
-1.870644092559814453e-01
-2.561056613922119141e-01
-4.901248961687088013e-03
2.170115336775779724e-02
3.609071299433708191e-02
3.416631370782852173e-02
5.717773735523223877e-02
5.728398635983467102e-02
6.630989909172058105e-02
1.041808277368545532e-01
9.057400375604629517e-02
-1.633674055337905884e-01
-2.028099596500396729e-01
1.571924611926078796e-02
-1.381246894598007202e-01
2.169643901288509369e-02
-7.950181514024734497e-02
-5.534959584474563599e-02
1.210020855069160461e-02
-3.535747528076171875e-02
-1.221943050622940063e-01
-9.170870482921600342e-02
7.392090279608964920e-03
-7.551649957895278931e-02
8.085079491138458252e-02
-1.710182428359985352e-02
6.417685747146606445e-02
1.042798459529876709e-01
-5.067174788564443588e-03
-2.581165432929992676e-01
-2.007583379745483398e-01
-2.574659585952758789e-01
-3.241825699806213379e-01
-2.496085874736309052e-02
-5.364694073796272278e-02
-1.521419286727905273e-01
-2.147622704505920410e-01
-1.219900697469711304e-01
1.192821487784385681e-01
1.166976839303970337e-01
9.621230512857437134e-02
2.068343609571456909e-01
2.056070715188980103e-01
1.809391230344772339e-01
6.008999049663543701e-02
6.149110198020935059e-02
2.661862969398498535e-02
-8.759845048189163208e-02
2.143510244786739349e-02
-1.128251403570175171e-01
-9.135413914918899536e-02
9.887243807315826416e-02
1.743919402360916138e-01
-7.751354575157165527e-02
2.216088175773620605e-01
5.271571129560470581e-02
3.042228519916534424e-01
-6.576894316822290421e-03
4.109065830707550049e-01
1.931453049182891846e-01
7.064334750175476074e-01
3.165231049060821533e-01
1.727024018764495850e-01
1.825829148292541504e-01
5.481585264205932617e-01
1.170208379626274109e-01
3.743972480297088623e-01
1.972062736749649048e-01
6.152891740202903748e-02
-3.385537862777709961e-01
2.829047851264476776e-02
4.737812560051679611e-04
3.792427778244018555e-01
1.853321790695190430e-01
-1.411817222833633423e-01
-1.242215856909751892e-01
-2.755295634269714355e-01
9.230833500623703003e-02
3.403414040803909302e-02
-2.596307694911956787e-01
6.138755753636360168e-02
-1.759082376956939697e-01
-3.223951756954193115e-01
2.262736298143863678e-02
4.576352611184120178e-02
3.855782747268676758e-02
-6.743162404745817184e-03
2.963082678616046906e-02
1.141517516225576401e-02
1.123798266053199768e-02
1.595737785100936890e-02
-2.075239270925521851e-02
-2.827380225062370300e-02
-1.516013126820325851e-02
1.113928621634840965e-03
-2.779043838381767273e-02
-1.925980672240257263e-02
7.309322711080312729e-03
5.635239183902740479e-03
6.079995655454695225e-04
1.232083607465028763e-02
1.148207765072584152e-02
3.758526407182216644e-03
-6.891416851431131363e-03
-2.803963050246238708e-02
2.876048383768647909e-04
4.183581098914146423e-02
-3.658835589885711670e-02
1.116575859487056732e-02
4.474169015884399414e-02
3.310421854257583618e-02
-2.812785678543150425e-04
-4.101223871111869812e-02
7.729849219322204590e-02
1.838402450084686279e-02
-1.403820421546697617e-02
3.818811103701591492e-02
-1.639357395470142365e-02
-3.582169488072395325e-02
-1.613173261284828186e-02
-1.349850557744503021e-02
6.814050488173961639e-03
-9.829849004745483398e-03
2.589435689151287079e-02
4.100883007049560547e-02
-2.590079559013247490e-03
3.666017437353730202e-03
1.003701984882354736e-02
-1.209024619311094284e-02
-3.888304159045219421e-02
-2.172219753265380859e-02
1.887410879135131836e-02
-1.198238134384155273e-02
1.120133418589830399e-02
2.176130219595506787e-04
-2.550211967900395393e-03
-2.263115486130118370e-03
-5.052046850323677063e-02
-3.113492205739021301e-02
-5.684408545494079590e-02
-1.696798205375671387e-02
-1.478112954646348953e-02
1.206909492611885071e-02
-4.414907470345497131e-02
-1.950930617749691010e-02
-2.292320365086197853e-03
-1.028612814843654633e-02
-1.245140843093395233e-02
-2.945130504667758942e-02
-1.053281221538782120e-02
-1.282278075814247131e-02
-2.997534349560737610e-02
-1.599924452602863312e-02
-1.715697906911373138e-02
-3.230204433202743530e-02
2.089530415832996368e-02
-2.002396620810031891e-02
-2.770050056278705597e-02
4.540387541055679321e-02
5.008472595363855362e-03
-3.469418361783027649e-02
3.332581743597984314e-02
6.531434133648872375e-03
-3.030027449131011963e-02
-8.724764920771121979e-03
-3.631848469376564026e-02
-3.864428773522377014e-02
2.397106215357780457e-02
2.781990915536880493e-02
1.540714222937822342e-02
1.325854286551475525e-02
2.593907900154590607e-02
1.387998368591070175e-02
-1.841078326106071472e-02
4.380258917808532715e-02
2.575765736401081085e-02
-1.499135512858629227e-02
4.413804411888122559e-02
3.950180858373641968e-02
2.456937544047832489e-02
2.477136626839637756e-02
-1.967085897922515869e-02
4.207909479737281799e-02
5.350521206855773926e-02
5.584552139043807983e-02
-3.128231037408113480e-03
7.921930402517318726e-03
7.791734300553798676e-03
-3.648455440998077393e-02
-2.322129905223846436e-02
-2.364953234791755676e-02
-3.612376004457473755e-02
-1.800905354321002960e-02
1.560793444514274597e-02
-3.232628852128982544e-02
-2.677630400285124779e-03
4.597643855959177017e-03
-1.976993866264820099e-02
1.228918600827455521e-02
4.005043581128120422e-02
-1.352306455373764038e-03
-2.503841416910290718e-03
7.696492131799459457e-03
-9.219059720635414124e-03
-4.179306328296661377e-03
1.584947668015956879e-02
-4.784819483757019043e-02
-3.713455051183700562e-02
-2.476995810866355896e-02
-4.223482310771942139e-02
-6.865158677101135254e-02
-4.327801987528800964e-02
-1.006847247481346130e-02
2.731614373624324799e-02
-1.760855689644813538e-02
-6.360834091901779175e-02
-1.327222958207130432e-02
-1.341896411031484604e-02
2.679745666682720184e-04
-2.321196161210536957e-02
1.694210339337587357e-03
-2.886917209252715111e-03
2.728381939232349396e-02
-7.438947912305593491e-03
-4.588799085468053818e-03
1.651933230459690094e-02
6.526695936918258667e-02
-2.948029711842536926e-02
2.491233870387077332e-02
5.938840284943580627e-02
2.867556735873222351e-02
1.010874286293983459e-02
-6.539092957973480225e-02
-6.261764559894800186e-03
2.966199070215225220e-03
-9.759451448917388916e-02
8.498486876487731934e-02
3.428141400218009949e-02
1.419961452484130859e-01
2.275371104478836060e-01
3.231113255023956299e-01
2.560690045356750488e-01
-6.767067825421690941e-04
1.576498895883560181e-01
8.368578553199768066e-02
5.894429050385951996e-03
-6.926578283309936523e-02
-3.948517516255378723e-02
-3.342422470450401306e-02
7.392187416553497314e-02
4.115762561559677124e-02
-3.295152261853218079e-02
6.325552612543106079e-02
8.071087300777435303e-02
6.103572249412536621e-02
-1.734444312751293182e-02
-6.822806783020496368e-03
6.252379156649112701e-03
-2.679211273789405823e-02
-6.768348813056945801e-02
2.235034771729260683e-04
-1.633560843765735626e-02
3.407386317849159241e-02
2.322549223899841309e-01
1.205317899584770203e-01
2.622651457786560059e-01
3.366120755672454834e-01
1.066519841551780701e-01
4.095928668975830078e-01
2.199926376342773438e-01
1.236112341284751892e-01
2.710697948932647705e-01
-3.884323686361312866e-02
6.205920502543449402e-02
-2.266297303140163422e-02
-6.411451380699872971e-03
1.602442562580108643e-01
1.648902595043182373e-01
-7.824906706809997559e-02
1.980818212032318115e-01
1.126058399677276611e-01
-3.409067913889884949e-02
-4.872300196439027786e-03
-1.110837142914533615e-02
9.455374092794954777e-04
-2.574302628636360168e-02
3.578809846658259630e-04
-6.871007382869720459e-02
-5.083650350570678711e-02
3.223839029669761658e-02
2.406292408704757690e-02
4.890133067965507507e-02
6.320308148860931396e-02
-1.365642063319683075e-02
3.482270985841751099e-02
5.749258771538734436e-02
-2.440025098621845245e-02
3.432936593890190125e-02
5.781264603137969971e-02
-2.546181157231330872e-02
-2.195008471608161926e-02
-3.082804754376411438e-02
-2.119400538504123688e-02
6.604595109820365906e-03
1.009091036394238472e-03
8.723745122551918030e-03
6.427394598722457886e-02
6.544347107410430908e-02
-2.587585523724555969e-02
-7.295469194650650024e-02
-3.272415325045585632e-02
-1.037123054265975952e-02
-3.337064012885093689e-02
2.074712701141834259e-02
1.559512875974178314e-02
8.710070396773517132e-04
9.902654215693473816e-03
-4.941660910844802856e-02
3.514859452843666077e-02
3.044494427740573883e-03
4.871292784810066223e-02
5.303099378943443298e-02
8.152297697961330414e-03
-7.575474679470062256e-02
-7.949662953615188599e-02
-1.475953683257102966e-02
5.335345864295959473e-02
9.206499904394149780e-02
4.638320207595825195e-02
2.957633882761001587e-02
6.001985818147659302e-02
1.416995003819465637e-02
2.504569478332996368e-02
6.293145567178726196e-02
6.982873659580945969e-03
-7.557982206344604492e-02
1.558946073055267334e-02
5.874369665980339050e-02
7.146903872489929199e-02
1.758782565593719482e-01
1.737888753414154053e-01
1.072513014078140259e-01
6.876208633184432983e-02
1.716515868902206421e-01
-3.964395448565483093e-02
-1.175947487354278564e-01
-5.529212951660156250e-02
-1.018855944275856018e-01
-2.551749721169471741e-02
-5.776874348521232605e-02
-8.254415541887283325e-02
-3.880929946899414062e-02
-8.114448934793472290e-02
3.826018422842025757e-02
5.646890029311180115e-02
1.960209943354129791e-02
-6.964948028326034546e-02
-3.989074006676673889e-02
-2.334637753665447235e-02
-1.941555924713611603e-02
-3.762041032314300537e-02
-3.874426009133458138e-03
4.845287650823593140e-02
5.072587728500366211e-02
-1.793280243873596191e-02
-2.994287945330142975e-02
7.915621250867843628e-02
5.507744476199150085e-02
-1.059680059552192688e-01
2.211922034621238708e-02
2.865839563310146332e-02
-1.424440299160778522e-03
-9.351944550871849060e-03
-1.181596331298351288e-02
1.350575219839811325e-02
3.142415732145309448e-02
7.248554378747940063e-02
-4.676187410950660706e-02
-2.860391512513160706e-02
1.605418324470520020e-02
-2.098161261528730392e-03
-9.078085422515869141e-03
-1.159852091223001480e-02
-9.892369620501995087e-03
-1.384816225618124008e-02
-1.807515695691108704e-02
-1.060165371745824814e-02
1.782382652163505554e-02
7.605261169373989105e-03
2.101113460958003998e-02
1.761713298037648201e-03
3.172971680760383606e-02
-1.038097403943538666e-02
-2.350275777280330658e-02
-1.779562607407569885e-02
2.609819872304797173e-03
-4.390452429652214050e-02
-1.675533689558506012e-02
-1.786400005221366882e-02
-5.560474935919046402e-03
2.001334726810455322e-02
-1.015282049775123596e-02
2.558790147304534912e-02
3.762305900454521179e-02
3.279374167323112488e-02
3.985159844160079956e-02
3.562894836068153381e-02
-6.416751444339752197e-02
-1.357043161988258362e-02
-7.345925271511077881e-02
-8.369164913892745972e-02
-4.618441313505172729e-02
-7.025170326232910156e-02
-3.606431186199188232e-02
-3.641323000192642212e-02
-3.618291765451431274e-02
-9.103469550609588623e-03
-5.576872080564498901e-02
-1.942278444766998291e-02
-2.337857149541378021e-02
-7.144767045974731445e-02
-1.500491145998239517e-02
-1.995079964399337769e-02
-5.360189452767372131e-02
2.639250271022319794e-02
-2.440742682665586472e-03
-2.364679984748363495e-02
1.884795055957511067e-04
9.349937550723552704e-03
-2.324756002053618431e-03
-5.649336148053407669e-03
1.390912476927042007e-02
2.753002627287060022e-04
-1.215870957821607590e-02
1.019032895565032959e-01
9.196052700281143188e-02
5.104063451290130615e-02
1.369028836488723755e-01
1.243662536144256592e-01
8.462087064981460571e-02
1.273765116930007935e-01
1.182768642902374268e-01
8.016316592693328857e-02
8.299986831843852997e-03
-1.832389086484909058e-02
-1.710064359940588474e-03
-3.662256896495819092e-02
-4.465918242931365967e-02
-1.009144703857600689e-03
-2.201739139854907990e-02
-1.694184727966785431e-02
1.635711826384067535e-02
-5.175779759883880615e-02
8.407462388277053833e-03
-8.303757756948471069e-03
5.591457337141036987e-02
9.006614238023757935e-02
7.217606157064437866e-02
4.356242343783378601e-02
7.820025086402893066e-02
8.775823563337326050e-02
-1.482559181749820709e-02
-5.153937381692230701e-04
1.807081699371337891e-02
5.005882121622562408e-03
2.957700192928314209e-02
1.675669290125370026e-02
1.863029226660728455e-02
2.700236439704895020e-02
4.778862930834293365e-03
-3.621751070022583008e-02
-4.799832403659820557e-02
-3.272455185651779175e-02
-4.942792281508445740e-02
-6.090198457241058350e-02
-4.539123177528381348e-02
-6.796192377805709839e-02
-7.890481501817703247e-02
-6.095118075609207153e-02
3.271674737334251404e-02
3.435832634568214417e-02
3.302758559584617615e-02
-3.579874336719512939e-02
-1.881354488432407379e-02
7.285233121365308762e-03
-2.488972060382366180e-02
-1.153474673628807068e-02
1.466313656419515610e-02
-1.726296544075012207e-02
-2.840581536293029785e-02
-4.032967612147331238e-02
-2.095203474164009094e-02
-1.461391430348157883e-02
1.961155235767364502e-02
-1.271634269505739212e-02
4.058448970317840576e-02
1.874316483736038208e-02
1.882600039243698120e-02
8.947063237428665161e-02
7.084738463163375854e-02
-2.679714933037757874e-02
8.260798640549182892e-03
2.353952825069427490e-02
-3.430038318037986755e-02
1.456185802817344666e-02
1.946969144046306610e-02
7.516231387853622437e-02
5.105394870042800903e-02
2.208459749817848206e-02
6.255291402339935303e-02
-2.154271304607391357e-02
2.965926192700862885e-03
5.548110604286193848e-02
-3.170228749513626099e-02
2.738185925409197807e-03
-5.809182673692703247e-02
2.950340509414672852e-03
2.726623974740505219e-02
6.287710368633270264e-02
8.589530363678932190e-03
-2.064191177487373352e-02
-7.746516168117523193e-02
-5.814025923609733582e-02
-7.475929707288742065e-02
1.434030570089817047e-02
-4.795973002910614014e-02
-2.035077847540378571e-02
-2.130377478897571564e-02
-7.197995483875274658e-02
-4.935370013117790222e-02
2.355060726404190063e-02
3.267271444201469421e-02
-2.866973169147968292e-02
-5.355180054903030396e-02
1.507647242397069931e-02
7.153805927373468876e-04
8.768040686845779419e-02
-2.213815227150917053e-02
-6.664588302373886108e-02
3.018473833799362183e-02
-2.724459161981940269e-03
-1.185139827430248260e-02
-8.012642711400985718e-02
-6.779466569423675537e-02
1.296328008174896240e-02
-1.035137772560119629e-01
-1.069733723998069763e-01
-3.756200522184371948e-02
-1.530856639146804810e-02
-6.728354096412658691e-02
1.516947173513472080e-03
-3.053155168890953064e-02
-1.237628012895584106e-01
-1.344561725854873657e-01
-4.596378654241561890e-02
-1.057993322610855103e-01
-9.313394874334335327e-02
4.807445034384727478e-02
-1.040675491094589233e-02
1.002107840031385422e-02
-7.663387223146855831e-04
-1.513299494981765747e-01
-1.048292517662048340e-01
-4.915007948875427246e-02
-1.609673500061035156e-01
-1.572591364383697510e-01
9.933386929333209991e-03
-8.316378295421600342e-02
-6.653723120689392090e-02
-4.549990966916084290e-02
-4.746283590793609619e-02
9.630946442484855652e-03
3.334254026412963867e-03
2.954863756895065308e-02
-6.164091825485229492e-02
5.780741944909095764e-02
-1.902598887681961060e-02
-5.401331931352615356e-02
-2.787534613162279129e-03
2.686483040452003479e-02
1.319316565059125423e-03
-1.696142926812171936e-02
5.145650357007980347e-03
-2.378611266613006592e-02
-6.244088709354400635e-02
-1.140565238893032074e-02
-3.179617226123809814e-02
4.520716518163681030e-02
-5.075534060597419739e-02
-4.456928744912147522e-02
-7.068065460771322250e-04
9.821238927543163300e-03
-3.771769627928733826e-02
3.960682451725006104e-02
2.318459749221801758e-02
4.521692171692848206e-02
5.442577973008155823e-02
3.949140012264251709e-02
2.427744492888450623e-02
1.064801216125488281e-01
1.292762905359268188e-01
1.223674640059471130e-01
8.392459899187088013e-02
6.918786466121673584e-02
4.000218212604522705e-02
4.338075872510671616e-03
-9.514487534761428833e-02
-5.150327342562377453e-04
-1.151770632714033127e-02
7.873919792473316193e-03
4.466539621353149414e-02
2.537690475583076477e-02
-2.886249311268329620e-02
-7.313857972621917725e-02
-4.325389117002487183e-02
-8.308871835470199585e-02
-7.809451967477798462e-02
-2.555848658084869385e-02
-6.181126087903976440e-02
-5.425176396965980530e-02
-8.065392822027206421e-02
-1.179109811782836914e-01
-1.107722669839859009e-01
5.220411717891693115e-02
-4.118205234408378601e-02
-1.051931157708168030e-01
-1.134366169571876526e-01
-1.034582182765007019e-01
-4.744233936071395874e-02
-5.855858698487281799e-02
-1.444169878959655762e-01
-6.302987784147262573e-02
4.004187881946563721e-02
6.452535837888717651e-02
1.024228408932685852e-01
9.791798144578933716e-02
4.795243963599205017e-02
-4.243309795856475830e-02
2.082243918266613036e-05
2.245784550905227661e-02
-1.204767730087041855e-03
3.948149830102920532e-02
5.272525176405906677e-02
-3.896016255021095276e-02
7.305612787604331970e-03
-1.362956129014492035e-02
-4.772738367319107056e-02
5.636424198746681213e-02
2.764674462378025055e-02
5.864949896931648254e-03
-5.504525080323219299e-02
-4.386290162801742554e-02
-4.123086854815483093e-02
6.383034586906433105e-02
5.857987329363822937e-02
-5.090250633656978607e-03
-3.459347039461135864e-02
2.317423187196254730e-02
-7.470382750034332275e-02
-4.358090460300445557e-02
7.099265605211257935e-02
1.984424591064453125e-01
-1.250514667481184006e-02
1.349541991949081421e-01
1.191383525729179382e-01
-2.702390775084495544e-03
9.917698800563812256e-02
9.822795540094375610e-02
-2.301790192723274231e-02
7.783903926610946655e-02
3.979204595088958740e-02
3.865059837698936462e-02
1.148406639695167542e-01
8.143837004899978638e-02
-1.116639673709869385e-01
-7.293046265840530396e-02
3.135751560330390930e-02
3.450706601142883301e-02
1.089415140450000763e-02
-7.151677459478378296e-02
-9.713127277791500092e-03
-7.854545116424560547e-02
-1.616478338837623596e-02
-9.686624258756637573e-02
6.786490231752395630e-02
4.501235485076904297e-02
-1.452752202749252319e-01
-1.329449117183685303e-01
-9.855614602565765381e-02
-1.876204907894134521e-01
-2.535145282745361328e-01
-1.487978696823120117e-01
-1.286242809146642685e-02
-1.361892968416213989e-01
-2.269976884126663208e-01
-9.294727444648742676e-02
6.380978971719741821e-02
-1.769093126058578491e-01
-6.908135116100311279e-02
1.781603544950485229e-01
-1.232085302472114563e-01
-1.225518807768821716e-01
5.547001492232084274e-03
-1.156753301620483398e-01
1.658896729350090027e-02
-2.977713709697127342e-03
-5.189129710197448730e-02
-5.626749247312545776e-02
1.286999434232711792e-01
-4.140873905271291733e-03
-1.117881760001182556e-01
2.974156476557254791e-02
-7.526575028896331787e-02
-2.591105550527572632e-02
5.434592813253402710e-02
-3.691726922988891602e-02
6.866116076707839966e-02
2.199558354914188385e-02
1.127760410308837891e-01
5.763599649071693420e-02
6.603216752409934998e-03
7.102669775485992432e-02
-5.309608951210975647e-02
-8.511031419038772583e-02
-6.627300381660461426e-02
-5.034997686743736267e-02
-7.979811728000640869e-02
-6.596497446298599243e-02
3.138465806841850281e-03
-8.465925231575965881e-03
-1.987498998641967773e-02
-1.480172574520111084e-02
1.275981217622756958e-02
-8.008111268281936646e-02
3.709971159696578979e-02
7.420604676008224487e-02
6.325491704046726227e-03
1.172248926013708115e-02
1.079437062144279480e-01
1.331849955022335052e-02
4.922232031822204590e-02
5.303736776113510132e-02
2.853245660662651062e-02
-1.073132827877998352e-01
2.033166214823722839e-02
1.239041239023208618e-01
-1.618841588497161865e-01
1.414841134101152420e-02
2.132872790098190308e-01
-1.659527607262134552e-02
1.005286946892738342e-01
8.734767884016036987e-02
5.266810953617095947e-02
1.603038907051086426e-01
1.058762893080711365e-01
5.451577249914407730e-03
-1.161193028092384338e-01
-3.538252413272857666e-02
4.831258580088615417e-02
-1.129509322345256805e-02
-8.240740746259689331e-02
3.804938867688179016e-02
-1.421898696571588516e-02
-8.000989258289337158e-02
5.413219332695007324e-02
1.438886113464832306e-02
-5.565760284662246704e-02
-3.146814182400703430e-02
2.827578410506248474e-02
1.353251188993453979e-02
-1.961792819201946259e-02
-9.625831735320389271e-04
1.254625469446182251e-01
-6.755270808935165405e-02
3.192433342337608337e-02
-5.707054212689399719e-02
-9.479218721389770508e-02
5.717466399073600769e-02
2.352622896432876587e-02
6.611646711826324463e-02
4.758903011679649353e-02
5.178675055503845215e-02
5.310475453734397888e-02
8.986658602952957153e-02
3.404675051569938660e-02
1.098407339304685593e-02
-6.438536942005157471e-02
-1.400334686040878296e-01
-4.201501142233610153e-03
-7.764010131359100342e-02
-6.812890619039535522e-02
-7.711946964263916016e-03
2.096571773290634155e-02
1.240492332726716995e-02
2.909279428422451019e-03
9.703016281127929688e-02
-2.138099819421768188e-02
-9.348925948143005371e-02
1.251960396766662598e-01
-6.037757545709609985e-02
-7.359799742698669434e-02
-4.228480905294418335e-02
1.219946593046188354e-01
-5.136057734489440918e-02
-2.554266154766082764e-01
-2.382052391767501831e-01
-1.418951451778411865e-01
-3.665400743484497070e-01
-3.864364027976989746e-01
-1.291313618421554565e-01
-1.493536084890365601e-01
-1.033615600317716599e-02
-2.784205786883831024e-02
2.340808659791946411e-01
2.626127004623413086e-01
1.272862404584884644e-01
5.387086868286132812e-01
1.294103264808654785e-01
2.486019432544708252e-01
3.236365616321563721e-01
3.406668305397033691e-01
-1.213823258876800537e-01
6.593208014965057373e-02
1.538214832544326782e-01
-2.233771234750747681e-01
1.784709990024566650e-01
4.545032978057861328e-01
-7.325386255979537964e-02
1.663970202207565308e-01
1.566208451986312866e-01
5.532921850681304932e-02
-7.237236201763153076e-02
-1.193395256996154785e-01
5.140177905559539795e-02
4.656181856989860535e-02
4.769056290388107300e-02
-7.378473877906799316e-02
1.632111519575119019e-01
6.863358430564403534e-03
-2.321583926677703857e-01
-4.318538680672645569e-02
-3.908750042319297791e-02
-8.539798110723495483e-02
8.041083067655563354e-02
-3.754264116287231445e-02
5.572219565510749817e-02
1.815933436155319214e-01
-1.303560733795166016e-01
-1.364026665687561035e-01
-1.501521021127700806e-01
-2.036818861961364746e-01
-6.277789920568466187e-02
-1.128838583827018738e-01
-1.599717140197753906e-01
3.804681077599525452e-02
-1.755668818950653076e-01
-9.343668818473815918e-02
-5.887772887945175171e-02
-3.690177574753761292e-02
-4.469693452119827271e-02
-2.093791067600250244e-01
-1.157001927495002747e-01
2.377813756465911865e-01
-2.071229070425033569e-01
1.490172594785690308e-01
-7.187940925359725952e-02
-4.361397027969360352e-02
-4.908493906259536743e-02
-3.976362943649291992e-02
-3.788466751575469971e-02
-8.664377033710479736e-03
3.107669763267040253e-02
-1.088602244853973389e-01
3.586848732084035873e-03
1.122886985540390015e-01
-1.605489663779735565e-02
-1.519755721092224121e-01
-1.908407956361770630e-01
-1.737796068191528320e-01
-2.335532754659652710e-01
-3.097351789474487305e-01
-2.204367369413375854e-01
-1.010499894618988037e-01
-7.963017374277114868e-02
-1.448341608047485352e-01
-1.507632583379745483e-01
-1.208223327994346619e-01
-5.189392343163490295e-02
-7.302516698837280273e-02
-4.569209739565849304e-02
-2.751799486577510834e-02
-1.284984592348337173e-02
6.356052123010158539e-03
-1.077221482992172241e-01
1.054286584258079529e-01
4.470170289278030396e-02
3.912673592567443848e-01
3.316045999526977539e-01
1.046409904956817627e-01
2.288098782300949097e-01
3.031292855739593506e-01
-1.213054358959197998e-01
-4.038790613412857056e-02
-4.883535951375961304e-02
-6.232862174510955811e-02
-1.970961242914199829e-01
-1.996320337057113647e-01
-1.945528537034988403e-01
-1.569671481847763062e-01
-1.422138512134552002e-01
-1.227057948708534241e-01
-9.956353902816772461e-02
-2.671182155609130859e-01
-3.865855634212493896e-01
1.193899288773536682e-01
-2.790507972240447998e-01
-2.814516425132751465e-01
-1.726294867694377899e-02
-1.394040733575820923e-01
-2.686905264854431152e-01
-5.193423479795455933e-02
6.274899840354919434e-02
1.088237911462783813e-01
1.044022291898727417e-01
1.882368624210357666e-01
1.477012038230895996e-01
1.779328845441341400e-02
1.473896652460098267e-01
1.592110395431518555e-01
-6.902690231800079346e-02
-1.959681510925292969e-01
7.499206345528364182e-03
-1.491819322109222412e-01
3.892667964100837708e-02
-5.352224223315715790e-03
-4.891965910792350769e-02
-4.331765696406364441e-02
-2.992404401302337646e-01
-4.395397007465362549e-02
1.474446952342987061e-01
-2.704454213380813599e-02
-2.115753106772899628e-02
-3.329279646277427673e-02
5.993037298321723938e-02
-6.991127878427505493e-02
-2.620992437005043030e-02
1.755413562059402466e-01
-1.884478516876697540e-02
-3.078631684184074402e-02
-2.246277965605258942e-02
-4.852549638599157333e-03
-1.013228297233581543e-02
9.884381666779518127e-03
-3.707469627261161804e-02
-4.143182560801506042e-02
-1.731934584677219391e-02
3.700993210077285767e-02
5.201415717601776123e-02
6.265845149755477905e-02
7.499279454350471497e-03
4.977195337414741516e-02
-1.428742613643407822e-02
1.011561043560504913e-02
3.921788930892944336e-02
-1.370444148778915405e-02
9.085474535822868347e-03
2.662602812051773071e-03
7.397863548249006271e-03
4.543475434184074402e-02
-2.332291193306446075e-02
-2.647148631513118744e-02
3.041115030646324158e-02
-3.417316824197769165e-02
-3.336456418037414551e-02
-1.955511048436164856e-02
6.848084274679422379e-03
5.175317171961069107e-03
-6.533810496330261230e-02
-2.102030627429485321e-02
-6.825680844485759735e-03
1.030434574931859970e-02
2.708480507135391235e-02
2.562173642218112946e-02
1.690690405666828156e-02
-7.961755990982055664e-02
7.845127023756504059e-03
-2.535776235163211823e-02
-7.422167807817459106e-02
-3.129513934254646301e-02
-2.301664464175701141e-02
-2.260592952370643616e-02
-4.130203649401664734e-02
-9.719734080135822296e-03
4.535924270749092102e-02
-5.290296301245689392e-02
-2.628695406019687653e-02
6.356238387525081635e-03
-6.191595271229743958e-02
-6.557058542966842651e-03
-1.774124242365360260e-02
-3.621842339634895325e-02
-7.092671003192663193e-03
-1.718419231474399567e-02
-2.896418794989585876e-03
-1.691310107707977295e-02
-3.504050197079777718e-03
-2.538911066949367523e-02
1.725756563246250153e-02
3.091770224273204803e-03
-5.140307173132896423e-02
4.466908797621726990e-02
4.826374351978302002e-02
3.131829947233200073e-02
3.143073245882987976e-02
3.160216286778450012e-02
1.560725737363100052e-02
1.367060904158279300e-04
6.693494040518999100e-03
-2.188981976360082626e-03
2.938316017389297485e-02
2.113356441259384155e-02
-1.078658644109964371e-02
9.118686430156230927e-03
1.509325206279754639e-02
2.643479965627193451e-02
-4.191166255623102188e-03
6.978530902415513992e-03
2.424449659883975983e-02
-3.924204036593437195e-02
-1.474184077233076096e-02
-2.358864247798919678e-02
2.931844501290470362e-04
2.127767167985439301e-02
1.994336955249309540e-02
6.370700430124998093e-03
2.367442101240158081e-02
2.630334347486495972e-02
2.160110883414745331e-02
-1.948180049657821655e-02
5.772933363914489746e-03
1.734825596213340759e-02
2.656880952417850494e-02
2.387750335037708282e-02
-1.627202704548835754e-02
-2.125006169080734253e-03
-5.058042705059051514e-03
1.269206684082746506e-02
-3.743389621376991272e-03
-1.211408060044050217e-02
5.069202929735183716e-02
3.598873317241668701e-02
2.839506790041923523e-02
2.404553117230534554e-03
-1.203962322324514389e-02
-1.818046532571315765e-02
5.821194499731063843e-03
6.022601854056119919e-03
-6.010231561958789825e-03
-2.039251121459528804e-04
-3.208532184362411499e-02
2.181946299970149994e-02
-2.082989551126956940e-02
-4.161830246448516846e-02
8.564481511712074280e-03
-1.628950424492359161e-02
-1.036552153527736664e-02
1.816465519368648529e-02
-2.303404733538627625e-02
-3.822901286184787750e-03
-1.304754707962274551e-02
-3.721513971686363220e-02
-4.143411293625831604e-02
-3.596905246376991272e-02
8.005023747682571411e-02
9.529779851436614990e-02
7.622734457254409790e-02
4.769667610526084900e-02
2.380743063986301422e-02
4.864106699824333191e-02
-1.631633751094341278e-02
-8.275964297354221344e-03
-3.104150295257568359e-02
-8.180610090494155884e-02
-2.662690170109272003e-02
-1.090178452432155609e-02
-5.202619731426239014e-02
-3.941967710852622986e-02
-2.338077500462532043e-02
-3.455993905663490295e-02
-2.662074379622936249e-02
-5.393419414758682251e-02
1.144866421818733215e-01
1.359685808420181274e-01
1.409600768238306046e-02
1.588146388530731201e-01
-5.713726952672004700e-02
1.107340380549430847e-01
1.191559806466102600e-01
1.623138338327407837e-01
2.047069072723388672e-01
-5.032294988632202148e-02
-1.978752762079238892e-02
-1.287448853254318237e-01
1.088429987430572510e-01
-1.503908634185791016e-01
3.557304665446281433e-02
1.111434325575828552e-01
-1.167166382074356079e-01
-7.315326016396284103e-03
-1.079092025756835938e-01
-4.007643833756446838e-02
-1.263599693775177002e-01
-2.648018896579742432e-01
-2.097601741552352905e-01
-2.582059502601623535e-01
-9.421157836914062500e-02
-2.038740664720535278e-01
-1.678938120603561401e-01
5.825248733162879944e-02
1.916470825672149658e-01
-3.018520027399063110e-02
4.266654606908559799e-03
1.288909018039703369e-01
-7.996164262294769287e-02
-8.248496055603027344e-02
9.181006252765655518e-02
-1.324533224105834961e-01
-7.893252372741699219e-02
2.067182809114456177e-01
1.049552410840988159e-01
2.799684740602970123e-02
2.746277451515197754e-01
4.033686220645904541e-02
7.628770917654037476e-02
3.538338541984558105e-01
2.647687792778015137e-01
9.811397641897201538e-02
-1.574693471193313599e-01
2.097620815038681030e-01
2.387510426342487335e-02
-1.997575461864471436e-01
-1.224017515778541565e-02
1.814800053834915161e-01
5.946175381541252136e-02
9.754750877618789673e-02
2.605368494987487793e-01
8.142203092575073242e-02
7.544089108705520630e-02
-6.880418956279754639e-02
-1.449921578168869019e-01
-1.735085844993591309e-01
-2.397029288113117218e-02
-3.998091444373130798e-03
-9.758308529853820801e-02
-1.309443265199661255e-02
-9.591213427484035492e-03
-3.505816683173179626e-02
2.774384245276451111e-02
4.324945434927940369e-02
3.400703147053718567e-02
-2.167439088225364685e-02
-3.984114527702331543e-02
-5.035366117954254150e-02
9.206853061914443970e-02
4.873095080256462097e-02
-1.510423980653285980e-02
1.071624085307121277e-01
-1.534722149372100830e-01
-1.792728453874588013e-01
-1.434686779975891113e-01
-2.545360624790191650e-01
-1.408688575029373169e-01
-2.912733703851699829e-02
7.888769358396530151e-02
9.597144275903701782e-02
1.360558345913887024e-02
3.388839215040206909e-02
6.503350287675857544e-02
2.294659465551376343e-01
9.657356888055801392e-02
5.167607590556144714e-02
-4.305279254913330078e-01
-5.225221514701843262e-01
-5.842391848564147949e-01
-3.299773633480072021e-01
-7.964934110641479492e-01
-6.357153654098510742e-01
-2.966108322143554688e-01
-3.248949050903320312e-01
-2.761419713497161865e-01
-2.205451205372810364e-02
2.770503982901573181e-02
-4.456461966037750244e-02
-2.558411844074726105e-02
4.532088711857795715e-02
-1.634542457759380341e-02
-3.927553817629814148e-02
1.399285998195409775e-02
-6.309723109006881714e-02
-2.478107064962387085e-02
-1.316045224666595459e-01
-2.278564125299453735e-01
-1.725429756334051490e-04
-3.110226094722747803e-01
-4.401465058326721191e-01
-1.126214265823364258e-01
-3.819458186626434326e-01
-2.982590496540069580e-01
-4.292448982596397400e-02
2.792183309793472290e-02
-2.441868036985397339e-01
4.100613668560981750e-02
-2.453462481498718262e-01
-2.667701244354248047e-01
9.291115403175354004e-02
4.088507965207099915e-02
-1.153736934065818787e-01
2.342607676982879639e-01
1.227626726031303406e-01
-6.589937210083007812e-02
-1.399740129709243774e-01
5.408947356045246124e-03
7.046591490507125854e-02
2.096852660179138184e-02
-1.058193147182464600e-01
9.859716147184371948e-02
-3.143906593322753906e-02
-5.107523500919342041e-02
-2.147619724273681641e-01
-1.175112053751945496e-01
-1.096470579504966736e-01
-1.110202670097351074e-01
-1.738292127847671509e-01
-1.149827018380165100e-01
-3.671354427933692932e-02
2.674084603786468506e-01
1.454137861728668213e-01
-1.652736961841583252e-02
-1.208819374442100525e-01
-1.491264700889587402e-01
1.199159324169158936e-01
1.834283322095870972e-01
8.747391402721405029e-02
4.306901246309280396e-02
-3.337325900793075562e-02
8.498399704694747925e-02
-6.968707777559757233e-03
3.188840672373771667e-02
-1.467168480157852173e-01
1.103391796350479126e-01
-1.432080520316958427e-03
-8.608714491128921509e-02
-3.178794682025909424e-02
-1.815540529787540436e-02
-1.592933088541030884e-01
-1.848568581044673920e-02
-2.625933289527893066e-01
-2.386207133531570435e-01
-2.876648902893066406e-01
-1.011780425906181335e-01
-1.829601824283599854e-01
-3.211365342140197754e-01
-4.107560589909553528e-02
1.310873031616210938e-02
3.995508421212434769e-03
8.075843751430511475e-02
1.154594123363494873e-01
1.271487772464752197e-01
-1.102048754692077637e-01
-3.374646976590156555e-02
-1.583751104772090912e-02
-2.107227295637130737e-01
-4.014809057116508484e-02
-1.448836922645568848e-01
-2.690804302692413330e-01
-1.528806239366531372e-01
-2.392611354589462280e-01
-1.833945512771606445e-01
-1.714293509721755981e-01
-1.519090235233306885e-01
-2.391487210988998413e-01
3.413895145058631897e-02
1.003629863262176514e-01
-1.451433300971984863e-01
-1.990034878253936768e-01
1.260448545217514038e-01
-1.330405473709106445e-01
-7.237270474433898926e-02
1.065358594059944153e-01
1.609363406896591187e-02
-6.930263247340917587e-03
6.020444259047508240e-02
-8.066983520984649658e-02
-7.828868180513381958e-02
-4.361524805426597595e-02
1.497117429971694946e-02
-1.360991299152374268e-01
4.079506266862154007e-03
-8.720942586660385132e-02
-3.198625147342681885e-02
1.086608842015266418e-01
-1.354720350354909897e-02
-1.630448922514915466e-02
6.572421640157699585e-02
4.486106708645820618e-02
2.603894285857677460e-02
4.576256126165390015e-02
2.980040619149804115e-03
1.101162135601043701e-01
1.246655359864234924e-01
1.247406154870986938e-01
2.001146227121353149e-01
2.700121700763702393e-01
5.697152763605117798e-02
1.382607668638229370e-01
1.555087119340896606e-01
-2.440258301794528961e-02
3.950319811701774597e-02
6.884672492742538452e-02
3.248386457562446594e-02
-4.016613960266113281e-02
7.118148356676101685e-02
9.877929836511611938e-02
-7.152586430311203003e-02
-8.966627717018127441e-02
-1.345388311892747879e-02
1.574025303125381470e-01
7.958578318357467651e-02
2.831362560391426086e-02
2.583493664860725403e-02
7.265681773424148560e-02
-5.649858340620994568e-02
2.571030519902706146e-02
3.138124197721481323e-02
-9.747350215911865234e-02
-8.219262957572937012e-02
-2.158770803362131119e-03
-1.822911053895950317e-01
-1.602020412683486938e-01
-9.794838726520538330e-02
-1.332776397466659546e-01
-1.143787354230880737e-01
-6.526453047990798950e-02
4.085636138916015625e-02
-4.843743517994880676e-02
-1.599824801087379456e-02
1.284095048904418945e-01
1.253740340471267700e-01
-2.123614847660064697e-01
-5.364328622817993164e-02
6.621033884584903717e-03
-5.837615579366683960e-02
1.147575676441192627e-01
1.665914654731750488e-01
-9.926771372556686401e-02
-4.807990416884422302e-02
-3.886215761303901672e-02
2.103555053472518921e-01
6.730390340089797974e-02
1.175956130027770996e-01
-4.374322667717933655e-02
-2.333123534917831421e-01
-2.211392819881439209e-01
-1.011001244187355042e-01
-6.912358850240707397e-02
-2.954506687819957733e-02
5.388975888490676880e-02
-1.142135709524154663e-01
-2.475034147500991821e-01
3.451548889279365540e-02
-1.737389154732227325e-02
-2.371633350849151611e-01
3.363255411386489868e-02
-1.344531476497650146e-01
-4.392615258693695068e-01
-1.658789068460464478e-01
-1.511845830827951431e-02
-2.364852130413055420e-01
-2.547258436679840088e-01
2.081029117107391357e-02
5.747650191187858582e-02
4.356383532285690308e-02
-1.657762750983238220e-02
-3.830540552735328674e-02
-5.830167233943939209e-02
-5.647778045386075974e-03
-2.606657333672046661e-02
-8.011975139379501343e-02
-5.937876645475625992e-03
4.587254952639341354e-03
-1.407252345234155655e-02
1.433587633073329926e-02
-2.757897134870290756e-03
-2.302844775840640068e-03
1.137480046600103378e-02
-3.631796687841415405e-02
-5.811280570924282074e-03
4.721973463892936707e-02
-3.241122886538505554e-02
-4.884432628750801086e-02
2.270970027893781662e-03
-3.135427460074424744e-02
-3.416966879740357399e-03
-4.769743606448173523e-02
-2.517099492251873016e-02
-2.840369567275047302e-02
-6.460974458605051041e-03
-8.389738388359546661e-03
-2.549931034445762634e-02
2.322059869766235352e-02
1.798394694924354553e-02
-3.567083273082971573e-03
6.495020352303981781e-03
4.027737770229578018e-03
5.874836351722478867e-03
-1.226518116891384125e-02
-2.506827749311923981e-02
3.115852363407611847e-02
-4.044343158602714539e-02
-1.483000256121158600e-02
3.219284117221832275e-02
-2.020242158323526382e-03
1.334836799651384354e-02
2.919671125710010529e-02
-1.143785193562507629e-02
-2.244784869253635406e-02
-2.299869619309902191e-02
3.371954709291458130e-02
9.928293526172637939e-03
-7.213338278234004974e-03
6.226351112127304077e-02
5.149305984377861023e-02
4.834779538214206696e-03
-1.035643275827169418e-02
-1.221084222197532654e-02
-8.204760379157960415e-04
-7.270934991538524628e-03
1.136804651468992233e-02
2.002886869013309479e-02
-3.658813983201980591e-02
-6.559262983500957489e-03
2.772480063140392303e-02
3.993132337927818298e-02
4.728573188185691833e-02
4.114656522870063782e-02
5.255299434065818787e-02
5.609317868947982788e-02
4.579908400774002075e-02
4.204898700118064880e-02
4.900493472814559937e-02
4.183999449014663696e-02
-2.959751710295677185e-02
-2.894582040607929230e-02
-1.215992402285337448e-02
-1.919911801815032959e-02
-3.661290928721427917e-02
-2.080994658172130585e-02
-1.680408790707588196e-02
-1.133377011865377426e-02
-2.392250113189220428e-02
-3.149485588073730469e-02
-2.576424740254878998e-02
-2.508455328643321991e-02
1.462609414011240005e-02
6.031232187524437904e-04
7.445883005857467651e-03
2.599784545600414276e-02
2.833694219589233398e-02
3.745448589324951172e-02
-4.571718722581863403e-02
-3.416416049003601074e-02
-1.981771923601627350e-02
1.131407078355550766e-02
-9.012085385620594025e-03
1.182138826698064804e-02
2.079251408576965332e-02
1.099709700793027878e-02
1.092445291578769684e-02
3.453525016084313393e-03
5.764285568147897720e-03
8.876862935721874237e-03
-4.683251306414604187e-02
-4.554888606071472168e-02
-4.422263428568840027e-02
-5.088246613740921021e-02
-5.011843517422676086e-02
-4.958406463265419006e-02
-5.027185752987861633e-02
-2.013251371681690216e-02
2.099335379898548126e-02
-2.776748128235340118e-02
6.918835919350385666e-03
2.395599335432052612e-02
-1.665350608527660370e-02
2.629078552126884460e-02
2.807868085801601410e-02
2.111611887812614441e-02
3.022455796599388123e-02
-8.116594515740871429e-03
3.408421576023101807e-02
1.239030715078115463e-02
1.553637534379959106e-02
1.076263096183538437e-02
8.815594017505645752e-03
1.740183914080262184e-03
1.963305473327636719e-02
-9.171710349619388580e-03
-2.575329877436161041e-02
4.742199182510375977e-02
3.416093066334724426e-02
3.722761059179902077e-03
-1.306408201344311237e-03
-2.121354080736637115e-02
-3.725732117891311646e-02
1.156160142272710800e-02
9.243065491318702698e-03
-3.176988568156957626e-03
2.485475735738873482e-03
-8.294600993394851685e-03
2.723158709704875946e-02
4.449031315743923187e-03
2.122095087543129921e-03
5.607175454497337341e-02
4.793180152773857117e-02
-1.235519442707300186e-02
-6.216102093458175659e-02
-3.622435266152024269e-03
-4.159164801239967346e-02
-6.375272572040557861e-02
2.792748995125293732e-02
-7.844503037631511688e-03
1.310442574322223663e-03
-1.069007813930511475e-02
1.074158772826194763e-02
-1.165777631103992462e-02
6.398519873619079590e-02
1.092036589980125427e-01
-8.753743954002857208e-03
5.215270444750785828e-02
4.953327029943466187e-02
-6.829413119703531265e-03
1.139992382377386093e-02
1.328538805246353149e-01
8.440082520246505737e-02
5.972469970583915710e-02
1.535837054252624512e-01
7.650935649871826172e-02
-1.044989377260208130e-01
7.335290312767028809e-02
6.983675807714462280e-02
-1.183221340179443359e-01
1.564733870327472687e-02
4.189565312117338181e-03
-1.711913384497165680e-02
1.195339187979698181e-01
1.246214583516120911e-01
1.224316097795963287e-02
7.903386652469635010e-02
9.094678796827793121e-03
-1.208926783874630928e-03
-3.898647055029869080e-02
-2.410684525966644287e-02
5.073423683643341064e-02
-2.952108718454837799e-02
8.876785635948181152e-03
2.307697385549545288e-02
-6.496903300285339355e-02
-4.114006832242012024e-02
-7.306508719921112061e-02
-3.816063690464943647e-04
2.061415091156959534e-02
-3.213762491941452026e-02
2.813196741044521332e-02
5.279796198010444641e-02
-3.818953409790992737e-02
4.453222081065177917e-02
8.860703557729721069e-02
-7.010834664106369019e-02
5.977637320756912231e-02
6.617639958858489990e-02
1.886519975960254669e-02
1.738568097352981567e-01
1.511115729808807373e-01
5.586487427353858948e-02
1.156069636344909668e-01
9.302204847335815430e-02
-9.753864258527755737e-02
-8.741471916437149048e-02
-8.556603640317916870e-02
-5.226612836122512817e-02
-4.336630925536155701e-02
-3.854333236813545227e-02
-5.002427846193313599e-02
-2.700725197792053223e-02
-1.213482022285461426e-02
7.432652264833450317e-02
9.090214222669601440e-02
4.433783888816833496e-02
4.765243083238601685e-02
2.966740168631076813e-02
5.771036446094512939e-02
5.270130187273025513e-02
7.402116898447275162e-03
4.499671515077352524e-03
2.053770609200000763e-02
4.036906361579895020e-02
8.403569459915161133e-03
1.361488699913024902e-01
9.159763902425765991e-02
3.367193415760993958e-02
1.652265489101409912e-01
1.320728212594985962e-01
3.585736081004142761e-02
-8.817229419946670532e-02
-2.986801788210868835e-02
-4.159596562385559082e-02
-6.345239281654357910e-02
4.367004334926605225e-02
3.746979311108589172e-02
-1.391103118658065796e-02
4.624794796109199524e-02
3.725123405456542969e-02
2.864827365556266159e-05
4.801762849092483521e-02
4.832156747579574585e-02
-3.315320611000061035e-02
7.946341298520565033e-03
1.445807144045829773e-02
6.764528155326843262e-02
1.143020167946815491e-01
1.293140649795532227e-01
-4.010073468089103699e-02
-1.094603538513183594e-01
-3.739864751696586609e-02
-1.420711725950241089e-01
-1.709931194782257080e-01
-3.365808352828025818e-02
-4.609733447432518005e-02
-9.807913750410079956e-02
-1.792656257748603821e-02
2.136321738362312317e-02
5.325280874967575073e-02
1.228251084685325623e-01
4.983928799629211426e-02
8.967011421918869019e-02
6.728900969028472900e-02
3.420560620725154877e-03
1.729811169207096100e-02
2.915297076106071472e-02
-3.083899430930614471e-02
3.844333067536354065e-02
2.368662692606449127e-02
-6.865958124399185181e-02
8.061405271291732788e-03
6.187663599848747253e-02
-1.647448539733886719e-02
5.230838060379028320e-02
4.970024898648262024e-02
6.963962316513061523e-02
7.322274148464202881e-02
6.121627241373062134e-02
9.913900867104530334e-03
1.149142831563949585e-01
1.317620873451232910e-01
-1.356783043593168259e-02
8.843819051980972290e-02
1.909756101667881012e-02
