9.231087565422058105e-02
1.788890361785888672e-01
8.338306099176406860e-02
8.459042012691497803e-02
1.030407026410102844e-01
5.296874791383743286e-02
1.595810204744338989e-01
2.477650344371795654e-01
1.198126748204231262e-01
-4.068262875080108643e-02
-2.417220547795295715e-02
1.874287053942680359e-02
-1.675491966307163239e-02
-5.349316075444221497e-02
-3.905978798866271973e-02
-1.928124204277992249e-02
-3.857761248946189880e-02
-3.987072408199310303e-02
-3.361649811267852783e-02
-2.107380330562591553e-02
-7.897261530160903931e-03
-3.391967713832855225e-02
7.182319462299346924e-02
1.032305210828781128e-01
1.359287556260824203e-02
1.825576089322566986e-02
4.644493758678436279e-02
1.637053489685058594e-02
-2.184764668345451355e-02
-1.532862801104784012e-02
6.872040778398513794e-02
1.951073296368122101e-02
5.460284184664487839e-03
-3.135179355740547180e-02
-5.761976540088653564e-02
-3.153576701879501343e-02
-3.092761710286140442e-02
-2.473311685025691986e-02
-3.144020959734916687e-02
-1.266769971698522568e-02
9.336406365036964417e-03
9.187608025968074799e-03
1.477932790294289589e-03
1.130183413624763489e-02
9.121612645685672760e-03
1.863930607214570045e-03
-2.811567857861518860e-02
-1.582218147814273834e-02
2.633783780038356781e-02
-5.137156695127487183e-02
-1.063057035207748413e-02
-3.166939690709114075e-02
-5.015246942639350891e-02
-1.938245259225368500e-02
-1.837345398962497711e-02
3.649882227182388306e-02
3.061538748443126678e-02
1.515732379630208015e-03
9.715583175420761108e-02
8.848226815462112427e-02
-5.725859478116035461e-02
-1.278577838093042374e-02
1.585923880338668823e-02
-1.076327264308929443e-02
-1.031971536576747894e-02
-4.570282623171806335e-02
-4.935712553560733795e-03
-1.062121242284774780e-02
-4.443463310599327087e-02
-5.158852320164442062e-03
-2.484851516783237457e-03
-1.825498603284358978e-02
-5.988825857639312744e-02
-2.965081855654716492e-02
2.445458993315696716e-02
5.202934145927429199e-03
2.810071967542171478e-02
4.601599648594856262e-02
-4.566767439246177673e-02
7.557676290161907673e-04
2.453516982495784760e-02
1.202130317687988281e-02
8.602923154830932617e-02
1.353695616126060486e-02
5.023197829723358154e-02
1.294049769639968872e-01
6.301470845937728882e-02
1.975455507636070251e-02
9.334464371204376221e-02
2.139071002602577209e-02
-7.693418115377426147e-02
-1.706334878690540791e-04
-1.577005721628665924e-02
-2.226303797215223312e-03
5.654364824295043945e-02
-1.583822630345821381e-02
-4.738574102520942688e-02
-4.837813228368759155e-02
3.094316693022847176e-03
-2.511931397020816803e-02
-5.456965416669845581e-02
-3.821703046560287476e-02
-3.795984014868736267e-02
-7.074649631977081299e-02
-5.898173525929450989e-02
-4.551526159048080444e-02
-7.351837307214736938e-02
-6.613628566265106201e-02
-1.721443794667720795e-02
-5.633547902107238770e-02
5.829384084790945053e-03
3.495212271809577942e-02
9.028363227844238281e-02
4.289950430393218994e-02
-1.019484084099531174e-02
1.021417826414108276e-01
6.317196041345596313e-02
6.264096591621637344e-03
2.180301770567893982e-02
3.746376559138298035e-02
-2.790693938732147217e-02
7.607342675328254700e-03
8.571118116378784180e-02
-2.176586166024208069e-02
5.441023036837577820e-02
6.079604104161262512e-02
2.217304334044456482e-02
1.188592761754989624e-01
1.207519918680191040e-01
2.060282528400421143e-01
2.466792911291122437e-01
1.823725998401641846e-01
6.069188565015792847e-02
1.558107137680053711e-01
9.682469815015792847e-02
-5.615605041384696960e-02
8.384434878826141357e-02
5.221850425004959106e-02
-4.618841409683227539e-02
1.697263866662979126e-02
8.961217105388641357e-02
8.531420025974512100e-04
1.121325567364692688e-01
1.021783426403999329e-01
-7.090386934578418732e-03
-1.996411941945552826e-02
2.423268370330333710e-02
-6.384782027453184128e-03
-2.589623630046844482e-02
-1.363375969231128693e-02
-2.210164815187454224e-02
-2.574129728600382805e-03
-2.871785080060362816e-03
-9.589064121246337891e-02
7.135545462369918823e-02
-3.374761715531349182e-02
-5.040113255381584167e-02
1.470118295401334763e-02
-2.770946919918060303e-02
-4.733290895819664001e-02
-3.515752032399177551e-02
-6.838026642799377441e-02
2.225621975958347321e-02
-4.068361595273017883e-02
-5.034712702035903931e-02
-3.267487045377492905e-03
4.967905208468437195e-02
-7.053796201944351196e-02
6.525847315788269043e-02
7.443988695740699768e-03
-6.417412310838699341e-02
-1.129314377903938293e-01
6.462752819061279297e-02
9.133800119161605835e-02
-2.331085801124572754e-01
9.735482931137084961e-02
8.450297266244888306e-02
-1.405668258666992188e-01
1.272503882646560669e-01
8.098464459180831909e-02
2.807043120265007019e-02
-1.408893708139657974e-02
-1.679977960884571075e-02
6.630147993564605713e-02
-5.020510032773017883e-02
1.613461785018444061e-02
6.559978704899549484e-03
-3.487150743603706360e-02
-4.476940631866455078e-02
8.957391232252120972e-02
-8.468525111675262451e-02
1.928414702415466309e-01
1.122810468077659607e-01
-3.368166089057922363e-02
2.440110445022583008e-01
7.928949594497680664e-02
4.614325985312461853e-02
1.722172945737838745e-01
9.235828183591365814e-03
-7.797011174261569977e-03
7.514987140893936157e-02
-1.879163645207881927e-02
1.123510021716356277e-02
1.944167306646704674e-04
-9.417545050382614136e-02
8.051799982786178589e-02
3.030617907643318176e-02
-3.235838189721107483e-02
-3.533278405666351318e-02
2.251264080405235291e-02
-2.646963484585285187e-02
-3.799927234649658203e-02
1.316494122147560120e-02
-1.780651509761810303e-02
-2.023268863558769226e-02
5.094362888485193253e-03
-5.942005291581153870e-02
8.723464794456958771e-03
3.543269634246826172e-02
-1.131308227777481079e-01
1.079101860523223877e-02
7.962545752525329590e-02
-3.791192173957824707e-02
7.627603411674499512e-02
4.485449567437171936e-02
2.122065611183643341e-02
-7.968530990183353424e-03
2.241600491106510162e-02
-2.377808652818202972e-02
-1.745249889791011810e-02
-8.007708820514380932e-04
-4.099310189485549927e-02
-1.934245042502880096e-02
4.845852032303810120e-03
-3.467223793268203735e-02
1.405799668282270432e-02
-4.232710227370262146e-03
-5.412735510617494583e-03
-6.752054672688245773e-03
-1.956234872341156006e-02
-5.337864533066749573e-02
6.885712500661611557e-04
-9.913257509469985962e-02
-3.760015964508056641e-02
-1.743826270103454590e-02
-2.693947963416576385e-02
-3.568364679813385010e-02
-1.755619235336780548e-02
-2.223411761224269867e-02
1.916962210088968277e-03
1.927391439676284790e-02
7.544296793639659882e-03
1.951820217072963715e-02
3.539361525326967239e-03
7.948862388730049133e-03
-3.656114637851715088e-02
-1.354273501783609390e-02
-4.644693434238433838e-02
-2.582915499806404114e-02
-5.631774291396141052e-02
7.305549457669258118e-03
2.910742908716201782e-02
-2.787928655743598938e-02
-3.532433882355690002e-02
6.902346760034561157e-02
-4.036391898989677429e-02
-3.189394623041152954e-02
-1.086786296218633652e-02
4.945108294486999512e-02
-8.799627423286437988e-02
2.247483842074871063e-02
-1.915747113525867462e-02
-2.534701675176620483e-02
9.594367817044258118e-03
-7.814557105302810669e-02
1.823502406477928162e-02
4.622470587491989136e-02
-3.428949788212776184e-02
1.177554298192262650e-02
2.164385281503200531e-02
-4.723026230931282043e-02
-1.543848775327205658e-02
2.044136822223663330e-02
-4.122144542634487152e-03
6.551968306303024292e-02
1.607082225382328033e-02
3.834347054362297058e-02
9.796055406332015991e-02
2.411274937912821770e-03
-6.812533736228942871e-02
-2.266486547887325287e-02
4.552725329995155334e-02
9.035330265760421753e-02
-2.496082149446010590e-02
2.705102600157260895e-02
1.498809899203479290e-03
-1.567524857819080353e-02
4.316161503084003925e-04
-4.948420450091362000e-03
6.698168069124221802e-02
-6.463783327490091324e-03
6.724732369184494019e-02
-1.057517156004905701e-02
6.074132770299911499e-02
1.816034503281116486e-02
2.133806794881820679e-02
6.634540855884552002e-02
-8.138241618871688843e-02
-8.154629170894622803e-02
6.815323978662490845e-02
-3.605151176452636719e-02
-6.047317385673522949e-02
-3.575200587511062622e-02
1.826215721666812897e-02
2.703797258436679840e-02
6.024195626378059387e-02
2.491231821477413177e-02
9.170338511466979980e-03
3.333888575434684753e-02
4.159959778189659119e-02
6.324136257171630859e-02
-3.069055266678333282e-02
-4.714770615100860596e-02
-3.045453689992427826e-03
-8.362987637519836426e-02
-1.524448115378618240e-02
-5.833972245454788208e-03
2.928902022540569305e-02
1.172018703073263168e-02
3.991090133786201477e-02
1.810833066701889038e-02
9.078685194253921509e-03
-2.755960449576377869e-02
-3.942085802555084229e-02
-2.959194220602512360e-02
-5.878807604312896729e-02
2.413492836058139801e-02
1.720456965267658234e-02
5.853857845067977905e-02
-6.054928060621023178e-03
3.168939845636487007e-03
9.234131872653961182e-02
-1.194120850414037704e-02
-1.400682609528303146e-02
-9.498412720859050751e-03
-1.588990911841392517e-02
-4.141269717365503311e-03
-8.638661354780197144e-02
5.754741281270980835e-02
3.469946980476379395e-02
-1.908466592431068420e-02
-2.635584957897663116e-02
-1.161735621280968189e-03
2.024420909583568573e-02
-6.985203176736831665e-02
-4.789575934410095215e-02
-2.538781054317951202e-02
-6.406097859144210815e-02
-6.289441138505935669e-02
-5.656099319458007812e-02
-6.583924405276775360e-03
5.433535203337669373e-02
7.899890840053558350e-02
-4.630456678569316864e-03
4.622420296072959900e-02
6.215378642082214355e-02
-5.333614349365234375e-02
-1.528817787766456604e-02
1.863238960504531860e-02
2.148738875985145569e-02
1.849421486258506775e-02
-6.877471227198839188e-03
4.712353274226188660e-02
3.060048073530197144e-02
5.903090350329875946e-03
3.172484412789344788e-02
6.128919124603271484e-02
-8.908928139135241508e-04
-4.099188372492790222e-03
-2.139575593173503876e-02
-2.258729748427867889e-02
-2.439330704510211945e-02
1.370819211006164551e-01
-2.263633720576763153e-02
6.442424654960632324e-02
5.496732145547866821e-02
6.461725383996963501e-02
2.792549692094326019e-02
1.411627233028411865e-02
2.723795734345912933e-02
-3.757640719413757324e-03
-2.774036116898059845e-02
-1.845667138695716858e-02
-4.235701262950897217e-02
-6.521574407815933228e-02
-6.621485948562622070e-02
-7.591037452220916748e-02
3.417469328269362450e-03
-2.417950704693794250e-02
3.604756295680999756e-02
9.306178987026214600e-02
1.468064635992050171e-01
6.890460848808288574e-02
1.302031278610229492e-01
8.091856539249420166e-02
4.973599314689636230e-02
2.756408415734767914e-03
-4.260750859975814819e-02
-5.650121252983808517e-03
5.284115672111511230e-02
1.969095319509506226e-02
-2.908886224031448364e-02
-2.092281915247440338e-02
6.585633009672164917e-02
-1.480624359101057053e-02
-3.013474866747856140e-02
-7.328249514102935791e-02
3.605710715055465698e-02
-3.640411188825964928e-03
-1.256283968687057495e-01
-4.352724552154541016e-02
-3.532460425049066544e-03
-9.640224277973175049e-02
1.971060782670974731e-02
-7.741870731115341187e-02
-1.352209001779556274e-01
3.558465465903282166e-02
-3.789412602782249451e-02
-7.400159537792205811e-02
4.205708205699920654e-02
-2.992549538612365723e-02
2.634687907993793488e-02
-5.747240781784057617e-02
-9.914964437484741211e-02
-4.918384924530982971e-02
2.531564980745315552e-02
6.800571829080581665e-02
5.511576309800148010e-02
9.430704638361930847e-03
2.566201053559780121e-02
1.007328033447265625e-01
3.018387593328952789e-02
3.459371253848075867e-02
2.164650335907936096e-02
2.617158368229866028e-02
-2.467931061983108521e-02
9.079404175281524658e-02
4.537026211619377136e-02
5.135635659098625183e-02
8.450383692979812622e-02
-6.795933097600936890e-02
-5.223973095417022705e-02
9.381488896906375885e-03
-7.024048268795013428e-02
-1.265011131763458252e-01
-6.335019320249557495e-02
-2.875617891550064087e-02
-4.687716066837310791e-02
-1.753684692084789276e-02
3.279438614845275879e-02
5.064397305250167847e-02
3.497933968901634216e-02
-3.436600044369697571e-02
-5.805182456970214844e-02
-2.596299536526203156e-02
9.478238411247730255e-03
-5.461460724472999573e-02
-1.312218047678470612e-02
-6.257194280624389648e-02
-1.868152432143688202e-02
-7.426805794239044189e-02
-4.758563265204429626e-02
-8.582473546266555786e-02
-5.640323087573051453e-02
3.948077932000160217e-02
-2.299071848392486572e-02
3.609172627329826355e-02
9.959916770458221436e-02
6.161648780107498169e-02
6.402441766113042831e-03
3.846313059329986572e-02
2.120294608175754547e-02
-4.133020713925361633e-02
-2.978253178298473358e-02
4.768422245979309082e-02
2.186571434140205383e-02
-1.083200518041849136e-02
-3.466439992189407349e-02
-4.478174075484275818e-02
-4.988845810294151306e-02
-1.075266078114509583e-01
-9.275933355093002319e-02
-1.622650399804115295e-02
-8.309859037399291992e-02
-3.265517950057983398e-02
-6.754080206155776978e-02
-5.326642841100692749e-02
-5.517703667283058167e-02
7.527997251600027084e-03
2.208803780376911163e-02
1.221641059964895248e-02
5.144220590591430664e-02
4.442178830504417419e-02
2.105676382780075073e-02
-1.110667828470468521e-02
-1.880242861807346344e-02
-1.294292416423559189e-02
9.679407626390457153e-02
8.350863307714462280e-02
5.493406951427459717e-02
3.905025869607925415e-02
1.145142763853073120e-01
1.158971637487411499e-01
-1.018671691417694092e-02
-2.423490863293409348e-03
3.643678035587072372e-03
-1.783727481961250305e-02
-1.009115949273109436e-03
1.517796702682971954e-02
5.201176926493644714e-02
1.077324822545051575e-01
1.026189997792243958e-01
5.348196998238563538e-02
-3.304624464362859726e-03
-4.873827099800109863e-02
-1.056586112827062607e-02
1.080817207694053650e-01
-2.792035229504108429e-04
3.910278901457786560e-02
5.735899135470390320e-02
7.841686159372329712e-02
-5.119119212031364441e-02
-4.473061114549636841e-02
-6.143315881490707397e-02
3.211949020624160767e-02
3.318226709961891174e-02
9.011359885334968567e-03
1.044363752007484436e-01
1.017118096351623535e-01
7.736113667488098145e-02
5.189204961061477661e-02
7.110300660133361816e-02
1.732781995087862015e-03
5.654709786176681519e-02
1.386025696992874146e-01
4.180304333567619324e-02
1.661709696054458618e-02
1.097259819507598877e-01
7.125308364629745483e-02
-3.874073922634124756e-02
3.282376378774642944e-02
6.358915567398071289e-02
-3.370465710759162903e-02
-4.760921373963356018e-02
2.709441445767879486e-02
-2.246195636689662933e-02
7.733247242867946625e-03
-1.730525679886341095e-02
-3.476186841726303101e-02
-4.585306718945503235e-02
-5.524154752492904663e-02
-9.381104260683059692e-03
-8.547324687242507935e-02
-4.847420379519462585e-02
-3.388785570859909058e-02
-8.589259535074234009e-02
-6.779582053422927856e-02
-5.988460034132003784e-02
-1.326935887336730957e-01
1.512797549366950989e-02
-5.871328338980674744e-02
-1.306139528751373291e-01
-5.039145797491073608e-02
4.936509951949119568e-02
-8.001144230365753174e-02
-6.400392204523086548e-02
4.623574391007423401e-02
-1.761995069682598114e-02
2.554478123784065247e-02
1.248130574822425842e-01
1.379383355379104614e-01
9.358706325292587280e-02
-2.169254701584577560e-03
9.165730327367782593e-03
1.361913140863180161e-02
4.286191239953041077e-02
-3.685888648033142090e-02
6.935276091098785400e-02
-4.161534458398818970e-02
1.117380484938621521e-01
1.453144010156393051e-02
3.627433255314826965e-02
-4.868701566010713577e-03
2.150239609181880951e-02
-1.477057207375764847e-02
-4.781154450029134750e-03
-3.951044753193855286e-02
7.243946194648742676e-02
1.759961806237697601e-02
-8.870816789567470551e-03
3.177308663725852966e-02
3.635289892554283142e-02
2.809063345193862915e-02
2.628505229949951172e-02
-6.419565062969923019e-03
7.157643139362335205e-02
-2.215267159044742584e-02
-3.384523838758468628e-02
-3.026140294969081879e-02
4.383300617337226868e-02
5.329224746674299240e-03
7.694082334637641907e-03
6.012386642396450043e-03
-6.770715117454528809e-02
-1.342018973082304001e-02
-1.622509583830833435e-02
-1.734529435634613037e-02
-7.711793296039104462e-03
-2.744618803262710571e-02
4.168412089347839355e-02
-4.861643537878990173e-03
-2.247433178126811981e-02
5.055079609155654907e-02
-3.016266226768493652e-02
-2.571864426136016846e-02
1.171274017542600632e-02
8.019762486219406128e-02
-3.664960712194442749e-02
-3.383347019553184509e-02
3.122739028185606003e-03
-8.074978739023208618e-02
-7.717165350914001465e-02
-7.120603322982788086e-02
-5.722482502460479736e-02
-7.530174404382705688e-02
-9.500804543495178223e-02
-3.887560591101646423e-02
-5.974538251757621765e-02
-8.179605752229690552e-02
-1.565380604006350040e-03
6.931001786142587662e-03
1.152679696679115295e-02
1.091217529028654099e-02
1.826165616512298584e-02
1.829558983445167542e-02
2.117832191288471222e-02
3.327369317412376404e-02
2.892789058387279510e-02
-5.217693746089935303e-02
-6.477425992488861084e-02
5.020475946366786957e-03
-4.411481693387031555e-02
6.929495837539434433e-03
-2.539161033928394318e-02
-1.767777651548385620e-02
3.864613361656665802e-03
-1.129261218011379242e-02
-3.902690857648849487e-02
-2.929029613733291626e-02
2.360915532335639000e-03
-2.411876246333122253e-02
2.582245320081710815e-02
-5.462049506604671478e-03
2.049706317484378815e-02
3.330531716346740723e-02
-1.618374721147119999e-03
-8.243830502033233643e-02
-6.411900371313095093e-02
-8.223051577806472778e-02
-1.035387367010116577e-01
-7.972099818289279938e-03
-1.713397540152072906e-02
-4.859169945120811462e-02
-6.859163939952850342e-02
-3.896167874336242676e-02
3.809681162238121033e-02
3.727137669920921326e-02
3.072867356240749359e-02
6.605958938598632812e-02
6.566761434078216553e-02
5.778906494379043579e-02
1.919178292155265808e-02
1.963927596807479858e-02
8.501565083861351013e-03
-2.797754667699337006e-02
6.846029311418533325e-03
-3.603454679250717163e-02
-2.917705290019512177e-02
3.157827630639076233e-02
5.569799989461898804e-02
-2.475658804178237915e-02
7.077831774950027466e-02
1.683655567467212677e-02
9.716392308473587036e-02
-2.100554993376135826e-03
1.312370002269744873e-01
6.168752536177635193e-02
2.256235629320144653e-01
1.010924279689788818e-01
5.515838786959648132e-02
5.831406638026237488e-02
1.750730723142623901e-01
3.737458586692810059e-02
1.195764988660812378e-01
6.298453360795974731e-02
1.965135335922241211e-02
-1.081286668777465820e-01
9.035526774823665619e-03
1.513181632617488503e-04
1.211240813136100769e-01
5.919213965535163879e-02
-4.509118571877479553e-02
-3.967439010739326477e-02
-8.799973875284194946e-02
2.948180772364139557e-02
1.086996030062437057e-02
-8.292192220687866211e-02
1.960620470345020294e-02
-5.618228018283843994e-02
-1.029678657650947571e-01
2.181003801524639130e-02
4.411049559712409973e-02
3.716507554054260254e-02
-6.499591749161481857e-03
2.856052853167057037e-02
1.100284606218338013e-02
1.083205454051494598e-02
1.538097858428955078e-02
-2.000279352068901062e-02
-2.725252136588096619e-02
-1.461253035813570023e-02
1.073692226782441139e-03
-2.678661607205867767e-02
-1.856412179768085480e-02
7.045301608741283417e-03
5.431687925010919571e-03
5.860379314981400967e-04
1.187579333782196045e-02
1.106733176857233047e-02
3.622764255851507187e-03
-6.642491091042757034e-03
-2.702680788934230804e-02
2.772162260953336954e-04
4.032465443015098572e-02
-3.526674211025238037e-02
1.076243910938501358e-02
4.312556982040405273e-02
3.190845623612403870e-02
-2.711184788495302200e-04
-3.953083232045173645e-02
7.450638711452484131e-02
1.771997287869453430e-02
-1.353112887591123581e-02
3.680871427059173584e-02
-1.580142043530941010e-02
-3.452777490019798279e-02
-1.554903574287891388e-02
-1.301092468202114105e-02
6.567919161170721054e-03
-9.474784135818481445e-03
2.495902404189109802e-02
3.952754661440849304e-02
-2.496523084118962288e-03
3.533596871420741081e-03
9.674471803009510040e-03
-1.165353320538997650e-02
-3.747854381799697876e-02
-2.093756757676601410e-02
1.819235458970069885e-02
-1.154956407845020294e-02
1.079672947525978088e-02
2.097526012221351266e-04
-2.458095550537109375e-03
-2.181369112804532051e-03
-4.869561269879341125e-02
-3.001029416918754578e-02
-5.479081347584724426e-02
-1.635507866740226746e-02
-1.424721814692020416e-02
1.163314562290906906e-02
-4.255435988306999207e-02
-1.880460791289806366e-02
-2.209519268944859505e-03
-9.914581663906574249e-03
-1.200164947658777237e-02
-2.838749065995216370e-02
-1.015235483646392822e-02
-1.235960796475410461e-02
-2.889260090887546539e-02
-1.542133372277021408e-02
-1.653724908828735352e-02
-3.113525919616222382e-02
2.014054171741008759e-02
-1.930067874491214752e-02
-2.669992670416831970e-02
4.376383498311042786e-02
4.827560856938362122e-03
-3.344099223613739014e-02
3.212205320596694946e-02
6.295511499047279358e-03
-2.920579537749290466e-02
-8.409616537392139435e-03
-3.500661998987197876e-02
-3.724841400980949402e-02
2.310520038008689880e-02
2.681502327322959900e-02
1.485061924904584885e-02
1.277962978929281235e-02
2.500213123857975006e-02
1.337862294167280197e-02
-1.774576492607593536e-02
4.222039133310317993e-02
2.482726238667964935e-02
-1.444985065609216690e-02
4.254372790455818176e-02
3.807495906949043274e-02
2.368190139532089233e-02
2.387659624218940735e-02
-1.896032504737377167e-02
4.055915027856826782e-02
5.157254263758659363e-02
5.382831767201423645e-02
-3.015235764905810356e-03
7.635781541466712952e-03
7.510288152843713760e-03
-3.516669198870658875e-02
-2.238252013921737671e-02
-2.279528416693210602e-02
-3.481892868876457214e-02
-1.735854707658290863e-02
1.504415832459926605e-02
-3.115862794220447540e-02
-2.580911386758089066e-03
4.431571811437606812e-03
-1.905582658946514130e-02
1.184528693556785583e-02
3.860376775264739990e-02
-1.303459634073078632e-03
-2.413399750366806984e-03
7.418486289680004120e-03
-8.886056952178478241e-03
-4.028344992548227310e-03
1.527697592973709106e-02
-4.611986503005027771e-02
-3.579320758581161499e-02
-2.387524023652076721e-02
-4.070925340056419373e-02
-6.617181748151779175e-02
-4.171476885676383972e-02
-9.704788215458393097e-03
2.632945403456687927e-02
-1.697251573204994202e-02
-6.131073459982872009e-02
-1.279282197356224060e-02
-1.293425634503364563e-02
2.582950110081583261e-04
-2.237351983785629272e-02
1.633013598620891571e-03
-2.782638417556881905e-03
2.629829756915569305e-02
-7.170244585722684860e-03
-4.423046484589576721e-03
1.592263579368591309e-02
6.290944665670394897e-02
-1.776216924190521240e-02
1.500992942601442337e-02
3.578209877014160156e-02
1.727731153368949890e-02
6.090617273002862930e-03
-3.939868137240409851e-02
-3.772774944081902504e-03
1.787164248526096344e-03
-5.880165845155715942e-02
5.120422318577766418e-02
2.065488882362842560e-02
8.555407822132110596e-02
1.370933502912521362e-01
1.946777552366256714e-01
1.542841047048568726e-01
-4.077225166838616133e-04
9.498561173677444458e-02
5.042150989174842834e-02
3.551451489329338074e-03
-4.173331707715988159e-02
-2.379020676016807556e-02
-2.013842388987541199e-02
4.453865811228752136e-02
2.479787543416023254e-02
-1.985361799597740173e-02
3.811207786202430725e-02
4.862909764051437378e-02
3.677462413907051086e-02
-1.045019831508398056e-02
-4.110808484256267548e-03
3.767120186239480972e-03
-1.614251174032688141e-02
-4.077996686100959778e-02
1.346630451735109091e-04
-9.842365048825740814e-03
2.052983827888965607e-02
1.399358808994293213e-01
7.262159138917922974e-02
1.580173373222351074e-01
2.028120905160903931e-01
6.425887346267700195e-02
2.467837333679199219e-01
1.325477361679077148e-01
7.447698712348937988e-02
1.633222252130508423e-01
-2.340343222022056580e-02
3.739128261804580688e-02
-1.365466509014368057e-02
-3.862962592393159866e-03
9.654874354600906372e-02
9.934800863265991211e-02
-4.714583232998847961e-02
1.193462535738945007e-01
6.784612685441970825e-02
-2.053997106850147247e-02
-2.935608848929405212e-03
-6.692903116345405579e-03
5.696956068277359009e-04
-1.551042683422565460e-02
2.156268164981156588e-04
-4.139849543571472168e-02
-3.062949515879154205e-02
1.942394860088825226e-02
1.449814904481172562e-02
2.946353331208229065e-02
3.808047994971275330e-02
-8.228127844631671906e-03
2.098102681338787079e-02
3.463985025882720947e-02
-1.470139157027006149e-02
2.068378217518329620e-02
3.483268991112709045e-02
-1.534099224954843521e-02
-1.322514191269874573e-02
-1.857420243322849274e-02
-1.276959665119647980e-02
3.979333676397800446e-03
6.079872837290167809e-04
5.256142467260360718e-03
3.872568532824516296e-02
3.943033516407012939e-02
-1.559045817703008652e-02
-4.395592212677001953e-02
-1.971662603318691254e-02
-6.248768419027328491e-03
-2.010614052414894104e-02
1.250034850090742111e-02
9.396218694746494293e-03
5.247903172858059406e-04
5.966446828097105026e-03
-2.977399528026580811e-02
2.117737382650375366e-02
1.834337948821485043e-03
2.935001999139785767e-02
3.195169568061828613e-02
4.911839962005615234e-03
-4.564298316836357117e-02
-4.789750277996063232e-02
-8.892766200006008148e-03
3.214598447084426880e-02
5.547007173299789429e-02
2.794633619487285614e-02
1.782003603875637054e-02
3.616255521774291992e-02
8.537534624338150024e-03
1.509027834981679916e-02
3.791682422161102295e-02
4.207250196486711502e-03
-4.553758725523948669e-02
9.392803534865379333e-03
3.539365530014038086e-02
4.306080192327499390e-02
1.059683859348297119e-01
1.047095134854316711e-01
6.461996585130691528e-02
4.142983630299568176e-02
1.034217700362205505e-01
-2.388587407767772675e-02
-7.085199654102325439e-02
-3.331405296921730042e-02
-6.138707697391510010e-02
-1.537454314529895782e-02
-3.480623662471771240e-02
-4.973366856575012207e-02
-2.338298596441745758e-02
-4.889035597443580627e-02
2.305213920772075653e-02
3.402306884527206421e-02
1.181045826524496078e-02
-4.196449741721153259e-02
-2.403456345200538635e-02
-1.406642235815525055e-02
-1.169806625694036484e-02
-2.266666851937770844e-02
-2.334379823878407478e-03
2.919333614408969879e-02
3.056284226477146149e-02
-1.080469042062759399e-02
-1.804088056087493896e-02
4.769239947199821472e-02
3.318470343947410583e-02
-6.384676694869995117e-02
1.332704816013574600e-02
1.726696640253067017e-02
-1.176780671812593937e-03
-7.725973147898912430e-03
-9.761586785316467285e-03
1.115758158266544342e-02
2.596061304211616516e-02
5.988288298249244690e-02
-3.863164409995079041e-02
-2.363071031868457794e-02
1.326293032616376877e-02
-1.733365585096180439e-03
-7.499728351831436157e-03
-9.581949561834335327e-03
-8.172437548637390137e-03
-1.144045870751142502e-02
-1.493252906948328018e-02
-8.758402429521083832e-03
1.472489628940820694e-02
6.282976362854242325e-03
1.735804416239261627e-02
1.455413876101374626e-03
2.621304616332054138e-02
-8.576091378927230835e-03
-1.941646263003349304e-02
-1.470159925520420074e-02
2.156064845621585846e-03
-3.627108782529830933e-02
-1.384217850863933563e-02
-1.475808490067720413e-02
-4.593705758452415466e-03
1.653373613953590393e-02
-8.387605659663677216e-03
2.113907411694526672e-02
3.108174353837966919e-02
2.709207497537136078e-02
3.292281925678253174e-02
2.943434007465839386e-02
-5.301105976104736328e-02
-1.121101528406143188e-02
-6.068729609251022339e-02
-6.914064288139343262e-02
-3.815458342432975769e-02
-5.803742632269859314e-02
-2.979400753974914551e-02
-3.008226118981838226e-02
-2.989199198782444000e-02
-7.520699407905340195e-03
-4.607252031564712524e-02
-1.604585163295269012e-02
-1.931386813521385193e-02
-5.902545526623725891e-02
-1.239608973264694214e-02
-1.648206450045108795e-02
-4.428242892026901245e-02
2.180378325283527374e-02
-2.016384154558181763e-03
-1.953546144068241119e-02
1.557096111355349422e-04
7.724315393716096878e-03
-1.920563401654362679e-03
-4.667117260396480560e-03
1.149082183837890625e-02
2.274353173561394215e-04
-1.004474144428968430e-02
8.418592810630798340e-02
7.597185671329498291e-02
4.216647893190383911e-02
1.131003275513648987e-01
1.027433797717094421e-01
6.990830600261688232e-02
1.052302643656730652e-01
9.771271795034408569e-02
6.622564047574996948e-02
6.856914144009351730e-03
-1.513801608234643936e-02
-1.412744866684079170e-03
-3.025520406663417816e-02
-3.689453750848770142e-02
-8.336902828887104988e-04
-1.818934828042984009e-02
-1.399626210331916809e-02
1.351319625973701477e-02
-4.275895282626152039e-02
6.945703178644180298e-03
-6.860029418021440506e-03
4.619301483035087585e-02
7.440683990716934204e-02
5.962720513343811035e-02
3.598846495151519775e-02
6.460400670766830444e-02
7.250019162893295288e-02
-1.224794797599315643e-02
-4.257850523572415113e-04
1.492894347757101059e-02
4.135536961257457733e-03
2.443461120128631592e-02
1.384329888969659805e-02
1.539114583283662796e-02
2.230761200189590454e-02
3.947988152503967285e-03
-2.992057241499423981e-02
-3.965311869978904724e-02
-2.703491412103176117e-02
-4.083416238427162170e-02
-5.031329020857810974e-02
-3.749930858612060547e-02
-5.614575743675231934e-02
-6.518606841564178467e-02
-5.035393312573432922e-02
2.702846564352512360e-02
2.838463336229324341e-02
2.728526107966899872e-02
-2.957461401820182800e-02
-1.554253790527582169e-02
6.018589716404676437e-03
-2.056228183209896088e-02
-9.529263712465763092e-03
1.211373787373304367e-02
-1.426154840737581253e-02
-2.346705272793769836e-02
-3.331777825951576233e-02
-1.730922050774097443e-02
-1.207307353615760803e-02
1.620179973542690277e-02
-1.050542201846837997e-02
3.352828696370124817e-02
1.548439450562000275e-02
1.555282715708017349e-02
7.391486316919326782e-02
5.852953717112541199e-02
-2.213807590305805206e-02
6.824539043009281158e-03
1.944684050977230072e-02
-2.833676338195800781e-02
1.203006785362958908e-02
1.608460396528244019e-02
6.209425628185272217e-02
4.217747971415519714e-02
1.824487000703811646e-02
5.167718231678009033e-02
-1.779720000922679901e-02
2.450256841257214546e-03
4.583491012454032898e-02
-2.619038522243499756e-02
2.262112684547901154e-03
-3.715787455439567566e-02
1.887156744487583637e-03
1.744058728218078613e-02
4.021873325109481812e-02
5.494210403412580490e-03
-1.320339925587177277e-02
-4.954984039068222046e-02
-3.718885406851768494e-02
-4.781906306743621826e-02
9.172637946903705597e-03
-3.067697770893573761e-02
-1.301717851310968399e-02
-1.362675428390502930e-02
-4.604128375649452209e-02
-3.156861662864685059e-02
1.506391819566488266e-02
2.089878730475902557e-02
-1.833831705152988434e-02
-3.425389155745506287e-02
9.643520228564739227e-03
4.575862840283662081e-04
5.608392506837844849e-02
-1.416045520454645157e-02
-4.262939468026161194e-02
1.930737681686878204e-02
-1.742673921398818493e-03
-7.580632343888282776e-03
-5.125209316611289978e-02
-4.336420446634292603e-02
8.291836827993392944e-03
-6.621158868074417114e-02
-6.842448562383651733e-02
-2.402617409825325012e-02
-9.791976772248744965e-03
-4.303726926445960999e-02
9.703005780465900898e-04
-1.952921226620674133e-02
-7.916367799043655396e-02
-8.600359410047531128e-02
-2.940029278397560120e-02
-6.767351925373077393e-02
-5.957223102450370789e-02
3.075035661458969116e-02
-6.656580138951539993e-03
6.409885827451944351e-03
-4.901811480522155762e-04
-9.679673612117767334e-02
-6.705302000045776367e-02
-3.143837302923202515e-02
-1.029612123966217041e-01
-1.005892902612686157e-01
6.353795062750577927e-03
-5.319491028785705566e-02
-4.255989938974380493e-02
-2.910357713699340820e-02
-3.035914525389671326e-02
6.160341668874025345e-03
2.132723340764641762e-03
1.890050061047077179e-02
-3.942801803350448608e-02
3.697595745325088501e-02
-1.216979045420885086e-02
-3.454909846186637878e-02
-1.783019513823091984e-03
1.718382909893989563e-02
8.438880904577672482e-04
-1.084921415895223618e-02
3.291365457698702812e-03
-1.521455775946378708e-02
-3.993970900774002075e-02
-7.295515388250350952e-03
-2.033811435103416443e-02
2.891632728278636932e-02
-3.246516361832618713e-02
-2.850831300020217896e-02
-4.521019873209297657e-04
6.282060407102108002e-03
-2.412576042115688324e-02
2.533412352204322815e-02
1.482980418950319290e-02
2.892256714403629303e-02
3.481292352080345154e-02
2.526029199361801147e-02
1.552883349359035492e-02
6.810898333787918091e-02
8.269032835960388184e-02
7.827116549015045166e-02
5.368155986070632935e-02
4.425534978508949280e-02
2.558700926601886749e-02
2.774808323010802269e-03
-6.085849925875663757e-02
-3.294357156846672297e-04
-7.367189507931470871e-03
5.036476533859968185e-03
2.856978960335254669e-02
1.623209193348884583e-02
-1.846161484718322754e-02
-4.678238555788993835e-02
-2.766693383455276489e-02
-5.314689502120018005e-02
-4.995240271091461182e-02
-1.634823903441429138e-02
-3.953697532415390015e-02
-3.470161557197570801e-02
-5.158950760960578918e-02
-7.542061805725097656e-02
-7.085441052913665771e-02
3.339185938239097595e-02
-2.634170092642307281e-02
-6.728576123714447021e-02
-7.255863398313522339e-02
-6.617604941129684448e-02
-3.034603409469127655e-02
-3.745643422007560730e-02
-9.237492829561233521e-02
-4.031645134091377258e-02
2.561240084469318390e-02
4.127302020788192749e-02
6.551378220319747925e-02
6.263229250907897949e-02
3.067231364548206329e-02
-2.714192122220993042e-02
1.331887233391171321e-05
1.436494383960962296e-02
-7.706180331297218800e-04
2.525395900011062622e-02
3.372519835829734802e-02
-2.492049150168895721e-02
4.672964569181203842e-03
-8.718017488718032837e-03
-3.052836097776889801e-02
3.605284169316291809e-02
1.768397353589534760e-02
3.751458600163459778e-03
-3.520916402339935303e-02
-2.805648185312747955e-02
-2.637292630970478058e-02
4.082846269011497498e-02
3.747005015611648560e-02
-3.255929565057158470e-03
-2.212737873196601868e-02
1.482317410409450531e-02
-4.778358340263366699e-02
-2.211449667811393738e-02
3.602419048547744751e-02
1.006967425346374512e-01
-6.345554720610380173e-03
6.848054379224777222e-02
6.045502424240112305e-02
-1.371288904920220375e-03
5.032592266798019409e-02
4.984434694051742554e-02
-1.168010011315345764e-02
3.949828818440437317e-02
2.019189484417438507e-02
1.961268484592437744e-02
5.827422440052032471e-02
4.132471606135368347e-02
-5.666225776076316833e-02
-3.700750321149826050e-02
1.591191627085208893e-02
1.751010864973068237e-02
5.528078880161046982e-03
-3.629014641046524048e-02
-4.928785376250743866e-03
-3.985674679279327393e-02
-8.202584460377693176e-03
-4.915336519479751587e-02
3.443705663084983826e-02
2.284086495637893677e-02
-7.371779531240463257e-02
-6.746096163988113403e-02
-5.001088231801986694e-02
-9.520529210567474365e-02
-1.286422610282897949e-01
-7.550531625747680664e-02
-6.526852026581764221e-03
-6.910727918148040771e-02
-1.151866763830184937e-01
-4.716474190354347229e-02
3.237935155630111694e-02
-8.977005630731582642e-02
-3.505432605743408203e-02
9.040488302707672119e-02
-6.252037733793258667e-02
-6.218717247247695923e-02
2.814745297655463219e-03
-5.869776383042335510e-02
8.417829871177673340e-03
-1.510997535660862923e-03
-2.633148431777954102e-02
-2.855212055146694183e-02
6.530691683292388916e-02
-2.101226244121789932e-03
-5.672528594732284546e-02
1.509192492812871933e-02
-3.819251060485839844e-02
-1.314818859100341797e-02
2.757705189287662506e-02
-1.873313263058662415e-02
3.484110906720161438e-02
1.116133946925401688e-02
5.722656473517417908e-02
2.924654819071292877e-02
3.350706305354833603e-03
3.604146465659141541e-02
-2.694283984601497650e-02
-4.318799078464508057e-02
-3.362927213311195374e-02
-2.554936334490776062e-02
-4.049239307641983032e-02
-3.347296640276908875e-02
1.592568820342421532e-03
-4.295910708606243134e-03
-1.008527446538209915e-02
-7.510920520871877670e-03
6.474781315773725510e-03
-4.063599556684494019e-02
1.882570981979370117e-02
3.765477985143661499e-02
3.209778806194663048e-03
5.948406644165515900e-03
5.477446317672729492e-02
6.758279167115688324e-03
2.497715130448341370e-02
2.691304124891757965e-02
1.447838079184293747e-02
-5.445456504821777344e-02
1.031700614839792252e-02
6.287334859371185303e-02
-8.214576542377471924e-02
7.179405540227890015e-03
1.082295328378677368e-01
-8.421031758189201355e-03
5.101182684302330017e-02
4.432331025600433350e-02
2.672566659748554230e-02
8.134388178586959839e-02
5.372538417577743530e-02
2.766323741525411606e-03
-5.892305076122283936e-02
-1.795434765517711639e-02
2.451551891863346100e-02
-5.731530953198671341e-03
-4.181643947958946228e-02
1.930760964751243591e-02
-7.215218152850866318e-03
-4.059985652565956116e-02
2.746859565377235413e-02
7.301418576389551163e-03
-2.824264205992221832e-02
-1.596805080771446228e-02
1.434813532978296280e-02
6.866876501590013504e-03
-9.954832494258880615e-03
-4.884488298557698727e-04
6.366414576768875122e-02
-3.427863866090774536e-02
1.619953848421573639e-02
-2.895961701869964600e-02
-4.810091853141784668e-02
2.901245281100273132e-02
1.193804293870925903e-02
3.354984149336814880e-02
2.414836175739765167e-02
2.627843432128429413e-02
2.694723568856716156e-02
4.560149461030960083e-02
1.727652922272682190e-02
5.573708564043045044e-03
-3.267141804099082947e-02
-7.105794548988342285e-02
-2.131990622729063034e-03
-3.939734026789665222e-02
-3.457102179527282715e-02
-3.913315478712320328e-03
1.063874829560518265e-02
6.294697988778352737e-03
1.476271543651819229e-03
4.923654720187187195e-02
-1.084947679191827774e-02
-4.743976518511772156e-02
6.352891027927398682e-02
-3.063772246241569519e-02
-3.734623268246650696e-02
-2.145681157708168030e-02
6.190441548824310303e-02
-1.873789168894290924e-02
-9.318735450506210327e-02
-8.690447360277175903e-02
-5.176763981580734253e-02
-1.337248980998992920e-01
-1.409836858510971069e-01
-4.711102321743965149e-02
-5.448871478438377380e-02
-3.770942101255059242e-03
-1.015762425959110260e-02
8.539977669715881348e-02
9.580904990434646606e-02
4.643787071108818054e-02
1.965372115373611450e-01
4.721279814839363098e-02
9.069750458002090454e-02
1.180724054574966431e-01
1.242855563759803772e-01
-4.428394138813018799e-02
2.405401691794395447e-02
5.611872673034667969e-02
-8.149472624063491821e-02
6.511161476373672485e-02
1.658165454864501953e-01
-2.672522328794002533e-02
6.070666387677192688e-02
5.714001879096031189e-02
2.018577232956886292e-02
-2.640362456440925598e-02
-4.353866726160049438e-02
1.875292323529720306e-02
1.698715984821319580e-02
1.739895902574062347e-02
-2.691890485584735870e-02
5.954436212778091431e-02
2.503960626199841499e-03
-8.469840139150619507e-02
-1.575533486902713776e-02
-1.426030136644840240e-02
-3.115576505661010742e-02
2.933630160987377167e-02
-1.369669009000062943e-02
2.032914198935031891e-02
6.625074148178100586e-02
-4.755783826112747192e-02
-4.976381734013557434e-02
-5.478002876043319702e-02
-7.430931180715560913e-02
-2.290327660739421844e-02
-4.118344560265541077e-02
-5.836251750588417053e-02
1.388062629848718643e-02
-6.405210494995117188e-02
-3.408852964639663696e-02
-2.148037590086460114e-02
-1.346288342028856277e-02
-1.630679331719875336e-02
-7.638783007860183716e-02
-4.221092909574508667e-02
8.674983680248260498e-02
-7.556469738483428955e-02
5.436599999666213989e-02
-2.622378244996070862e-02
-1.591169461607933044e-02
-1.790766976773738861e-02
-1.450697425752878189e-02
-1.382147241383790970e-02
-3.161026630550622940e-03
1.133771892637014389e-02
-3.971550241112709045e-02
1.308590872213244438e-03
4.096631333231925964e-02
-5.857311654835939407e-03
-5.544528365135192871e-02
-6.962449103593826294e-02
-6.340005248785018921e-02
-8.520729839801788330e-02
-1.130007579922676086e-01
-8.042198419570922852e-02
-3.686609119176864624e-02
-2.905149571597576141e-02
-5.283987894654273987e-02
-5.500299483537673950e-02
-4.407963901758193970e-02
-1.893247291445732117e-02
-2.664178796112537384e-02
-1.666985824704170227e-02
-1.003939658403396606e-02
-4.688012413680553436e-03
2.318880055099725723e-03
-3.930029645562171936e-02
3.846356272697448730e-02
1.630853302776813507e-02
1.427461653947830200e-01
1.209793835878372192e-01
3.817619755864143372e-02
8.347675949335098267e-02
1.105907261371612549e-01
-4.425588995218276978e-02
-1.473472919315099716e-02
-1.781661622226238251e-02
-2.273936569690704346e-02
-7.190662622451782227e-02
-7.283180207014083862e-02
-7.097876071929931641e-02
-5.726636201143264771e-02
-5.188391357660293579e-02
-4.476678371429443359e-02
-3.632378950715065002e-02
-9.745279699563980103e-02
-1.410381048917770386e-01
4.355705529451370239e-02
-1.018061637878417969e-01
-1.026820689439773560e-01
-6.298045627772808075e-03
-5.085882171988487244e-02
-9.802642464637756348e-02
-1.894717849791049957e-02
2.289273217320442200e-02
3.970221057534217834e-02
3.808908909559249878e-02
6.867449730634689331e-02
5.388586595654487610e-02
6.491529289633035660e-03
5.377220362424850464e-02
5.808500200510025024e-02
-2.518310211598873138e-02
-7.149510830640792847e-02
2.735937247052788734e-03
-5.442607775330543518e-02
1.420162990689277649e-02
-1.952653285115957260e-03
-1.784737035632133484e-02
-1.580359041690826416e-02
-1.091719567775726318e-01
-1.603573746979236603e-02
5.379228293895721436e-02
-9.866666980087757111e-03
-7.718907203525304794e-03
-1.214621867984533310e-02
2.186441235244274139e-02
-2.550574764609336853e-02
-9.562172926962375641e-03
6.404279172420501709e-02
-1.916210912168025970e-02
-3.130472451448440552e-02
-2.284102700650691986e-02
-4.934261087328195572e-03
-1.030289940536022186e-02
1.005082391202449799e-02
-3.769899159669876099e-02
-4.212949052453041077e-02
-1.761098392307758331e-02
3.763313591480255127e-02
5.289001762866973877e-02
6.371355056762695312e-02
7.625558879226446152e-03
5.061005800962448120e-02
-1.452801004052162170e-02
1.028594560921192169e-02
3.987827524542808533e-02
-1.393520925194025040e-02
9.238463826477527618e-03
2.707438077777624130e-03
7.522435393184423447e-03
4.619982466101646423e-02
-2.371564321219921112e-02
-2.691723592579364777e-02
3.092323988676071167e-02
-3.474860638380050659e-02
-3.392638638615608215e-02
-1.988439634442329407e-02
6.963398307561874390e-03
5.262463819235563278e-03
-6.643832474946975708e-02
-2.137426473200321198e-02
-6.940617691725492477e-03
1.047785952687263489e-02
2.754088304936885834e-02
2.605317719280719757e-02
1.719159632921218872e-02
-8.095823228359222412e-02
7.977230474352836609e-03
-2.578475885093212128e-02
-7.547149062156677246e-02
-3.182211518287658691e-02
-2.340421825647354126e-02
-2.298658713698387146e-02
-4.199751466512680054e-02
-9.883403778076171875e-03
4.612304270267486572e-02
-5.379378795623779297e-02
-2.672959677875041962e-02
6.463270168751478195e-03
-6.295854598283767700e-02
-6.667471956461668015e-03
-1.803998462855815887e-02
-3.682830184698104858e-02
-7.212103344500064850e-03
-1.747355423867702484e-02
-2.945191226899623871e-03
-1.719789952039718628e-02
-3.563054371625185013e-03
-2.581663429737091064e-02
1.754816435277462006e-02
3.143832087516784668e-03
-5.226864293217658997e-02
4.542126506567001343e-02
4.907644912600517273e-02
3.184566274285316467e-02
3.195999190211296082e-02
3.213430941104888916e-02
1.587006635963916779e-02
1.390080724377185106e-04
6.806205026805400848e-03
-2.225841861218214035e-03
2.987794019281864166e-02
2.148943021893501282e-02
-1.096822042018175125e-02
9.272234514355659485e-03
1.534740533679723740e-02
2.687993273138999939e-02
-4.261740949004888535e-03
7.096041459590196609e-03
2.465274743735790253e-02
-3.990283235907554626e-02
-1.499007642269134521e-02
-2.398584783077239990e-02
2.981213328894227743e-04
2.163596451282501221e-02
2.027919329702854156e-02
6.477975752204656601e-03
2.407307177782058716e-02
2.674626186490058899e-02
2.196484804153442383e-02
-1.980985142290592194e-02
5.870142951607704163e-03
1.764038018882274628e-02
2.701619826257228851e-02
2.427957393229007721e-02
-1.654602959752082825e-02
-2.160788979381322861e-03
-5.143214482814073563e-03
1.290578674525022507e-02
-3.806424094364047050e-03
-1.231806818395853043e-02
5.154562741518020630e-02
3.659474104642868042e-02
2.887320891022682190e-02
2.445043064653873444e-03
-1.224235724657773972e-02
-1.848660409450531006e-02
5.919216666370630264e-03
6.124015897512435913e-03
-6.111436989158391953e-03
-2.073589857900515199e-04
-3.262560069561004639e-02
2.218687720596790314e-02
-2.118064835667610168e-02
-4.231910780072212219e-02
8.708697743713855743e-03
-1.656380109488964081e-02
-1.054006535559892654e-02
1.847052760422229767e-02
-2.342191524803638458e-02
-3.887274535372853279e-03
-1.326725259423255920e-02
-3.784180060029029846e-02
-4.213181510567665100e-02
-3.657473251223564148e-02
8.139819651842117310e-02
9.690250456333160400e-02
7.751093059778213501e-02
4.849983379244804382e-02
2.420832030475139618e-02
4.946012794971466064e-02
-1.659108698368072510e-02
-8.415321819484233856e-03
-3.156420588493347168e-02
-8.318362385034561157e-02
-2.707526832818984985e-02
-1.108535844832658768e-02
-5.290225893259048462e-02
-4.008346050977706909e-02
-2.377448044717311859e-02
-3.514188900589942932e-02
-2.706900611519813538e-02
-5.484238639473915100e-02
3.700533509254455566e-02
4.394890740513801575e-02
4.556230269372463226e-03
5.133340507745742798e-02
-1.846838928759098053e-02
3.579238802194595337e-02
3.851459920406341553e-02
5.246444419026374817e-02
6.616708636283874512e-02
-1.626580767333507538e-02
-6.395891308784484863e-03
-4.161400347948074341e-02
3.518114984035491943e-02
-4.861059784889221191e-02
1.149821933358907700e-02
3.592471405863761902e-02
-3.772613406181335449e-02
-2.364521147683262825e-03
-3.487931936979293823e-02
-1.295384392142295837e-02
-4.084313288331031799e-02
-8.559149503707885742e-02
-6.780044734477996826e-02
-8.345950394868850708e-02
-3.045185841619968414e-02
-6.589788943529129028e-02
-5.426805093884468079e-02
1.882885955274105072e-02
6.194578111171722412e-02
-9.756714105606079102e-03
1.379103981889784336e-03
4.166120290756225586e-02
-2.584587596356868744e-02
-2.666148170828819275e-02
2.967561967670917511e-02
-4.281267523765563965e-02
-2.551323547959327698e-02
6.681722402572631836e-02
3.392451629042625427e-02
9.049376472830772400e-03
8.876749128103256226e-02
1.303801964968442917e-02
2.465835586190223694e-02
1.143691539764404297e-01
8.558079600334167480e-02
3.171322494745254517e-02
-5.089856684207916260e-02
6.780106574296951294e-02
7.717112079262733459e-03
-6.456731259822845459e-02
-3.956372383981943130e-03
5.865949392318725586e-02
1.921972818672657013e-02
3.153012692928314209e-02
8.421291410923004150e-02
2.631791494786739349e-02
2.438464015722274780e-02
-2.223946899175643921e-02
-4.686558619141578674e-02
-5.608290433883666992e-02
-7.747879717499017715e-03
-1.292296685278415680e-03
-3.154162690043449402e-02
-4.232492763549089432e-03
-3.100152825936675072e-03
-1.133179571479558945e-02
8.967597968876361847e-03
1.397945266216993332e-02
1.099203899502754211e-02
-7.005779072642326355e-03
-1.287779025733470917e-02
-1.627573370933532715e-02
2.975916489958763123e-02
1.575122773647308350e-02
-4.882119596004486084e-03
3.463793545961380005e-02
-4.960658028721809387e-02
-5.794607847929000854e-02
-4.637315124273300171e-02
-8.227328956127166748e-02
-4.553281888365745544e-02
-9.414782747626304626e-03
2.549874410033226013e-02
3.102069720625877380e-02
4.397711250931024551e-03
1.095369085669517517e-02
2.102067694067955017e-02
7.416991144418716431e-02
3.121532127261161804e-02
1.670317538082599640e-02
-1.391588598489761353e-01
-1.688940078020095825e-01
-1.888426989316940308e-01
-1.066580563783645630e-01
-2.574492990970611572e-01
-2.054812610149383545e-01
-9.587305039167404175e-02
-1.050152629613876343e-01
-8.925692737102508545e-02
-7.128645200282335281e-03
8.955055847764015198e-03
-1.440455112606287003e-02
-8.269513957202434540e-03
1.464899815618991852e-02
-5.283305887132883072e-03
-1.269496977329254150e-02
4.522889852523803711e-03
-2.039481699466705322e-02
-8.009945973753929138e-03
-4.253832250833511353e-02
-7.364966720342636108e-02
-5.577079355134628713e-05
-1.005313470959663391e-01
-1.422678530216217041e-01
-3.640244528651237488e-02
-1.234557405114173889e-01
-9.640579670667648315e-02
-1.387441437691450119e-02
9.025129489600658417e-03
-7.892811298370361328e-02
1.325434818863868713e-02
-7.930287718772888184e-02
-8.622768521308898926e-02
3.003152459859848022e-02
1.321521960198879242e-02
-3.729205578565597534e-02
7.571973651647567749e-02
3.968038409948348999e-02
-2.130054868757724762e-02
-4.524357616901397705e-02
1.748325419612228870e-03
2.277658693492412567e-02
6.777623668313026428e-03
-3.420380875468254089e-02
3.186940401792526245e-02
-1.016199961304664612e-02
-1.650896668434143066e-02
-6.941717118024826050e-02
-3.798295930027961731e-02
-3.544104471802711487e-02
-3.588490560650825500e-02
-5.618654191493988037e-02
-3.716567531228065491e-02
-1.186686009168624878e-02
1.119282245635986328e-01
6.086534261703491211e-02
-6.917803548276424408e-03
-5.059713125228881836e-02
-6.241934746503829956e-02
5.019279569387435913e-02
7.677695900201797485e-02
3.661365061998367310e-02
1.802724599838256836e-02
-1.396892964839935303e-02
3.557145595550537109e-02
-2.916867844760417938e-03
1.334741897881031036e-02
-6.141075864434242249e-02
4.618428647518157959e-02
-5.994209786877036095e-04
-3.603319823741912842e-02
-1.330536976456642151e-02
-7.599244825541973114e-03
-6.667484343051910400e-02
-7.737488951534032822e-03
-1.099127754569053650e-01
-9.987863898277282715e-02
-1.204068884253501892e-01
-4.234974086284637451e-02
-7.658100873231887817e-02
-1.344169974327087402e-01
-1.719287410378456116e-02
5.486875772476196289e-03
1.672386075370013714e-03
3.380277752876281738e-02
4.832744598388671875e-02
5.322022363543510437e-02
-4.612807184457778931e-02
-1.412514317780733109e-02
-6.629051640629768372e-03
-8.820147812366485596e-02
-1.680464670062065125e-02
-6.064346060156822205e-02
-1.126280650496482849e-01
-6.399071216583251953e-02
-1.001467034220695496e-01
-7.676281780004501343e-02
-7.175458967685699463e-02
-6.358402967453002930e-02
-1.000996455550193787e-01
1.428942196071147919e-02
4.200858622789382935e-02
-6.075213849544525146e-02
-8.329619467258453369e-02
5.275815725326538086e-02
-5.568632110953330994e-02
-3.029279038310050964e-02
4.459234327077865601e-02
6.736256182193756104e-03
-2.900776220485568047e-03
2.519956417381763458e-02
-3.376569226384162903e-02
-3.276902064681053162e-02
-1.825588196516036987e-02
6.266432348638772964e-03
-5.696653947234153748e-02
1.707544666714966297e-03
-3.650294616818428040e-02
-1.338837388902902603e-02
4.548180848360061646e-02
-5.670405924320220947e-03
-6.824512965977191925e-03
2.750995568931102753e-02
1.877734065055847168e-02
1.089902967214584351e-02
1.915467530488967896e-02
1.247345237061381340e-03
4.609096050262451172e-02
5.218081921339035034e-02
5.221224576234817505e-02
8.376128226518630981e-02
1.130180582404136658e-01
2.384637482464313507e-02
5.787132680416107178e-02
6.509073823690414429e-02
-1.021410431712865829e-02
1.653471589088439941e-02
2.881693281233310699e-02
1.359665859490633011e-02
-1.681220158934593201e-02
2.979418449103832245e-02
4.134570807218551636e-02
-2.993833273649215698e-02
-3.753130137920379639e-02
-5.631344858556985855e-03
6.588342785835266113e-02
3.331194445490837097e-02
1.185113564133644104e-02
1.081363949924707413e-02
3.041171282529830933e-02
-2.364841476082801819e-02
1.076147332787513733e-02
1.313513703644275665e-02
-4.079914465546607971e-02
-3.440308198332786560e-02
-9.035891853272914886e-04
-7.630095630884170532e-02
-6.705521047115325928e-02
-4.099791496992111206e-02
-5.578555539250373840e-02
-4.787511005997657776e-02
-2.731754630804061890e-02
1.710110530257225037e-02
-2.027428895235061646e-02
-6.696331314742565155e-03
5.374792218208312988e-02
5.247737467288970947e-02
-8.888740837574005127e-02
-2.245328389108181000e-02
2.771343104541301727e-03
-2.443430386483669281e-02
4.803367704153060913e-02
6.972961127758026123e-02
-4.155014082789421082e-02
-2.012463845312595367e-02
-1.626639813184738159e-02
8.804777264595031738e-02
2.817116118967533112e-02
4.922158643603324890e-02
-1.830944977700710297e-02
-9.765674173831939697e-02
-9.256149828433990479e-02
-4.231712594628334045e-02
-2.893282100558280945e-02
-1.236657612025737762e-02
2.255644835531711578e-02
-4.780597612261772156e-02
-1.035966426134109497e-01
1.444702781736850739e-02
-7.272128947079181671e-03
-9.926863014698028564e-02
1.407746039330959320e-02
-5.627758428454399109e-02
-1.838601678609848022e-01
-6.943135708570480347e-02
-6.328080315142869949e-03
-9.898479282855987549e-02
-1.066197156906127930e-01
2.031838521361351013e-02
5.611789599061012268e-02
4.253409057855606079e-02
-1.618577167391777039e-02
-3.739995881915092468e-02
-5.692356079816818237e-02
-5.514278076589107513e-03
-2.545042149722576141e-02
-7.822591066360473633e-02
-5.797519348561763763e-03
4.478823393583297729e-03
-1.373988296836614609e-02
1.399701088666915894e-02
-2.692707115784287453e-03
-2.248411066830158234e-03
1.110592763870954514e-02
-3.545949608087539673e-02
-5.673916079103946686e-03
4.610357433557510376e-02
-3.164510428905487061e-02
-4.768976569175720215e-02
2.217289758846163750e-03
-3.061313554644584656e-02
-3.336197929456830025e-03
-4.656998440623283386e-02
-2.457601390779018402e-02
-2.773230150341987610e-02
-6.308252457529306412e-03
-8.191425353288650513e-03
-2.489656768739223480e-02
2.267172001302242279e-02
1.755885034799575806e-02
-3.482765983790159225e-03
6.341493688523769379e-03
3.932531923055648804e-03
5.735969170928001404e-03
-1.197526138275861740e-02
-2.447572350502014160e-02
3.042201139032840729e-02
-3.948744758963584900e-02
-1.447945740073919296e-02
3.143187984824180603e-02
-1.972488593310117722e-03
1.303284429013729095e-02
2.850657142698764801e-02
-1.116748899221420288e-02
-2.191723510622978210e-02
-2.245506271719932556e-02
3.292249888181686401e-02
9.693612344563007355e-03
-7.042832206934690475e-03
6.079175323247909546e-02
5.027588829398155212e-02
4.720496945083141327e-03
-1.011163182556629181e-02
-1.192220766097307205e-02
-8.010819437913596630e-04
-7.099067792296409607e-03
1.109933294355869293e-02
1.955543458461761475e-02
-3.572328388690948486e-02
-6.404217798262834549e-03
2.706945315003395081e-02
3.898744285106658936e-02
4.616801068186759949e-02
4.017395898699760437e-02
5.131076648831367493e-02
5.476726964116096497e-02
4.471650347113609314e-02
4.105504974722862244e-02
4.784657433629035950e-02
4.085099697113037109e-02
-2.889790385961532593e-02
-2.826161123812198639e-02
-1.187249273061752319e-02
-1.874529756605625153e-02
-3.574746847152709961e-02
-2.031804993748664856e-02
-1.640687882900238037e-02
-1.106586679816246033e-02
-2.335703000426292419e-02
-3.075039200484752655e-02
-2.515524253249168396e-02
-2.449161559343338013e-02
1.428036857396364212e-02
5.888668238185346127e-04
7.269880268722772598e-03
2.538331970572471619e-02
2.766712568700313568e-02
3.656915202736854553e-02
-4.463654384016990662e-02
-3.335660323500633240e-02
-1.934927515685558319e-02
1.104663312435150146e-02
-8.799061179161071777e-03
1.154195889830589294e-02
2.030102908611297607e-02
1.073715183883905411e-02
1.066622510552406311e-02
3.371892031282186508e-03
5.628031678497791290e-03
8.667035028338432312e-03
-4.572550579905509949e-02
-4.447222128510475159e-02
-4.317731782793998718e-02
-4.967972636222839355e-02
-4.893375560641288757e-02
-4.841201752424240112e-02
-4.908355325460433960e-02
-1.965663023293018341e-02
2.049712091684341431e-02
-2.711112424731254578e-02
6.755291484296321869e-03
2.338973060250282288e-02
-1.625985652208328247e-02
2.566933445632457733e-02
2.741496823728084564e-02
2.061698399484157562e-02
2.951012179255485535e-02
-7.924737408757209778e-03
3.327854722738265991e-02
1.209743041545152664e-02
1.516913250088691711e-02
1.050822809338569641e-02
8.607214316725730896e-03
1.699050189927220345e-03
1.916897669434547424e-02
-8.954913355410099030e-03
-2.514455281198024750e-02
4.630104824900627136e-02
3.335344791412353516e-02
3.634763881564140320e-03
-1.275527873076498508e-03
-2.071210369467735291e-02
-3.637664765119552612e-02
1.128831319510936737e-02
9.024581871926784515e-03
-3.101892303675413132e-03
2.426725113764405251e-03
-8.098536171019077301e-03
2.658789791166782379e-02
4.343866836279630661e-03
2.071933820843696594e-03
5.474635213613510132e-02
2.959379740059375763e-02
-7.628278341144323349e-03
-3.837912529706954956e-02
-2.236544620245695114e-03
-2.567929401993751526e-02
-3.936186805367469788e-02
1.724284142255783081e-02
-4.843310918658971786e-03
8.090864284895360470e-04
-6.600210908800363541e-03
6.632013712078332901e-03
-7.197681814432144165e-03
3.950539976358413696e-02
6.742393970489501953e-02
-5.404689814895391464e-03
3.219984471797943115e-02
3.058256767690181732e-02
-4.216579720377922058e-03
7.038480136543512344e-03
8.202593773603439331e-02
5.211030691862106323e-02
3.687490522861480713e-02
9.482482820749282837e-02
4.723799601197242737e-02
-6.451917439699172974e-02
4.528915882110595703e-02
4.311823844909667969e-02
-7.305382192134857178e-02
9.660896845161914825e-03
2.586699090898036957e-03
-1.056960411369800568e-02
7.380199432373046875e-02
7.694311439990997314e-02
7.559107150882482529e-03
4.879666864871978760e-02
5.615187808871269226e-03
-7.464091177098453045e-04
-2.407081797719001770e-02
-1.488391961902379990e-02
3.132406249642372131e-02
-1.822675205767154694e-02
5.480657331645488739e-03
1.424806192517280579e-02
-4.011283442378044128e-02
-2.540048211812973022e-02
-4.511145502328872681e-02
-2.356093609705567360e-04
1.272747851908206940e-02
-1.984224095940589905e-02
1.736908964812755585e-02
3.259823471307754517e-02
-2.357877790927886963e-02
2.749484591186046600e-02
5.470728501677513123e-02
-4.328592121601104736e-02
3.690680861473083496e-02
4.085827991366386414e-02
1.164765097200870514e-02
1.073417440056800842e-01
9.329850226640701294e-02
3.449179232120513916e-02
7.137743383646011353e-02
5.743317678570747375e-02
-6.022178754210472107e-02
-5.397113040089607239e-02
-5.282972753047943115e-02
-3.226987272500991821e-02
-2.677499502897262573e-02
-2.379721775650978088e-02
-3.088572248816490173e-02
-1.667467318475246429e-02
-7.492215838283300400e-03
4.589028283953666687e-02
5.612431466579437256e-02
2.737483195960521698e-02
2.942130900919437408e-02
1.831708848476409912e-02
3.563122451305389404e-02
3.253855556249618530e-02
4.570175427943468094e-03
2.778163179755210876e-03
1.268028095364570618e-02
2.492445148527622223e-02
5.188487004488706589e-03
8.406031131744384766e-02
5.655372515320777893e-02
2.078954502940177917e-02
1.020132973790168762e-01
8.154369145631790161e-02
2.213886007666587830e-02
-5.443886667490005493e-02
-1.844095252454280853e-02
-2.568195946514606476e-02
-3.917643800377845764e-02
2.696252427995204926e-02
2.313439920544624329e-02
-8.588874712586402893e-03
2.855416014790534973e-02
2.299945801496505737e-02
1.768786387401632965e-05
2.964678779244422913e-02
2.983444370329380035e-02
-2.046927437186241150e-02
4.906187765300273895e-03
8.926625363528728485e-03
4.176518693566322327e-02
7.057174295186996460e-02
7.984039932489395142e-02
-2.475878037512302399e-02
-6.758242845535278320e-02
-2.309047430753707886e-02
-8.771682530641555786e-02
-1.055736541748046875e-01
-2.078099362552165985e-02
-2.846116945147514343e-02
-6.055549532175064087e-02
-1.106812246143817902e-02
1.318996306508779526e-02
3.287906572222709656e-02
7.583402097225189209e-02
3.077150695025920868e-02
5.536364391446113586e-02
4.154521971940994263e-02
2.111904323101043701e-03
1.068010739982128143e-02
1.799947209656238556e-02
-1.904044672846794128e-02
2.373547479510307312e-02
1.462447084486484528e-02
-4.239143058657646179e-02
4.977229982614517212e-03
3.820354118943214417e-02
-1.017158851027488708e-02
3.229596093297004700e-02
3.068566322326660156e-02
4.299652576446533203e-02
4.520879313349723816e-02
3.779582306742668152e-02
6.120987702161073685e-03
7.094976305961608887e-02
8.135184645652770996e-02
-8.376977406442165375e-03
5.460303649306297302e-02
1.179111376404762268e-02
