1.728622056543827057e-02
3.714341670274734497e-02
3.417302668094635010e-02
-1.757991313934326172e-02
-1.277526468038558960e-02
-1.109595526941120625e-03
-1.856283657252788544e-02
-1.819724030792713165e-02
-5.361752584576606750e-03
1.330935768783092499e-02
2.970601618289947510e-02
2.646636404097080231e-02
-1.385638024657964706e-02
-1.051443442702293396e-02
-2.340496983379125595e-03
-1.026022527366876602e-02
-1.011346373707056046e-02
-3.829656867310404778e-03
9.354853071272373199e-03
1.485773827880620956e-02
1.327387802302837372e-02
-8.629777468740940094e-03
-1.280577108263969421e-02
-8.954284712672233582e-03
-9.291131049394607544e-03
-1.373394485563039780e-02
-1.334645133465528488e-02
-3.657667548395693302e-05
3.023359340659226291e-06
3.121882400591857731e-05
-3.662026574602350593e-05
-3.770636567423935048e-06
5.179505387786775827e-05
-2.444853089400567114e-05
5.211143161432119086e-06
4.841939880861900747e-05
2.990057510032784194e-06
8.932818673201836646e-06
1.017392878566170111e-05
5.552437414735322818e-06
-5.569354470935650170e-06
2.025905087066348642e-05
6.051628133718622848e-06
-9.285521969104593154e-07
1.966471791092772037e-05
2.319451596122235060e-05
6.576242412847932428e-06
-1.988538133446127176e-05
3.185974128427915275e-05
-2.863415602405439131e-06
-1.759539372869767249e-05
2.846596544259227812e-05
-3.476022129689226858e-06
-2.069657784886658192e-05
9.528690017759799957e-03
4.384306725114583969e-03
-5.751223489642143250e-02
1.219198629260063171e-01
-3.209445253014564514e-02
-2.661418356001377106e-02
1.133429482579231262e-01
-6.999376416206359863e-02
-3.038670495152473450e-02
7.223089225590229034e-03
2.485928498208522797e-02
1.456505898386240005e-02
5.592067260295152664e-03
-1.002436801791191101e-01
4.547494649887084961e-02
4.065040126442909241e-02
-1.090896800160408020e-01
1.045186631381511688e-02
-3.076144680380821228e-02
3.529915586113929749e-02
3.397404681891202927e-03
-5.701461434364318848e-02
-8.802428841590881348e-03
7.921291142702102661e-02
-3.007957339286804199e-02
-2.941323257982730865e-02
6.344176083803176880e-02
3.408318851143121719e-03
-1.386134233325719833e-02
-8.300518617033958435e-03
-1.397740375250577927e-02
-2.286510355770587921e-02
-1.357326190918684006e-02
1.347478013485670090e-02
2.979996427893638611e-02
2.068279497325420380e-02
-2.127582393586635590e-02
-3.773862496018409729e-02
-2.525556460022926331e-02
-1.041257102042436600e-02
-8.914887905120849609e-03
-1.301442552357912064e-02
3.309018537402153015e-02
6.171188876032829285e-02
3.230855986475944519e-02
-1.903873495757579803e-02
-3.910708427429199219e-02
-2.237299643456935883e-02
-1.441520173102617264e-02
-1.882989890873432159e-02
-1.989827677607536316e-02
3.394807875156402588e-02
5.126879736781120300e-02
2.981527522206306458e-02
5.048295110464096069e-02
-1.400499790906906128e-01
-8.579918183386325836e-03
2.122022397816181183e-02
2.202498912811279297e-01
-1.260783374309539795e-01
2.722618170082569122e-02
-2.459534630179405212e-02
-2.568273432552814484e-02
1.657602749764919281e-02
-3.709673881530761719e-02
4.773523285984992981e-02
-2.969465591013431549e-02
2.500994801521301270e-01
-7.425187528133392334e-02
-4.844730719923973083e-02
-1.095559373497962952e-01
-2.202214859426021576e-02
-5.485901236534118652e-02
-6.921018660068511963e-02
1.477253250777721405e-02
-5.953438952565193176e-02
1.500428467988967896e-01
9.646332473494112492e-04
-3.555155545473098755e-02
1.811088249087333679e-02
3.714996948838233948e-02
1.351434830576181412e-02
5.637143924832344055e-02
2.256183698773384094e-02
3.949393518269062042e-03
9.535612538456916809e-03
2.870227443054318428e-03
1.323303300887346268e-02
-2.025569044053554535e-02
1.076020020991563797e-02
-1.079847384244203568e-02
-1.956845819950103760e-02
-1.274155732244253159e-02
-4.639859125018119812e-02
-9.332536160945892334e-02
-5.826854333281517029e-02
-1.287677325308322906e-02
-8.254004269838333130e-02
-1.807675138115882874e-02
1.803447306156158447e-02
2.375565283000469208e-02
9.838748723268508911e-03
1.178765390068292618e-02
-1.226461213082075119e-02
-8.901466615498065948e-03
2.594111673533916473e-02
-2.912869676947593689e-02
6.436587776988744736e-03
-4.086263477802276611e-02
-1.013052761554718018e-01
-7.858106493949890137e-02
-4.805994406342506409e-02
-1.673104055225849152e-02
-4.142187908291816711e-02
3.149945521727204323e-03
7.150595542043447495e-03
2.230189740657806396e-02
8.732712827622890472e-03
1.142096221446990967e-01
2.696674130856990814e-02
8.984787017107009888e-02
2.691229879856109619e-01
1.030246093869209290e-01
2.899657748639583588e-02
1.310372948646545410e-01
5.101045966148376465e-02
2.600570768117904663e-02
-2.005189098417758942e-02
5.974489822983741760e-02
-5.351579561829566956e-02
-1.349405497312545776e-01
-8.291154354810714722e-02
-5.242432281374931335e-02
-1.622182875871658325e-01
-7.782388478517532349e-02
1.716601848602294922e-02
-4.153596609830856323e-02
-1.098691951483488083e-02
-4.750720411539077759e-02
-1.160135194659233093e-01
-4.873588681221008301e-02
1.039366587065160275e-03
-6.129104644060134888e-02
-2.750997059047222137e-02
5.530139431357383728e-03
1.776816509664058685e-02
3.018093528226017952e-03
1.714804209768772125e-02
6.420869380235671997e-02
5.139194801449775696e-02
3.376049175858497620e-02
6.077561900019645691e-02
2.962616458535194397e-02
1.153274904936552048e-03
2.917401026934385300e-03
-2.959621604532003403e-03
-1.151979435235261917e-02
2.078959904611110687e-02
8.457232266664505005e-03
-1.059341151267290115e-02
7.440874818712472916e-03
-1.578829064965248108e-02
-1.212165355682373047e-01
-1.121258661150932312e-01
-1.340265274047851562e-01
-3.179166233167052269e-03
1.799258142709732056e-01
8.366275578737258911e-02
-3.876359388232231140e-02
3.338534832000732422e-01
1.342350840568542480e-01
4.177993908524513245e-02
-2.738188952207565308e-02
2.359353378415107727e-02
1.918842201121151447e-03
-1.964271962642669678e-01
-1.054350882768630981e-01
-3.474209923297166824e-03
-7.655497640371322632e-02
-3.612953796982765198e-02
5.562883615493774414e-02
1.505015790462493896e-01
1.371481418609619141e-01
5.154818296432495117e-02
-9.322332590818405151e-02
-7.417751941829919815e-03
5.935386288911104202e-03
-1.633632183074951172e-01
-6.927435845136642456e-02
1.164684351533651352e-02
6.910795345902442932e-03
4.272097721695899963e-04
3.434937074780464172e-02
-8.184779435396194458e-03
-2.834369614720344543e-02
1.446140650659799576e-02
-2.340821921825408936e-02
-2.284292131662368774e-02
2.593201398849487305e-02
1.107190968468785286e-03
-1.692854799330234528e-02
5.617456883192062378e-02
-7.500112522393465042e-03
-3.580656647682189941e-02
2.955859899520874023e-02
-1.512509211897850037e-02
-1.519698370248079300e-02
2.531309612095355988e-02
-5.353051703423261642e-03
-2.438277192413806915e-02
5.183102935552597046e-02
-9.817146696150302887e-03
-4.559123888611793518e-02
2.966718561947345734e-02
-1.566442102193832397e-02
-2.769046276807785034e-02
-3.392180758510221494e-07
7.621735242935301358e-09
-2.058021664197440259e-07
-2.997442720698018093e-07
-6.295630328168044798e-08
-2.536836518629570492e-07
-2.024804075517749880e-07
2.319151803931163158e-08
-1.278865937592854607e-07
-1.341235815743857529e-07
1.883025078086575377e-07
4.924205398992853588e-08
-5.712605144481130992e-08
2.234871203654620331e-07
1.198235644039868930e-08
4.020346366928606585e-08
2.382395933864245308e-07
1.258031119277802645e-07
-1.432378411436729948e-07
1.919599554867090774e-07
-6.763970361589599634e-08
-1.368164390669335262e-07
1.148347834600826900e-07
-1.679534733511900413e-07
-1.169760963648514007e-07
8.604926904354215367e-08
-6.210254355210054200e-08
1.620545797049999237e-02
1.908130384981632233e-02
3.582498989999294281e-03
1.896713301539421082e-02
6.228378042578697205e-02
1.937290839850902557e-02
-9.215264581143856049e-04
2.572116442024707794e-02
4.417948890477418900e-03
-3.653115034103393555e-02
-2.864588052034378052e-02
-2.837529964745044708e-02
-2.292567491531372070e-02
1.080646552145481110e-02
-2.384335733950138092e-02
-2.089699357748031616e-02
-1.951311156153678894e-02
-3.161742538213729858e-02
-5.803358741104602814e-03
3.592087700963020325e-02
-9.974958375096321106e-04
2.869671210646629333e-02
9.670343250036239624e-02
3.478749468922615051e-02
-1.633851416409015656e-02
2.513763122260570526e-02
-1.612955704331398010e-02
1.579268462955951691e-02
-3.384917601943016052e-02
1.174116693437099457e-02
-3.776966407895088196e-02
-1.229014918208122253e-01
-3.900597617030143738e-02
2.336791902780532837e-02
-2.635682560503482819e-02
1.794649846851825714e-02
2.174791507422924042e-02
-2.912643738090991974e-02
3.211611509323120117e-02
-3.195631876587867737e-02
-1.140261292457580566e-01
-1.991941034793853760e-02
2.095205895602703094e-02
-3.795862942934036255e-02
2.055271901190280914e-02
3.956162929534912109e-02
-8.347125723958015442e-03
4.889513924717903137e-02
-3.750541014596819878e-03
-8.135671168565750122e-02
-1.156835583969950676e-03
3.412789851427078247e-02
-2.868709713220596313e-02
1.302372291684150696e-02
-8.640669286251068115e-03
-6.540596950799226761e-03
2.063293382525444031e-02
-3.354425355792045593e-02
-3.192346915602684021e-02
4.909752681851387024e-02
-7.526933215558528900e-03
-1.385255903005599976e-02
2.810275927186012268e-02
-1.887091621756553650e-02
-1.804510876536369324e-02
3.056202270090579987e-02
-3.941005840897560120e-02
-3.208070620894432068e-02
6.419628858566284180e-02
-5.345888435840606689e-03
-1.395911723375320435e-02
2.586241625249385834e-02
-2.321211062371730804e-02
-1.330593880265951157e-02
2.849124185740947723e-02
-3.797283768653869629e-02
-1.733994856476783752e-02
6.296254694461822510e-02
-1.472249347716569901e-02
-1.435884274542331696e-02
2.986560575664043427e-02
-6.624112371355295181e-03
-3.117487765848636627e-02
-1.594327948987483978e-02
-1.834898069500923157e-02
-8.115486055612564087e-02
-4.857482016086578369e-02
-9.351457469165325165e-03
-6.807968020439147949e-02
-3.608796000480651855e-02
-2.153386594727635384e-03
1.641537062823772430e-02
4.070457536727190018e-03
2.094205468893051147e-02
1.978167146444320679e-02
1.248183008283376694e-02
6.068228278309106827e-03
-1.057838741689920425e-02
-8.774411864578723907e-03
-1.691706478595733643e-02
4.191357642412185669e-02
1.539308857172727585e-02
2.894741669297218323e-02
8.653393387794494629e-02
5.360712856054306030e-02
-1.050744322128593922e-03
3.275206685066223145e-02
1.527123339474201202e-02
2.343300357460975647e-02
1.611317880451679230e-02
3.881311044096946716e-02
1.104171667248010635e-02
-6.357416510581970215e-02
-1.854966580867767334e-02
1.674031466245651245e-02
-9.920077398419380188e-03
1.729806512594223022e-02
1.346023567020893097e-02
-1.034620869904756546e-02
2.974819764494895935e-02
-1.148679014295339584e-02
-8.789025992155075073e-02
-3.044566698372364044e-02
1.668723486363887787e-02
8.443573489785194397e-03
2.808905951678752899e-02
-1.317949686199426651e-02
-4.665567353367805481e-02
-1.594748720526695251e-02
-5.120085924863815308e-02
-1.181253567337989807e-01
-5.954303964972496033e-02
-1.783199235796928406e-02
-1.385201979428529739e-02
1.242616400122642517e-02
