-3.901315852999687195e-02
-4.254880547523498535e-02
1.510604750365018845e-02
4.010796919465065002e-02
4.513239860534667969e-02
4.671991243958473206e-02
3.091226890683174133e-02
9.013158851303160191e-04
-2.937227301299571991e-02
-8.756553381681442261e-02
-4.242673143744468689e-02
-1.563047245144844055e-02
-5.440362170338630676e-02
-4.837970063090324402e-02
1.236404990777373314e-03
-3.612975031137466431e-02
-3.139271587133407593e-02
4.877912625670433044e-02
1.925885444507002831e-03
7.452050596475601196e-02
6.890410929918289185e-02
2.842357195913791656e-02
4.577108472585678101e-02
1.157504040747880936e-02
3.320977091789245605e-02
1.365034282207489014e-02
-1.987251080572605133e-02
1.750429364619776607e-04
3.540942445397377014e-02
4.732002504169940948e-03
5.641433224081993103e-02
2.439029701054096222e-02
-3.628163784742355347e-02
3.500460088253021240e-02
-3.818906843662261963e-02
-5.501092225313186646e-02
3.915176261216402054e-03
4.303315654397010803e-03
-2.547263912856578827e-02
-3.291981294751167297e-02
-1.390394754707813263e-02
-2.068678475916385651e-02
-4.837908968329429626e-02
-8.769382722675800323e-03
4.420417174696922302e-02
4.489167127758264542e-03
-4.023280739784240723e-02
-6.870003044605255127e-02
-2.942570485174655914e-02
-4.868783801794052124e-02
-4.006138816475868225e-02
-1.302862539887428284e-02
-6.307345815002918243e-03
6.323747336864471436e-03
4.511054232716560364e-02
-1.392085198312997818e-02
-8.282215893268585205e-02
1.720957644283771515e-02
-3.432286158204078674e-02
-6.219838559627532959e-02
-3.621004521846771240e-02
-5.909686163067817688e-02
-3.152668848633766174e-02
3.650668542832136154e-03
1.613887399435043335e-02
1.231228746473789215e-02
1.362362317740917206e-02
5.662219482474029064e-04
-2.380226925015449524e-02
5.050609353929758072e-03
-2.004927210509777069e-02
-3.903990238904953003e-02
4.938528314232826233e-02
-7.878315448760986328e-02
-1.040159612894058228e-01
-5.255394149571657181e-03
-7.910866290330886841e-02
-3.109383955597877502e-02
-7.753300666809082031e-02
-7.733187079429626465e-02
3.084608586505055428e-03
-2.875978499650955200e-02
3.453174978494644165e-02
-1.349660567939281464e-02
-1.136858854442834854e-02
2.954495139420032501e-02
1.089517306536436081e-02
1.113875210285186768e-02
3.359246253967285156e-02
8.735839510336518288e-04
-5.902255326509475708e-02
2.663161605596542358e-02
4.214015603065490723e-02
1.868309453129768372e-02
3.882123157382011414e-02
5.722822248935699463e-02
1.220258139073848724e-02
2.953075431287288666e-02
1.696953363716602325e-02
4.123574122786521912e-02
-2.578035369515419006e-02
-3.263746947050094604e-02
-9.205084294080734253e-03
-3.334984928369522095e-02
-2.152707055211067200e-02
-4.185883700847625732e-02
-1.566350273787975311e-02
-2.510805241763591766e-02
-1.767927221953868866e-02
8.753638830967247486e-04
3.359666839241981506e-02
-9.681871160864830017e-03
1.534276735037565231e-02
2.785019949078559875e-02
1.800292730331420898e-02
2.648814767599105835e-02
2.759500406682491302e-02
-6.399405002593994141e-02
-9.671954065561294556e-02
-4.862679913640022278e-02
-1.290523540228605270e-02
7.857161574065685272e-03
1.700745150446891785e-02
-3.006123937666416168e-02
-7.839958369731903076e-02
-5.030325055122375488e-02
-1.954379379749298096e-01
-7.267981022596359253e-02
1.164824813604354858e-01
-1.866198778152465820e-01
3.039640933275222778e-02
1.743096560239791870e-01
-8.289220929145812988e-02
8.139846473932266235e-02
6.593335419893264771e-02
-6.438947748392820358e-03
2.464940212666988373e-02
-3.005504235625267029e-02
-1.047545857727527618e-02
1.890498027205467224e-02
-6.462889909744262695e-02
-5.676132626831531525e-03
-1.268341112881898880e-02
-4.547275230288505554e-02
3.902298631146550179e-03
5.654794350266456604e-02
-1.308189798146486282e-02
2.191142179071903229e-02
8.990110829472541809e-03
8.772786706686019897e-03
3.398549556732177734e-02
4.498541727662086487e-02
3.856303170323371887e-02
-5.582274496555328369e-02
3.036584239453077316e-03
-9.104361385107040405e-02
-8.851539343595504761e-02
1.523079257458448410e-02
-7.471919804811477661e-02
-1.759636700153350830e-01
7.294033467769622803e-02
-1.361801475286483765e-01
-1.638760976493358612e-02
-4.001182690262794495e-02
-1.368061453104019165e-02
-7.939382642507553101e-02
4.875325411558151245e-02
-7.914517074823379517e-03
1.693063066340982914e-03
2.374048158526420593e-02
-1.077937427908182144e-02
5.614484101533889771e-02
-3.645926713943481445e-03
1.607810892164707184e-02
2.893017977476119995e-02
-2.261905930936336517e-03
6.587487459182739258e-02
-2.766124159097671509e-02
4.192868992686271667e-02
4.979922622442245483e-02
3.557174652814865112e-02
-1.509766876697540283e-01
7.920244708657264709e-03
-5.155445635318756104e-02
9.432472288608551025e-02
-6.404913216829299927e-02
8.305946737527847290e-02
-1.356129199266433716e-01
3.903884440660476685e-02
3.050297126173973083e-02
-4.239805415272712708e-02
1.832048222422599792e-02
3.809169307351112366e-02
-5.777169950306415558e-03
2.481638081371784210e-02
1.043019443750381470e-02
2.944449335336685181e-02
4.732166230678558350e-02
-1.701766438782215118e-02
2.404170483350753784e-02
3.984198719263076782e-02
-6.342806667089462280e-02
-1.299009658396244049e-02
-1.771606877446174622e-02
-7.210162281990051270e-02
-5.544215906411409378e-03
-5.832375958561897278e-02
-1.247223932296037674e-02
1.353782135993242264e-02
-9.714671410620212555e-03
-1.615992560982704163e-02
-2.657074853777885437e-02
6.732718087732791901e-03
1.377340499311685562e-02
-1.876068487763404846e-02
-3.614967688918113708e-02
-2.618440426886081696e-03
-2.157032676041126251e-02
1.013747975230216980e-02
2.731421776115894318e-02
-4.358290135860443115e-02
3.149348869919776917e-02
-2.262986265122890472e-02
-5.510548502206802368e-02
4.055755585432052612e-02
6.325545161962509155e-02
-1.172061078250408173e-02
1.081542391330003738e-02
4.107556305825710297e-03
9.789883159101009369e-03
-2.045098878443241119e-02
1.166234165430068970e-02
-4.959952831268310547e-02
-1.015004292130470276e-01
2.240449748933315277e-02
8.392271399497985840e-02
-3.035507537424564362e-02
-5.382296815514564514e-02
5.351647734642028809e-02
-9.223763644695281982e-02
5.047050653956830502e-04
-8.434727787971496582e-03
6.768675148487091064e-02
3.909004107117652893e-02
-1.504811551421880722e-02
3.375757113099098206e-02
6.953468918800354004e-02
-5.077883973717689514e-02
4.087902978062629700e-02
-1.618762873113155365e-02
-4.299807921051979065e-02
5.699335131794214249e-03
-4.674182832241058350e-02
-1.408085078001022339e-01
-4.940301552414894104e-02
-8.603307604789733887e-02
-4.878136143088340759e-02
-7.238680124282836914e-02
-7.163679599761962891e-02
-2.893604710698127747e-02
-6.963930279016494751e-02
-1.486021839082241058e-02
8.841797709465026855e-03
9.957886300981044769e-03
-2.913316525518894196e-02
-7.313420623540878296e-02
2.661753445863723755e-02
-4.585418477654457092e-02
3.667815029621124268e-02
-1.173316035419702530e-02
3.259125724434852600e-02
2.014511264860630035e-02
7.383898645639419556e-02
1.376835070550441742e-02
-2.180266939103603363e-02
-7.190471515059471130e-03
-5.278188735246658325e-02
-9.849088266491889954e-03
-3.587807714939117432e-02
-1.823755726218223572e-02
-7.520697265863418579e-02
-8.928291499614715576e-03
1.856109872460365295e-02
5.404820665717124939e-03
9.489141404628753662e-03
-2.808631211519241333e-02
5.416432395577430725e-02
-5.071113631129264832e-02
1.686537079513072968e-02
-1.732964068651199341e-03
6.539552472531795502e-03
-3.305494319647550583e-03
-5.732545629143714905e-03
3.279245691373944283e-03
5.657461006194353104e-03
-1.371040754020214081e-02
-2.962525375187397003e-02
3.072051703929901123e-02
4.847345408052206039e-03
-2.253714017570018768e-02
2.421203814446926117e-02
1.239527761936187744e-02
1.526088174432516098e-02
9.410238708369433880e-04
-1.110023632645606995e-02
3.190132230520248413e-02
1.782547333277761936e-03
-3.566971048712730408e-02
2.227410674095153809e-02
1.474318210966885090e-03
-1.058332156389951706e-02
-5.741498898714780807e-03
2.054802142083644867e-02
9.413390420377254486e-03
-7.405733340419828892e-04
1.061672624200582504e-02
4.598669335246086121e-02
6.211770325899124146e-02
-1.787481887731701136e-04
-1.636078767478466034e-02
-1.309795491397380829e-02
2.682178281247615814e-02
2.294005127623677254e-03
-1.723771356046199799e-02
-1.891387067735195160e-02
-2.815213240683078766e-02
2.693949453532695770e-02
-2.311749011278152466e-02
-4.942737054079771042e-03
9.322002530097961426e-03
4.189530014991760254e-02
-1.056830864399671555e-02
-1.035383250564336777e-02
-6.874343007802963257e-02
-7.697495073080062866e-02
-4.686231911182403564e-02
-5.081180483102798462e-02
-4.998781904578208923e-02
-2.499614842236042023e-02
-1.467078272253274918e-02
-2.357421629130840302e-02
-1.078705769032239914e-02
5.564536433666944504e-03
3.318038955330848694e-02
2.109846100211143494e-02
-3.109871968626976013e-02
-1.086390018463134766e-02
1.470703352242708206e-02
-7.570045441389083862e-02
-7.268079370260238647e-02
-3.995584696531295776e-02
3.272220864892005920e-02
-5.669605918228626251e-03
-5.102086067199707031e-02
1.193072088062763214e-02
1.839754544198513031e-02
-1.541762705892324448e-02
-5.000155419111251831e-02
-1.317307166755199432e-02
-3.734651580452919006e-02
-1.025878917425870895e-02
-2.600798755884170532e-02
-1.720960997045040131e-02
-5.068976897746324539e-03
-3.891241550445556641e-02
-1.346764434128999710e-02
3.524862602353096008e-02
-2.833579108119010925e-02
1.258636009879410267e-03
4.959729500114917755e-03
-2.397200092673301697e-02
-2.363292872905731201e-02
1.986360549926757812e-02
-3.012857586145401001e-02
-2.794454246759414673e-02
2.025644667446613312e-02
-7.547754794359207153e-03
-4.017865285277366638e-02
3.177880309522151947e-03
-2.201825007796287537e-02
-7.132397498935461044e-03
-1.139403204433619976e-03
-8.611354976892471313e-03
2.787682972848415375e-02
2.240343019366264343e-02
9.857660159468650818e-03
4.547956399619579315e-03
-1.478433143347501755e-02
-4.061903804540634155e-02
-1.472127251327037811e-02
-3.985455632209777832e-02
-7.146485149860382080e-02
-4.822254925966262817e-02
-1.342147216200828552e-02
-3.548685088753700256e-02
-2.935380861163139343e-02
9.939983487129211426e-03
-1.989014260470867157e-02
-1.698143780231475830e-02
-7.620602846145629883e-03
-3.298649936914443970e-02
-2.634781971573829651e-02
-2.208094485104084015e-02
-5.962118506431579590e-02
-3.327589109539985657e-02
1.195582188665866852e-02
-6.787098944187164307e-03
5.349923740141093731e-04
-1.743458025157451630e-02
-4.664516076445579529e-02
2.660314925014972687e-02
-4.364369437098503113e-02
-3.762648999691009521e-02
2.023782394826412201e-02
-1.358141899108886719e-01
-1.097478419542312622e-01
-1.292587667703628540e-01
-7.356208562850952148e-02
-4.828472808003425598e-02
-9.307356923818588257e-02
2.563773468136787415e-02
5.512518808245658875e-02
-8.915023878216743469e-03
4.737647995352745056e-02
1.781925372779369354e-02
8.974038995802402496e-03
-2.573302015662193298e-03
-1.000476162880659103e-02
-4.067587666213512421e-03
-1.925056451000273228e-03
-1.278206123970448971e-03
3.657638095319271088e-03
-5.828877910971641541e-02
-2.934671752154827118e-02
5.043741315603256226e-02
-7.144078612327575684e-02
-9.398183971643447876e-02
-3.588300943374633789e-02
-5.189023446291685104e-03
-4.855431243777275085e-02
-7.564901560544967651e-02
1.328819524496793747e-02
8.939526975154876709e-03
6.945652514696121216e-02
8.469868917018175125e-04
-4.189084097743034363e-02
3.338474407792091370e-02
-5.878790281713008881e-03
-6.634779274463653564e-02
1.975112408399581909e-02
-3.389361873269081116e-02
-6.529758870601654053e-02
-9.571271017193794250e-03
1.807431690394878387e-02
-6.341326981782913208e-02
-8.547072112560272217e-02
4.335810616612434387e-02
-4.368758574128150940e-02
-8.014594018459320068e-02
-4.241382330656051636e-02
-3.715267777442932129e-02
6.742688827216625214e-03
6.737201474606990814e-03
1.431673765182495117e-02
1.115611381828784943e-02
-3.585179895162582397e-02
5.591652169823646545e-02
4.018136858940124512e-02
4.074134863913059235e-03
-3.244858980178833008e-02
-4.276950657367706299e-02
6.561398506164550781e-02
1.293507311493158340e-02
2.135172858834266663e-02
8.729814551770687103e-03
-2.419148758053779602e-02
8.879144489765167236e-02
-6.917773932218551636e-02
4.603566601872444153e-03
5.893037840723991394e-02
-2.493848092854022980e-02
-4.064880311489105225e-02
-3.642344102263450623e-02
3.227614983916282654e-02
-2.261824719607830048e-02
-5.710946023464202881e-02
-5.655135214328765869e-02
-1.660406216979026794e-02
1.354495622217655182e-02
-4.135037586092948914e-02
-2.463567815721035004e-02
-2.485991269350051880e-02
-1.800954341888427734e-02
-1.639851368963718414e-02
-3.823605552315711975e-02
-4.818988591432571411e-02
2.822175249457359314e-02
8.611042797565460205e-02
-9.142803959548473358e-03
-5.820895358920097351e-02
3.683850914239883423e-02
5.384734272956848145e-02
-4.164072871208190918e-02
-9.038407355546951294e-03
4.141236841678619385e-02
-5.219371616840362549e-02
-1.749121546745300293e-01
5.562305822968482971e-02
1.565496921539306641e-01
-5.664923042058944702e-02
-6.851052492856979370e-02
1.149878650903701782e-01
1.608596183359622955e-02
-7.292786985635757446e-02
2.360237948596477509e-02
1.020068582147359848e-02
3.573327139019966125e-02
1.373220607638359070e-02
2.854220196604728699e-02
9.230113588273525238e-03
-3.953034803271293640e-02
3.003174811601638794e-02
6.182273104786872864e-02
7.453168183565139771e-02
3.969023376703262329e-02
5.350548028945922852e-02
2.366472221910953522e-02
7.306239753961563110e-02
-2.666442655026912689e-03
-3.768180310726165771e-02
1.341499481350183487e-02
1.154862716794013977e-02
3.387809917330741882e-02
1.992478221654891968e-02
-3.347619622945785522e-02
-4.079970717430114746e-02
-4.647125676274299622e-02
6.093346979469060898e-03
-6.857442669570446014e-03
-1.514915935695171356e-02
-1.545965764671564102e-02
1.624492555856704712e-02
7.201531529426574707e-02
-4.047985002398490906e-02
-4.986736178398132324e-02
4.923015087842941284e-02
1.118563959607854486e-04
-5.965046584606170654e-02
-1.352204941213130951e-02
4.204173572361469269e-03
-1.838672347366809845e-02
9.134350717067718506e-02
-4.905521497130393982e-02
-1.030796542763710022e-01
-1.225923560559749603e-02
9.257497638463973999e-02
-9.744647145271301270e-02
-3.956712037324905396e-02
-6.909058243036270142e-02
5.524706467986106873e-02
1.441408097743988037e-01
-7.826562970876693726e-02
-1.178566738963127136e-01
4.965297877788543701e-02
2.993887104094028473e-02
-1.389432847499847412e-01
-5.334430187940597534e-02
-3.644565120339393616e-02
-1.433238852769136429e-02
1.425505802035331726e-02
-3.203150257468223572e-02
-3.238342329859733582e-02
4.284016322344541550e-03
2.265155315399169922e-03
-3.741054236888885498e-02
-2.939504757523536682e-02
2.205570414662361145e-02
-4.925712198019027710e-02
-6.754334550350904465e-03
-3.855323791503906250e-02
-2.118660695850849152e-02
5.286599695682525635e-02
-4.148179665207862854e-02
3.152895718812942505e-02
6.716467440128326416e-02
4.877008870244026184e-02
-1.254427619278430939e-02
-5.081099644303321838e-02
4.750263690948486328e-02
-7.117659598588943481e-02
-7.756289839744567871e-02
6.216082838363945484e-04
-8.130878210067749023e-02
-2.617421001195907593e-02
-4.599764198064804077e-02
3.193797171115875244e-02
6.198645383119583130e-02
-8.401665836572647095e-03
6.486708670854568481e-02
3.900196030735969543e-02
1.187521517276763916e-01
-1.277127861976623535e-02
-8.430031128227710724e-03
-5.152208358049392700e-02
8.451734669506549835e-03
5.257609486579895020e-02
2.586662210524082184e-02
6.205176934599876404e-02
2.389901131391525269e-02
6.591565161943435669e-02
4.984267428517341614e-02
2.226250618696212769e-02
2.944944240152835846e-02
-2.406603097915649414e-02
3.713354840874671936e-02
1.838327012956142426e-02
-9.752680547535419464e-03
9.025467932224273682e-02
4.918879643082618713e-02
2.376249246299266815e-02
2.190991677343845367e-02
-8.759478107094764709e-03
1.363543514162302017e-02
4.117548931390047073e-03
-6.434700451791286469e-03
1.257782429456710815e-02
-3.534971037879586220e-03
-2.342559164389967918e-03
-1.766882278025150299e-02
-1.250884030014276505e-02
-5.704216659069061279e-02
-4.123008251190185547e-02
-3.185991197824478149e-02
-7.980661094188690186e-02
-5.867084488272666931e-02
7.416956592351198196e-03
-4.872766137123107910e-02
-7.159681408666074276e-04
7.300249487161636353e-02
-3.697733208537101746e-02
-1.377227753400802612e-01
-5.988794565200805664e-02
-1.445056796073913574e-01
-9.954033046960830688e-02
6.413377076387405396e-02
-9.247808158397674561e-02
4.664152860641479492e-02
1.668867766857147217e-01
1.079487055540084839e-01
1.171558350324630737e-01
-1.137994602322578430e-01
1.190776079893112183e-01
-6.281104683876037598e-02
-2.025118023157119751e-01
-1.011121459305286407e-02
-1.731626689434051514e-01
-1.241487637162208557e-01
3.006967715919017792e-02
4.121418297290802002e-02
3.417052701115608215e-02
-3.905302146449685097e-03
-2.550432644784450531e-02
-1.594766601920127869e-02
-3.007901646196842194e-02
-4.981200769543647766e-02
-3.294137865304946899e-02
-1.757060736417770386e-02
-5.915167275816202164e-03
1.504140812903642654e-02
-7.967844605445861816e-03
1.466678269207477570e-02
-3.506769658997654915e-03
-5.045194178819656372e-03
3.473214805126190186e-02
-7.415317930281162262e-03
2.377031184732913971e-02
-3.278841450810432434e-02
1.825013011693954468e-02
-4.032723978161811829e-02
-5.006463453173637390e-02
-5.239315796643495560e-04
-4.135039448738098145e-02
-2.772424137219786644e-03
7.900400087237358093e-03
8.161505102179944515e-04
-1.958276145160198212e-02
-2.320092730224132538e-02
-3.835997357964515686e-02
-2.133637480437755585e-02
-2.351263724267482758e-02
4.977947566658258438e-03
1.120247785001993179e-02
1.438510511070489883e-02
6.923466175794601440e-02
5.853731557726860046e-02
-3.756829351186752319e-02
-4.020374268293380737e-02
2.671523950994014740e-03
-5.983317270874977112e-02
-3.487895429134368896e-02
-1.712528872303664684e-03
-1.157230976969003677e-02
-4.362518340349197388e-02
-1.434613019227981567e-01
-5.510227382183074951e-02
-8.729866147041320801e-02
-3.263685107231140137e-02
9.526630491018295288e-02
-4.891370981931686401e-02
4.214863479137420654e-02
-7.430973462760448456e-03
-4.739847406744956970e-02
1.196342427283525467e-02
1.187665946781635284e-02
-5.521742627024650574e-02
4.357914905995130539e-03
-3.332090750336647034e-02
-6.741583347320556641e-02
-4.895100742578506470e-02
-8.444609493017196655e-02
-3.982680663466453552e-02
-5.641224235296249390e-02
-5.975464358925819397e-02
-1.087218523025512695e-01
-8.630522340536117554e-02
-6.669126451015472412e-02
-5.404158681631088257e-02
-4.779141023755073547e-02
-4.093560203909873962e-02
1.818313822150230408e-02
2.696711383759975433e-02
-9.264617227017879486e-03
-1.637852750718593597e-02
6.912329699844121933e-03
-4.941361397504806519e-02
-1.362523715943098068e-02
2.472154051065444946e-02
-4.916038736701011658e-02
-3.886147402226924896e-03
-1.653247699141502380e-02
-1.191004179418087006e-02
1.834900304675102234e-02
2.469235472381114960e-02
-1.162681076675653458e-02
2.888894081115722656e-02
1.374520640820264816e-02
3.098784200847148895e-02
7.153600454330444336e-02
9.839177131652832031e-02
5.752574279904365540e-02
4.247525334358215332e-02
4.908276349306106567e-02
2.405003458261489868e-02
2.927346527576446533e-02
-2.864045090973377228e-02
-4.999228566884994507e-02
-3.434959799051284790e-02
-1.219313964247703552e-02
-1.302628405392169952e-02
2.939663454890251160e-02
3.799923509359359741e-02
2.913385070860385895e-02
-3.412307798862457275e-02
-8.029624819755554199e-03
5.482159927487373352e-02
5.239345878362655640e-02
3.805947676301002502e-02
3.459629835560917854e-03
-1.029721606755629182e-04
7.283519022166728973e-03
-1.788233779370784760e-02
-5.975869297981262207e-02
-4.431003704667091370e-02
-3.981450572609901428e-02
-9.142125956714153290e-03
1.267033163458108902e-02
9.352291002869606018e-03
-3.367093577980995178e-02
1.729259826242923737e-02
2.414448186755180359e-02
-4.465516656637191772e-02
-1.145239733159542084e-02
7.776973303407430649e-03
-1.033620536327362061e-02
-1.291444152593612671e-02
-3.542853519320487976e-02
-2.242721617221832275e-02
3.135276213288307190e-02
3.024130687117576599e-02
-3.123240917921066284e-02
1.071882620453834534e-02
2.226622775197029114e-02
-1.606051065027713776e-02
-1.063296943902969360e-02
-5.362292286008596420e-03
-7.444918737746775150e-04
-1.766476407647132874e-02
-1.043720263987779617e-02
1.349178329110145569e-02
4.204395785927772522e-02
5.147629231214523315e-02
-5.517718940973281860e-02
-6.000002101063728333e-02
-3.978490456938743591e-02
-6.227190420031547546e-02
-9.325174987316131592e-02
-3.789249062538146973e-02
-5.948790162801742554e-02
-8.348888158798217773e-02
2.471831999719142914e-02
1.593212597072124481e-02
2.945242635905742645e-02
-6.317385705187916756e-04
-1.523333415389060974e-02
-1.352670975029468536e-02
-7.157486677169799805e-02
-4.042364284396171570e-02
-6.360006332397460938e-02
-6.123450025916099548e-02
-5.858461186289787292e-02
-4.487312212586402893e-02
1.001322362571954727e-02
-5.860968306660652161e-02
5.997925996780395508e-03
6.693231314420700073e-02
-1.628315076231956482e-02
2.328781038522720337e-02
4.113936051726341248e-02
3.658378729596734047e-03
-2.150302007794380188e-02
-2.037756145000457764e-02
-1.636216603219509125e-02
-2.674952708184719086e-02
1.383189373882487416e-04
-1.296455506235361099e-02
-2.032177895307540894e-02
2.565910667181015015e-02
-1.276009995490312576e-02
2.565175294876098633e-02
4.306232556700706482e-02
2.641829894855618477e-03
4.176165163516998291e-02
-4.494765773415565491e-03
4.698807746171951294e-02
4.260997101664543152e-02
-5.758266896009445190e-02
-1.989470236003398895e-02
3.225490078330039978e-02
6.160560622811317444e-02
-9.952779859304428101e-03
1.522606611251831055e-02
3.204069286584854126e-02
1.563975587487220764e-02
-7.081277668476104736e-03
5.886703263968229294e-03
-1.530209369957447052e-02
-4.530968517065048218e-02
-5.376955866813659668e-02
-1.979373954236507416e-02
-3.842955827713012695e-02
-2.366074547171592712e-02
-2.030013361945748329e-03
-3.017650917172431946e-02
1.430949755012989044e-02
-3.229126706719398499e-02
1.441121660172939301e-02
-3.006272017955780029e-02
-2.791980467736721039e-02
-8.651800453662872314e-03
-2.882036566734313965e-02
-1.012454833835363388e-02
6.448582746088504791e-03
-3.371136495843529701e-03
4.343755915760993958e-02
-2.075383625924587250e-02
2.349153533577919006e-02
5.396193265914916992e-02
7.214325945824384689e-03
4.436964169144630432e-02
8.624216541647911072e-03
3.537069633603096008e-02
-8.577037602663040161e-03
-7.252994924783706665e-02
-3.795967623591423035e-02
-3.833650052547454834e-02
-3.293695300817489624e-02
-9.377615526318550110e-03
-2.353124506771564484e-02
-4.898472875356674194e-02
5.232530087232589722e-02
1.060532964766025543e-02
-4.627585411071777344e-02
-8.398770540952682495e-02
-5.192213132977485657e-02
-1.014556959271430969e-01
-1.055289804935455322e-01
-9.980184584856033325e-02
-1.308751553297042847e-01
-9.587810188531875610e-02
-9.235600382089614868e-02
2.567940577864646912e-02
1.165802683681249619e-02
4.833272099494934082e-02
-9.172493591904640198e-03
3.953529149293899536e-02
-1.009518187493085861e-02
-7.443127781152725220e-02
-3.825481608510017395e-02
-4.437520354986190796e-02
-2.541657350957393646e-02
-3.571446239948272705e-02
-2.486728318035602570e-02
1.384989824146032333e-02
2.414296008646488190e-02
5.603373865596950054e-04
3.780240565538406372e-02
3.032696992158889771e-02
-9.287170134484767914e-03
-2.223216928541660309e-02
-1.572753302752971649e-02
-3.808183129876852036e-03
1.076452713459730148e-02
6.389145739376544952e-03
8.640934713184833527e-03
3.170332685112953186e-02
6.812586914747953415e-03
-1.019180272123776376e-04
4.567280784249305725e-02
3.999326750636100769e-02
1.335477083921432495e-02
4.122811555862426758e-02
3.975617873948067427e-04
3.861168166622519493e-03
9.524414315819740295e-03
-5.609428882598876953e-02
-7.845277898013591766e-03
-4.517994821071624756e-02
-2.299532294273376465e-02
-1.104245185852050781e-01
2.067062444984912872e-02
6.622336059808731079e-02
-7.245262619107961655e-03
4.602229967713356018e-02
4.598969221115112305e-02
-3.094818070530891418e-02
-4.547776654362678528e-02
-8.267060853540897369e-03
3.714529052376747131e-02
6.794570013880729675e-03
4.364393651485443115e-03
3.977829124778509140e-03
-1.398069132119417191e-02
-7.341581396758556366e-03
-5.692940950393676758e-02
4.896133672446012497e-03
-1.472784020006656647e-02
-2.527652867138385773e-02
-5.296561121940612793e-02
-3.562976419925689697e-02
-5.377127230167388916e-02
6.321732420474290848e-03
2.762754913419485092e-03
-2.040825597941875458e-02
-5.332936719059944153e-02
2.672255598008632660e-02
2.460108324885368347e-02
1.724248751997947693e-02
4.001846536993980408e-02
2.996140904724597931e-02
-4.418891295790672302e-02
-6.147436425089836121e-02
-4.804988205432891846e-02
1.510981470346450806e-02
-2.129171974956989288e-03
2.627428248524665833e-02
-4.256785381585359573e-03
-3.097496181726455688e-02
-3.307763859629631042e-02
4.874202609062194824e-02
6.788995116949081421e-02
3.872105106711387634e-02
-2.266796119511127472e-02
-1.842344924807548523e-02
-4.550199210643768311e-02
-2.174315415322780609e-02
-7.841704785823822021e-02
-5.991471558809280396e-02
-6.198137998580932617e-02
2.102586068212985992e-02
1.971185952425003052e-02
1.297563686966896057e-02
6.300505995750427246e-02
6.889198720455169678e-02
5.816366896033287048e-02
5.553767457604408264e-02
4.122750088572502136e-02
-7.922885566949844360e-02
-1.022786721587181091e-01
-8.655587583780288696e-02
3.052638843655586243e-02
2.346970140933990479e-02
3.169892728328704834e-02
-2.584279887378215790e-02
-3.106262907385826111e-02
-8.741383440792560577e-03
-7.888055406510829926e-03
-5.693572107702493668e-03
-1.574937254190444946e-02
6.934359204024076462e-03
7.723745889961719513e-03
3.892798349261283875e-02
-5.527954548597335815e-03
-6.453149020671844482e-02
5.133413523435592651e-02
5.751227028667926788e-03
-3.396814316511154175e-02
-8.326972019858658314e-04
-2.286292612552642822e-03
-1.253240257501602173e-01
-2.583499252796173096e-02
7.623611390590667725e-02
-1.421817392110824585e-01
1.478612273931503296e-01
-6.104570627212524414e-02
-6.307983398437500000e-02
-4.325206577777862549e-02
1.792776398360729218e-02
-9.235890209674835205e-02
3.961711004376411438e-02
3.861254081130027771e-02
-1.262723356485366821e-01
-6.753525882959365845e-02
-3.475412726402282715e-02
-1.809100620448589325e-02
-6.964957714080810547e-02
-2.279959432780742645e-02
2.865134552121162415e-02
-5.653740465641021729e-02
-3.643037751317024231e-02
-6.590648088604211807e-03
3.649013862013816833e-02
-9.558631107211112976e-03
-1.107461005449295044e-01
1.391022838652133942e-02
4.412265121936798096e-02
-5.286196246743202209e-02
-2.307910285890102386e-02
1.247052848339080811e-02
1.036229878664016724e-01
-9.034461528062820435e-02
-7.469916343688964844e-02
-3.625628724694252014e-02
-6.503156851977109909e-03
-2.482848986983299255e-02
5.107542499899864197e-02
4.092507064342498779e-02
3.235770016908645630e-02
3.886687010526657104e-02
2.144663967192173004e-02
-1.239909208379685879e-03
5.081491917371749878e-02
-1.134377997368574142e-02
-3.245507180690765381e-02
-5.545198544859886169e-02
-3.998983185738325119e-03
-2.847474813461303711e-02
-7.900362461805343628e-02
-2.782771922647953033e-02
1.620050333440303802e-02
-1.910584047436714172e-02
-2.275060676038265228e-02
3.066999278962612152e-02
-2.391473203897476196e-02
7.607119157910346985e-03
6.038326770067214966e-02
1.058345846831798553e-02
1.717134565114974976e-02
4.232915118336677551e-03
2.878608740866184235e-02
3.179082414135336876e-03
-8.278405293822288513e-03
-2.524719759821891785e-02
2.353066205978393555e-02
4.276771470904350281e-02
-1.581490156240761280e-03
3.532456234097480774e-02
-1.191662531346082687e-02
-3.746040398254990578e-03
3.512534871697425842e-02
-1.653281785547733307e-02
-4.203855246305465698e-02
-1.233524642884731293e-02
-3.252688422799110413e-02
5.973828211426734924e-02
7.677431404590606689e-02
-2.318568713963031769e-02
1.223007868975400925e-02
-8.219490200281143188e-02
-2.867662720382213593e-02
-9.633242338895797729e-02
-1.948315277695655823e-02
-9.124501049518585205e-02
-5.376454070210456848e-02
4.202149063348770142e-02
-6.157812848687171936e-02
-6.179241463541984558e-03
1.367115136235952377e-02
2.164553292095661163e-02
3.520555794239044189e-02
-4.131904989480972290e-02
3.769655525684356689e-02
5.383390188217163086e-02
-4.253837838768959045e-02
4.510174039751291275e-04
7.399405818432569504e-03
2.836155472323298454e-03
-2.911169640719890594e-02
-5.937603861093521118e-02
-2.406340092420578003e-03
-2.257817424833774567e-03
-8.842666447162628174e-02
2.066185884177684784e-02
-3.207358345389366150e-02
-6.111831963062286377e-02
-1.051327958703041077e-01
3.162133693695068359e-02
-5.191216617822647095e-02
-6.613232940435409546e-02
3.677299618721008301e-02
-1.427194625139236450e-01
5.070610903203487396e-03
6.120974197983741760e-03
-5.068303272128105164e-02
-6.488739699125289917e-02
-1.856364123523235321e-02
-4.090103879570960999e-02
-1.079494319856166840e-02
9.002807550132274628e-03
-1.785895600914955139e-02
2.900033257901668549e-02
-9.350641630589962006e-03
2.354959584772586823e-02
-2.952055260539054871e-02
2.465832605957984924e-02
2.381020784378051758e-02
-2.966823801398277283e-02
-1.093030441552400589e-02
-2.130132913589477539e-02
-1.896650716662406921e-02
1.314988639205694199e-02
6.086785718798637390e-02
-1.850565709173679352e-02
-8.372792601585388184e-02
-7.854595035314559937e-02
-6.312350183725357056e-02
-5.348452925682067871e-02
-6.428593397140502930e-02
-8.343374729156494141e-02
-3.476456180214881897e-02
1.444406062364578247e-02
-8.577570319175720215e-03
7.163804024457931519e-02
-2.588525973260402679e-02
3.610529378056526184e-02
8.116596937179565430e-02
-2.032203972339630127e-02
6.328461319208145142e-02
-9.776996448636054993e-03
3.580525144934654236e-02
-4.764666035771369934e-02
4.503056406974792480e-03
-3.323085978627204895e-02
2.554260194301605225e-03
4.879194125533103943e-02
-2.463026531040668488e-02
-4.686054959893226624e-02
-2.878830209374427795e-02
-7.422464899718761444e-03
2.413935959339141846e-02
4.955786466598510742e-02
3.858198970556259155e-02
-4.628679156303405762e-02
7.386430352926254272e-02
3.186228871345520020e-02
3.574228286743164062e-02
-9.405606426298618317e-03
-6.768546253442764282e-02
-5.707522481679916382e-02
-7.213808596134185791e-02
-1.339084804058074951e-01
-1.006499379873275757e-01
-4.008379951119422913e-02
1.209900900721549988e-01
-4.341566935181617737e-03
-3.806922584772109985e-02
-1.251860409975051880e-01
-7.947048544883728027e-02
2.519281953573226929e-02
1.867155171930789948e-02
1.556967664510011673e-02
3.668610006570816040e-02
3.112642653286457062e-02
2.230039238929748535e-02
5.832650233060121536e-03
2.058367058634757996e-02
-6.054332014173269272e-03
2.234412543475627899e-02
2.140534669160842896e-02
6.041198223829269409e-02
7.131641358137130737e-02
6.597407907247543335e-02
6.411537528038024902e-02
5.019510537385940552e-02
2.868061512708663940e-02
1.119015645235776901e-02
-3.138557821512222290e-02
1.140798814594745636e-02
-4.236652702093124390e-02
-4.066644608974456787e-02
-8.026986382901668549e-03
-3.533827140927314758e-02
-4.055142775177955627e-02
5.013772752135992050e-03
2.495640516281127930e-02
7.277494296431541443e-03
-8.709869347512722015e-03
2.399321272969245911e-02
1.882936805486679077e-02
1.658936403691768646e-02
2.762340754270553589e-02
-2.564076147973537445e-02
-4.548621550202369690e-02
-7.976644486188888550e-02
-5.605731159448623657e-02
-4.306331276893615723e-02
-1.423492003232240677e-02
-3.718154877424240112e-02
5.584298819303512573e-02
2.606146968901157379e-02
2.262052148580551147e-02
6.977013498544692993e-02
2.959620580077171326e-02
6.175421550869941711e-02
2.583661861717700958e-02
4.420982673764228821e-02
-6.171559169888496399e-02
-3.870882093906402588e-02
-5.338356271386146545e-02
-8.419082500040531158e-03
2.793744392693042755e-02
-1.714188978075981140e-02
-4.141664132475852966e-02
2.675562538206577301e-02
2.057576179504394531e-02
1.200928166508674622e-02
2.624850720167160034e-02
-6.584069691598415375e-03
-6.538520567119121552e-03
-1.235424075275659561e-02
-1.718650758266448975e-02
3.779154038056731224e-03
-1.281589567661285400e-01
-2.332014217972755432e-02
1.767919771373271942e-02
-6.127677485346794128e-02
1.082222349941730499e-02
-4.423138219863176346e-03
-1.192868873476982117e-02
-7.826548814773559570e-02
1.599453017115592957e-02
-1.186148263514041901e-03
2.189922891557216644e-02
6.555130705237388611e-03
-1.263156086206436157e-01
-9.847873449325561523e-02
-6.313732359558343887e-03
3.807978332042694092e-02
-1.262794062495231628e-02
2.340032160282135010e-02
2.225261367857456207e-02
-3.558419644832611084e-03
-1.700661517679691315e-02
-9.343450888991355896e-03
-1.322531234472990036e-02
-1.075406838208436966e-02
2.626963332295417786e-02
-2.620056271553039551e-02
-9.467643685638904572e-03
-6.308042258024215698e-02
-2.273780293762683868e-02
-1.036079041659832001e-02
-4.362745210528373718e-02
-4.715578630566596985e-02
-7.065740413963794708e-03
-1.395705505274236202e-03
-1.515451818704605103e-02
-3.019830770790576935e-02
-1.102678850293159485e-01
-7.543379813432693481e-02
-8.231135457754135132e-02
-3.494068607687950134e-02
-8.689269423484802246e-02
-1.227951049804687500e-01
-1.121319904923439026e-01
-1.387639194726943970e-01
3.758946841116994619e-04
5.832705274224281311e-02
-5.046592280268669128e-02
-1.003254950046539307e-01
3.012572601437568665e-02
-6.436262279748916626e-02
3.395934775471687317e-02
-3.730188356712460518e-03
3.225084394216537476e-02
-2.826241217553615570e-02
3.888925164937973022e-02
7.276544347405433655e-03
-4.385558888316154480e-02
1.746354065835475922e-02
3.186906501650810242e-02
1.181738972663879395e-01
-2.834922820329666138e-02
-2.767286449670791626e-02
1.905213668942451477e-02
2.255165018141269684e-02
-9.808448143303394318e-03
-3.565667197108268738e-02
6.040535494685173035e-02
2.317235060036182404e-02
-5.390450358390808105e-02
1.964577706530690193e-03
6.618449091911315918e-02
-5.491746589541435242e-02
-1.603663526475429535e-02
2.773090265691280365e-02
-2.370464615523815155e-02
-1.705548167228698730e-01
-1.555259823799133301e-01
-3.367823734879493713e-02
1.147476285696029663e-01
4.510796815156936646e-02
9.144880808889865875e-03
1.804779097437858582e-02
-6.056437850929796696e-04
-2.604074077680706978e-03
3.053998202085494995e-02
6.774089299142360687e-03
3.174864128232002258e-02
7.863448699936270714e-04
-3.068720735609531403e-02
-2.005905099213123322e-02
-3.445788472890853882e-02
-3.790217638015747070e-02
-2.304167672991752625e-02
-2.988223917782306671e-02
-2.065599896013736725e-02
7.976909168064594269e-03
4.961859807372093201e-02
3.655403852462768555e-02
4.038653895258903503e-02
-2.351492270827293396e-02
-1.041107345372438431e-02
-1.055279094725847244e-02
-6.128534674644470215e-02
-1.780528016388416290e-02
2.720114961266517639e-02
6.353309750556945801e-02
5.440086126327514648e-02
2.780168317258358002e-02
-1.079728454351425171e-02
1.788387261331081390e-02
1.310019753873348236e-03
-3.158683329820632935e-02
1.825607148930430412e-03
1.097045652568340302e-02
7.933175191283226013e-03
-1.259010983631014824e-03
2.161117270588874817e-02
6.530635803937911987e-02
2.430548705160617828e-02
6.823035422712564468e-03
5.615078657865524292e-02
-1.273844670504331589e-02
6.523225456476211548e-03
-6.207243725657463074e-02
5.920116975903511047e-02
-6.382846832275390625e-02
-6.751986593008041382e-02
-7.360357791185379028e-02
2.658458799123764038e-02
7.595529407262802124e-02
3.959222882986068726e-02
-9.807417169213294983e-03
-4.872652143239974976e-02
-3.414848819375038147e-02
3.684636205434799194e-02
-3.976228833198547363e-02
5.357793532311916351e-03
-2.508324978407472372e-04
-2.772831916809082031e-02
2.588980272412300110e-02
-2.739543095231056213e-02
2.624382730573415756e-03
3.835381567478179932e-02
-3.246127814054489136e-02
2.650087140500545502e-02
4.622647073119878769e-03
3.194986144080758095e-03
3.866526111960411072e-02
1.412826124578714371e-02
2.065467834472656250e-02
1.401586830615997314e-02
8.498578518629074097e-02
1.889772340655326843e-02
-4.770561680197715759e-02
-5.174508690834045410e-02
-5.370930582284927368e-02
1.335659772157669067e-01
7.402394711971282959e-02
1.413399539887905121e-02
1.625019125640392303e-02
-1.270698662847280502e-02
2.307918667793273926e-02
3.096271678805351257e-02
-1.428851624950766563e-03
1.151781834778375924e-04
-2.910486655309796333e-03
-1.404949277639389038e-02
-2.950411289930343628e-03
-3.866786509752273560e-02
8.208669722080230713e-03
8.989422582089900970e-03
1.075558923184871674e-02
3.912076354026794434e-02
-5.437380820512771606e-02
6.453134585171937943e-03
-1.369639672338962555e-02
4.858813248574733734e-03
2.626677975058555603e-02
1.478195469826459885e-02
-2.700734883546829224e-02
-6.331852637231349945e-03
-2.399687096476554871e-02
-4.016820341348648071e-02
3.209287673234939575e-02
-4.903750866651535034e-02
-5.625540390610694885e-02
-3.850946947932243347e-02
-7.416454702615737915e-02
-1.614234223961830139e-02
1.118839345872402191e-02
-5.069669568911194801e-04
1.854730769991874695e-02
8.133479952812194824e-02
-5.900043179281055927e-04
4.091218486428260803e-02
4.310088604688644409e-02
1.460433844476938248e-02
-8.829339407384395599e-03
1.261027809232473373e-02
-3.672547638416290283e-02
-1.118455231189727783e-01
-7.902262359857559204e-02
-8.662191778421401978e-02
-1.039785444736480713e-01
-1.393410116434097290e-01
-3.763709962368011475e-02
-3.992246836423873901e-02
-4.197719320654869080e-02
5.699952598661184311e-03
6.321989465504884720e-03
3.681983798742294312e-02
1.808659732341766357e-02
4.563070833683013916e-02
6.735701113939285278e-02
5.976150557398796082e-02
-3.438887372612953186e-02
4.532147198915481567e-02
-3.322054073214530945e-02
-2.042821981012821198e-02
-7.870666682720184326e-02
2.334626205265522003e-02
-1.365838013589382172e-02
6.527876108884811401e-02
2.065346203744411469e-02
3.552686795592308044e-02
6.193272396922111511e-02
3.422510623931884766e-02
1.351622957736253738e-02
3.201216459274291992e-02
-1.236339798197150230e-03
-3.085255250334739685e-02
-6.074383482336997986e-02
-4.688192158937454224e-02
-3.214570507407188416e-02
-4.787615314126014709e-02
-2.718942984938621521e-02
1.226084027439355850e-02
-1.213857810944318771e-02
-4.974109586328268051e-03
6.267528235912322998e-02
4.292193427681922913e-02
3.028315259143710136e-03
4.215810447931289673e-03
-1.952605508267879486e-02
4.496379196643829346e-02
4.405551403760910034e-02
6.822011899203062057e-03
6.522844731807708740e-02
-2.067944966256618500e-02
-4.987918585538864136e-02
-1.633601821959018707e-02
-1.132890433073043823e-01
-5.323182418942451477e-02
-3.882812708616256714e-02
-7.400241494178771973e-02
-7.818344049155712128e-03
-3.362038731575012207e-02
8.737298101186752319e-02
1.038550809025764465e-01
-5.154566373676061630e-03
-1.695632748305797577e-02
-3.509605303406715393e-02
-1.678169891238212585e-02
-1.454445719718933105e-02
-4.195877537131309509e-02
-3.139422461390495300e-02
-3.644148260354995728e-02
-3.940233588218688965e-02
3.328038379549980164e-02
6.343412213027477264e-03
-1.901805214583873749e-02
-2.258874289691448212e-02
3.590688481926918030e-02
2.570617944002151489e-02
1.608151593245565891e-03
-4.455218091607093811e-02
-5.075160041451454163e-02
-9.830286726355552673e-03
-4.065409302711486816e-02
-2.722395956516265869e-02
-1.254485081881284714e-02
1.404623221606016159e-02
1.074900105595588684e-02
1.349824294447898865e-02
-1.863631419837474823e-02
-7.407552562654018402e-03
-1.106582675129175186e-02
-2.354247961193323135e-03
-4.770712926983833313e-03
-1.864468865096569061e-02
5.944242700934410095e-03
-1.101273857057094574e-02
-1.577375456690788269e-02
8.871065452694892883e-03
-1.512275636196136475e-02
-1.457197219133377075e-02
8.788465522229671478e-03
1.609432138502597809e-02
-3.345188684761524200e-03
-3.641136921942234039e-03
6.599192321300506592e-02
1.127381902188062668e-02
-4.991115629673004150e-02
-5.076399818062782288e-02
-2.595123834908008575e-02
1.953811943531036377e-02
9.095338732004165649e-02
4.294056072831153870e-02
3.256253525614738464e-02
4.148099943995475769e-02
-4.691961780190467834e-02
-1.090524569153785706e-01
-1.112054139375686646e-01
-6.784291565418243408e-02
2.907079458236694336e-02
6.927852984517812729e-03
-1.295784022659063339e-03
-1.063380669802427292e-02
-1.534925773739814758e-02
-5.814653821289539337e-03
-3.365827351808547974e-02
-5.382727365940809250e-03
5.312830675393342972e-03
-4.020484164357185364e-02
-8.445711433887481689e-02
-4.116214439272880554e-02
-8.398744463920593262e-02
-1.036192402243614197e-01
-7.822416722774505615e-02
4.970036912709474564e-03
-4.724838957190513611e-02
-6.634300947189331055e-02
-8.539782464504241943e-02
-2.586509101092815399e-02
-1.283075567334890366e-02
-1.247159242630004883e-01
1.904686540365219116e-02
-2.552723884582519531e-02
-9.705500304698944092e-02
-2.691750973463058472e-02
-3.391302376985549927e-02
-7.027608901262283325e-02
-5.575564876198768616e-02
-5.283195152878761292e-02
-1.278993785381317139e-01
-1.372439116239547729e-01
2.768898941576480865e-02
2.285236306488513947e-02
-3.689847886562347412e-02
4.376661777496337891e-02
2.708473242819309235e-02
-1.029666420072317123e-02
2.502551767975091934e-03
3.169331699609756470e-02
4.558401554822921753e-02
-1.001929957419633865e-02
-7.274021953344345093e-02
-4.047955945134162903e-02
-4.110954701900482178e-02
-4.054331779479980469e-02
-7.154795341193675995e-03
6.586959585547447205e-03
1.074732318520545959e-01
9.490731358528137207e-02
-2.776165306568145752e-02
7.148234173655509949e-03
-4.495667666196823120e-02
-2.317247912287712097e-02
5.131848528981208801e-02
1.877674832940101624e-02
5.800988525152206421e-02
5.060885846614837646e-02
-8.345157839357852936e-03
2.087603695690631866e-02
5.087194964289665222e-02
-2.285086922347545624e-02
-2.562529407441616058e-02
5.893838591873645782e-03
1.527529396116733551e-02
-6.701153237372636795e-03
1.376470271497964859e-02
5.528068635612726212e-03
7.588960579596459866e-04
1.258381921797990799e-02
2.884474582970142365e-02
-2.520087873563170433e-03
8.990123867988586426e-03
1.003575045615434647e-02
-1.372696645557880402e-02
5.478422343730926514e-02
2.076223865151405334e-02
-9.006644599139690399e-03
-1.123335119336843491e-02
1.080675423145294189e-02
-7.459950167685747147e-03
-1.827822066843509674e-02
-2.118623256683349609e-02
-8.368425071239471436e-03
1.227406971156597137e-02
4.526761546730995178e-02
1.510201580822467804e-02
-2.594255842268466949e-02
-9.074131026864051819e-03
-1.823285408318042755e-02
-3.005869127810001373e-02
-1.368546579033136368e-02
-5.071338638663291931e-02
6.533741019666194916e-03
9.218978136777877808e-02
-2.163458988070487976e-02
-3.425230830907821655e-02
2.117072418332099915e-02
-4.340714588761329651e-02
-4.931672289967536926e-02
9.290753863751888275e-03
1.213739998638629913e-02
-8.887365460395812988e-02
-6.624042056500911713e-03
2.777057001367211342e-03
-3.058742918074131012e-02
1.385614555329084396e-02
-1.385677140206098557e-02
3.309660404920578003e-02
1.892475783824920654e-02
-1.346882712095975876e-02
8.256470412015914917e-02
1.788676902651786804e-02
-6.306432187557220459e-02
8.311349898576736450e-03
-2.531108446419239044e-02
-4.676349833607673645e-02
-8.554878830909729004e-02
-7.455431669950485229e-02
-2.064962871372699738e-02
-1.020010635256767273e-01
-5.777034908533096313e-02
-1.945708761923015118e-03
-4.896500334143638611e-02
-7.575920224189758301e-02
-8.896624669432640076e-03
-6.334358453750610352e-02
1.075458060950040817e-02
-3.441981226205825806e-02
-1.251474916934967041e-01
-8.342757821083068848e-02
-1.215600688010454178e-02
-3.395916149020195007e-02
-5.270258337259292603e-02
-3.885397920385003090e-03
-2.432624995708465576e-02
1.976913772523403168e-02
-1.181954797357320786e-02
-2.653885260224342346e-02
3.241596510633826256e-03
-1.731579937040805817e-02
3.781570494174957275e-02
2.213151566684246063e-02
-2.391025982797145844e-02
-5.421939771622419357e-03
-3.248566528782248497e-03
2.303651347756385803e-02
-4.704946652054786682e-03
-4.046062752604484558e-02
9.271296672523021698e-03
9.331305511295795441e-03
-1.997549831867218018e-02
6.706860847771167755e-03
3.594103967770934105e-03
-1.792971603572368622e-02
-3.686681855469942093e-03
-1.875604852102696896e-03
-2.971088141202926636e-02
-1.684499718248844147e-02
-1.536116097122430801e-02
-5.093459412455558777e-02
-7.887592539191246033e-03
-4.472209885716438293e-02
7.519774138927459717e-03
-2.374955220147967339e-03
-3.374668955802917480e-02
5.449971184134483337e-03
-1.975413598120212555e-02
-3.233480453491210938e-02
-1.552018895745277405e-02
-2.142808772623538971e-02
-6.910142302513122559e-02
-8.338163606822490692e-03
-4.270564019680023193e-02
-1.468205638229846954e-02
3.257850930094718933e-02
7.830575108528137207e-03
-3.420969471335411072e-02
2.142554894089698792e-02
-3.798635443672537804e-03
-1.454232912510633469e-02
-3.512836247682571411e-02
-2.107585966587066650e-02
-5.196927580982446671e-03
-6.195383891463279724e-02
-3.668817877769470215e-02
6.168708205223083496e-02
-2.751278132200241089e-02
-7.593483477830886841e-02
-7.273645605891942978e-03
-2.556867199018597603e-03
1.994340913370251656e-03
-2.227427437901496887e-02
4.667422734200954437e-03
3.680996969342231750e-02
-2.177365496754646301e-02
-1.001306716352701187e-02
-1.847424730658531189e-02
-1.826518960297107697e-02
-1.552182156592607498e-02
-1.074004732072353363e-02
4.289617761969566345e-02
1.634591817855834961e-02
-2.180040627717971802e-02
1.332885678857564926e-02
1.246637839358299971e-04
-2.876784466207027435e-02
-3.213409334421157837e-02
-5.895546451210975647e-02
-1.741199567914009094e-02
-1.953973993659019470e-02
-5.591567978262901306e-02
-3.726107627153396606e-02
1.177713926881551743e-02
-2.977726235985755920e-02
-3.265722841024398804e-02
-6.280508823692798615e-03
2.864945679903030396e-02
7.923198491334915161e-02
-5.481972917914390564e-02
-2.700132504105567932e-02
7.537628710269927979e-02
-1.710142008960247040e-02
-2.378699928522109985e-02
2.749514579772949219e-02
7.939429581165313721e-02
-1.059869974851608276e-01
-1.419839560985565186e-01
1.646594554185867310e-01
-5.558527074754238129e-03
-1.545657664537429810e-01
7.421413064002990723e-02
6.027109175920486450e-02
-7.174002379179000854e-02
-1.044087857007980347e-02
-1.594264432787895203e-02
-1.563899777829647064e-02
1.155350636690855026e-02
-3.703517094254493713e-02
-4.580839723348617554e-02
2.599860168993473053e-02
-2.530336380004882812e-02
-3.884138539433479309e-02
2.021197974681854248e-02
7.423171401023864746e-02
3.925143741071224213e-03
2.238247776404023170e-03
5.236097425222396851e-02
2.146137319505214691e-02
-5.216139252297580242e-04
2.835754491388797760e-02
4.969567060470581055e-02
-3.526093065738677979e-02
-2.216634526848793030e-02
-5.094828549772500992e-03
-3.662690520286560059e-02
2.816841297317296267e-04
4.147241637110710144e-02
-2.897225134074687958e-02
-2.008627727627754211e-02
6.844283547252416611e-03
4.494715249165892601e-04
2.027693018317222595e-02
-4.248283803462982178e-03
3.208776563405990601e-02
4.752637445926666260e-02
1.412658207118511200e-02
-1.001408603042364120e-02
2.267252467572689056e-02
4.308419674634933472e-02
-9.268662892282009125e-03
1.526888180524110794e-02
-3.210496797692030668e-04
1.142388093285262585e-03
1.928016915917396545e-02
-1.039645448327064514e-02
2.088443562388420105e-02
1.264035794883966446e-02
-2.639952115714550018e-02
-6.905879825353622437e-02
6.240222975611686707e-02
4.601906239986419678e-02
-1.067422181367874146e-01
4.109022393822669983e-02
9.801192581653594971e-02
-1.106933876872062683e-01
-4.677924886345863342e-02
3.080681152641773224e-02
-1.470444537699222565e-02
1.152301020920276642e-02
-2.554153650999069214e-02
-6.023812107741832733e-03
2.103291824460029602e-02
-3.095130808651447296e-02
-1.219203788787126541e-02
-4.668227396905422211e-03
-4.713024199008941650e-02
-1.085640583187341690e-02
-2.187053672969341278e-02
2.557464502751827240e-02
-3.751505166292190552e-02
-3.175008296966552734e-02
-1.957113482058048248e-02
-1.386271882802248001e-02
-2.876466326415538788e-02
-9.257148019969463348e-03
-1.163849979639053345e-02
1.500881649553775787e-02
-6.211455911397933960e-02
2.125096321105957031e-02
1.250259950757026672e-02
-3.697914630174636841e-02
-3.210478276014328003e-02
-6.106207519769668579e-02
-8.598752319812774658e-02
1.670415326952934265e-02
1.891202107071876526e-02
-2.892955206334590912e-02
6.279411911964416504e-02
1.441126968711614609e-02
-3.704563900828361511e-02
5.087795108556747437e-02
-2.810213714838027954e-02
-4.882281273603439331e-02
-4.761907458305358887e-02
5.853336304426193237e-03
1.662800647318363190e-02
1.619265414774417877e-02
1.392382662743330002e-02
-1.062907092273235321e-02
-2.523787878453731537e-02
-5.987455323338508606e-02
-6.897209584712982178e-02
-3.209642320871353149e-02
1.277277618646621704e-02
5.323418881744146347e-03
-3.657782077789306641e-02
2.924524433910846710e-02
3.358326852321624756e-02
-9.688923601061105728e-04
-1.007876079529523849e-02
-2.144782803952693939e-02
3.270092234015464783e-02
4.472605511546134949e-02
9.919179603457450867e-03
5.486516281962394714e-02
6.802290678024291992e-02
3.179971501231193542e-02
-8.775395900011062622e-02
-6.488179415464401245e-02
-8.013038337230682373e-02
3.345001488924026489e-03
-2.531292382627725601e-03
1.295699365437030792e-02
-2.037056488916277885e-03
3.466616617515683174e-04
-1.208808040246367455e-03
-3.679068759083747864e-03
3.629778511822223663e-03
-8.838002569973468781e-03
5.734118749387562275e-04
-2.252063900232315063e-02
-1.026207301765680313e-02
2.213086845586076379e-04
-7.158270571380853653e-03
1.022137934342026711e-03
2.699014730751514435e-02
4.737862851470708847e-03
1.332050748169422150e-02
-2.237769216299057007e-02
-1.197194308042526245e-02
3.563347086310386658e-02
-4.567925631999969482e-02
3.945144359022378922e-03
2.590131387114524841e-02
-3.074502199888229370e-02
1.577759720385074615e-02
4.311843216419219971e-02
-1.711500063538551331e-02
-4.441570956259965897e-03
3.493443503975868225e-02
-5.263436213135719299e-02
-1.301623601466417313e-02
8.897269517183303833e-02
-8.285822719335556030e-02
-6.521416455507278442e-02
4.926059395074844360e-02
-1.942380331456661224e-02
-5.752637609839439392e-02
-7.725594937801361084e-02
-9.883727133274078369e-02
-7.495466619729995728e-02
-5.994620174169540405e-02
-7.674688845872879028e-02
-8.168742060661315918e-02
-7.020158227533102036e-03
-3.228555992245674133e-02
4.406185075640678406e-02
3.568259254097938538e-02
-8.909232914447784424e-02
2.625909261405467987e-02
3.030219860374927521e-02
-5.848909541964530945e-02
3.303050249814987183e-02
2.621987834572792053e-02
-6.225934717804193497e-03
1.240428090095520020e-01
1.592528522014617920e-01
5.571378767490386963e-02
1.421193927526473999e-01
1.652716845273971558e-01
4.429183527827262878e-02
9.943456947803497314e-02
1.090054810047149658e-01
-5.809344723820686340e-02
-5.664396448992192745e-04
-1.406935881823301315e-02
-1.691124960780143738e-02
2.122229710221290588e-02
-3.197648003697395325e-02
3.406043723225593567e-02
-1.093774940818548203e-02
5.463229026645421982e-03
2.661925554275512695e-02
-2.219394594430923462e-02
8.327057585120201111e-04
2.898781001567840576e-02
7.281299331225454807e-04
2.854247763752937317e-02
2.694457583129405975e-02
4.618744831532239914e-03
3.464189544320106506e-02
4.749965853989124298e-03
4.943634942173957825e-02
3.799146786332130432e-02
6.717059761285781860e-02
1.147839874029159546e-01
1.296765357255935669e-01
2.171082422137260437e-02
9.027764201164245605e-02
1.227282360196113586e-01
-6.853555142879486084e-02
5.213629081845283508e-02
2.961381711065769196e-02
2.733429335057735443e-02
5.320483818650245667e-02
1.809766702353954315e-02
-3.812014125287532806e-03
-2.766889519989490509e-02
1.002867519855499268e-02
-9.051244705915451050e-02
7.981946319341659546e-02
2.412361837923526764e-02
-2.390295499935746193e-03
9.757361561059951782e-02
-8.052802085876464844e-02
1.196993216872215271e-01
5.544695258140563965e-02
-3.065127693116664886e-02
-4.755422472953796387e-02
-3.028259985148906708e-02
-7.555856555700302124e-02
-2.948138862848281860e-02
-2.672217413783073425e-02
-3.879045322537422180e-02
-1.393638551235198975e-02
3.245605900883674622e-02
9.523038752377033234e-03
-4.183638840913772583e-03
-4.073671530932188034e-03
2.963686734437942505e-02
7.862875238060951233e-03
7.947945967316627502e-03
1.752600073814392090e-02
1.275470573455095291e-02
2.490903949365019798e-03
4.874078929424285889e-02
9.947797656059265137e-02
-1.483798306435346603e-02
-1.028590351343154907e-01
-1.052947156131267548e-02
-1.058815419673919678e-01
4.439911991357803345e-02
-8.729985356330871582e-02
1.637936532497406006e-01
1.009226441383361816e-01
-1.675019226968288422e-02
-5.736172944307327271e-02
-8.278591185808181763e-02
-2.641253545880317688e-02
-5.667139217257499695e-02
-1.873886957764625549e-02
-3.734485805034637451e-02
-2.681909874081611633e-02
2.464545890688896179e-02
-2.403277345001697540e-02
-4.112502932548522949e-02
-3.756034746766090393e-02
-8.776927366852760315e-03
-2.006583660840988159e-02
-3.468308597803115845e-02
-3.984313458204269409e-02
-3.280404955148696899e-02
-1.476311497390270233e-02
3.841225430369377136e-02
2.291516400873661041e-02
3.973305225372314453e-02
6.673558801412582397e-02
1.020046402118168771e-04
-4.399771615862846375e-02
1.341331563889980316e-02
-4.189230501651763916e-02
-3.555159270763397217e-02
-6.204200163483619690e-02
-2.067470178008079529e-02
4.091336578130722046e-02
-4.217628389596939087e-02
-6.792628555558621883e-04
5.732776597142219543e-02
5.602375604212284088e-03
3.903297707438468933e-02
4.982210695743560791e-02
-3.750225529074668884e-02
5.851046368479728699e-02
5.533400457352399826e-03
-8.133795112371444702e-03
-1.118588354438543320e-02
-4.140720516443252563e-02
4.173077177256345749e-03
9.011776186525821686e-03
1.562118995934724808e-02
-7.354759145528078079e-03
8.868822455406188965e-02
5.610050633549690247e-03
7.885114848613739014e-02
2.248467318713665009e-02
-6.306880712509155273e-02
-1.225023157894611359e-02
-3.820388391613960266e-02
5.067182704806327820e-02
2.633402310311794281e-02
-3.451007977128028870e-02
-8.621292561292648315e-02
-5.193590745329856873e-02
-7.538414001464843750e-02
-1.257051061838865280e-02
-7.845386862754821777e-02
-5.449992418289184570e-02
1.047520618885755539e-02
-4.859345499426126480e-03
8.928054571151733398e-02
-5.247927457094192505e-02
4.282028600573539734e-02
6.686890125274658203e-02
-5.731377005577087402e-02
2.449302189052104950e-02
7.392395287752151489e-03
-4.308681562542915344e-02
-3.637335821986198425e-02
4.977973550558090210e-02
9.089820086956024170e-02
-2.979230368509888649e-03
1.432419270277023315e-01
-2.520966902375221252e-02
3.547696769237518311e-02
1.940813474357128143e-02
-9.227038919925689697e-02
2.116690017282962799e-02
1.690670475363731384e-02
-5.397735536098480225e-02
-6.547886878252029419e-02
-4.841492697596549988e-02
4.487437196075916290e-03
-2.261105366051197052e-02
1.837435644119977951e-03
8.282030373811721802e-02
-7.205639779567718506e-02
-3.215625509619712830e-02
1.649706065654754639e-02
-4.118682071566581726e-02
1.497990265488624573e-02
8.848023600876331329e-03
-3.691045939922332764e-02
3.481077728793025017e-03
1.975841121748089790e-03
6.755406409502029419e-02
1.762424036860466003e-02
9.157391265034675598e-03
3.317835554480552673e-02
-1.002209782600402832e-01
-3.910999745130538940e-02
-3.148705512285232544e-02
-5.336226895451545715e-02
1.321021351031959057e-03
-5.203630402684211731e-02
-3.750680759549140930e-02
-4.264849703758955002e-03
1.047059521079063416e-01
-1.156681552529335022e-01
3.691090643405914307e-02
-5.679537728428840637e-02
-1.189957410097122192e-01
-2.392754331231117249e-02
3.266379982233047485e-02
-8.735223859548568726e-02
-1.743282936513423920e-02
2.825772762298583984e-02
-6.087629124522209167e-02
-9.164003655314445496e-03
-5.144503340125083923e-02
-1.116485148668289185e-02
7.437056046910583973e-04
-1.406885776668787003e-02
1.056124456226825714e-02
-1.976795960217714310e-03
2.987915882840752602e-03
-3.082131966948509216e-02
6.097559351474046707e-03
-1.260955631732940674e-02
-6.438197195529937744e-02
2.840720582753419876e-03
5.818565934896469116e-02
-9.560430049896240234e-02
5.221020430326461792e-02
-9.561701864004135132e-02
1.540690008550882339e-02
4.359000921249389648e-02
4.747172817587852478e-02
-3.628545626997947693e-02
-3.935746103525161743e-02
5.169770494103431702e-02
2.340936660766601562e-02
-3.204673156142234802e-02
8.254083245992660522e-02
9.455895051360130310e-03
-3.565195947885513306e-02
2.938204817473888397e-02
4.089871048927307129e-02
-8.846300654113292694e-03
3.624705830588936806e-03
-1.635568216443061829e-02
-3.073435276746749878e-03
-2.531936625018715858e-03
-5.064392834901809692e-02
-5.915030464529991150e-02
-5.384154617786407471e-03
-3.731109946966171265e-02
-6.916023790836334229e-02
6.861563771963119507e-02
-6.422187667340040207e-03
1.708115823566913605e-02
2.113685943186283112e-02
-3.537094965577125549e-02
6.312111765146255493e-02
3.580233454704284668e-02
-4.374862462282180786e-02
3.305766585981473327e-05
-3.440191596746444702e-02
3.525985032320022583e-02
1.748801209032535553e-02
4.701544530689716339e-03
5.432683229446411133e-02
4.261336755007505417e-03
-2.080799080431461334e-02
1.950352825224399567e-02
4.861515946686267853e-03
-6.338728219270706177e-02
-6.532981246709823608e-02
-3.762153536081314087e-02
-7.922668009996414185e-02
-1.182764545083045959e-01
-1.185121908783912659e-01
-8.349730819463729858e-02
-6.204115226864814758e-02
-1.674713939428329468e-01
-5.843482539057731628e-02
-3.740654140710830688e-02
3.819899167865514755e-03
-8.637963794171810150e-03
-7.817357033491134644e-02
-3.645617142319679260e-02
-7.814057171344757080e-02
5.837555043399333954e-03
-5.523458868265151978e-02
-6.104728206992149353e-02
-7.104453165084123611e-03
1.293170079588890076e-02
-5.549467727541923523e-02
5.536759737879037857e-03
5.513170734047889709e-02
-2.793414145708084106e-02
-2.079350687563419342e-02
2.569623477756977081e-02
-3.371864557266235352e-02
-7.354652625508606434e-04
-1.245126966387033463e-02
5.617963150143623352e-02
-6.246546283364295959e-02
1.531569007784128189e-02
-3.323974460363388062e-02
-2.975310385227203369e-02
-5.985707975924015045e-04
-1.160314306616783142e-02
-4.232265800237655640e-02
-5.629139021039009094e-02
2.179136872291564941e-01
3.996590152382850647e-02
-3.852212056517601013e-02
8.300901949405670166e-02
-6.537602096796035767e-02
-2.617925591766834259e-02
9.619947522878646851e-03
-5.139626562595367432e-02
-7.007026672363281250e-02
7.633571047335863113e-03
-4.350532218813896179e-02
-2.243663370609283447e-02
3.785819560289382935e-02
3.961842879652976990e-02
2.567940391600131989e-02
1.874865591526031494e-02
8.615322876721620560e-04
-2.078799717128276825e-02
4.005203023552894592e-02
-8.423756808042526245e-02
-6.154951080679893494e-02
4.431927204132080078e-02
-2.020296640694141388e-02
3.735223785042762756e-02
