-3.985811490565538406e-03
9.646314196288585663e-03
-2.231564745306968689e-02
-4.020572453737258911e-02
-4.247066006064414978e-02
-3.263215720653533936e-02
-4.545500129461288452e-02
-6.960439682006835938e-02
-6.489254534244537354e-02
-3.661723530967719853e-05
-1.522200618637725711e-04
-4.981908132322132587e-04
1.144546113209798932e-04
-1.596056063135620207e-05
-3.558739554136991501e-04
5.624465484288521111e-05
-2.957333636004477739e-04
-6.109304958954453468e-04
3.796221921220421791e-03
7.719978690147399902e-02
-8.262569457292556763e-02
-2.041566930711269379e-02
7.362096011638641357e-02
-3.337600827217102051e-02
-3.010968118906021118e-02
5.171830579638481140e-02
5.103560164570808411e-03
-5.045431107282638550e-02
-4.490669816732406616e-02
-2.033727988600730896e-02
2.077644132077693939e-02
7.600234821438789368e-03
-2.433042414486408234e-02
7.001213729381561279e-03
1.599336043000221252e-02
-2.703283540904521942e-02
-9.325695224106311798e-03
-4.548478499054908752e-02
4.831979423761367798e-02
2.084177173674106598e-02
-9.567660093307495117e-02
5.692545697093009949e-02
1.675755158066749573e-02
7.482810318470001221e-02
2.607441879808902740e-02
4.720558971166610718e-02
5.252111703157424927e-02
-5.424671992659568787e-02
3.063326142728328705e-02
1.955297403037548065e-02
-1.102657895535230637e-02
-3.854744508862495422e-02
-3.732534125447273254e-02
-2.094310708343982697e-02
-6.233329698443412781e-02
-8.874953538179397583e-02
-6.828463077545166016e-02
-7.002406567335128784e-02
-9.972024708986282349e-02
-6.885422766208648682e-02
-6.028614193201065063e-02
-5.344660207629203796e-02
-4.098725691437721252e-02
2.268646471202373505e-02
4.244616627693176270e-02
6.606076657772064209e-02
2.756701596081256866e-02
3.548656776547431946e-02
5.483252927660942078e-02
-1.238533295691013336e-02
-1.036148238927125931e-02
2.115652663633227348e-03
1.928996789501979947e-04
-2.638708567246794701e-03
4.635889083147048950e-02
3.255735337734222412e-02
5.261730775237083435e-02
-5.799877271056175232e-02
4.355093836784362793e-02
3.562470525503158569e-02
-4.863874986767768860e-02
4.962275922298431396e-02
-4.284111037850379944e-02
-4.754126444458961487e-02
5.577487125992774963e-02
-5.812817811965942383e-02
-4.166935011744499207e-02
1.671872287988662720e-02
-1.473406516015529633e-02
-6.223247200250625610e-02
4.484510100155603141e-06
8.600388355262111872e-06
-2.302003622389747761e-06
1.528542452433612198e-05
-4.665781943913316354e-06
9.058577234100084752e-06
-2.044369239229126833e-06
-4.570032160700066015e-06
-4.038260158267803490e-06
-4.557072371244430542e-02
-7.754325866699218750e-02
-3.144119679927825928e-02
-4.440851882100105286e-02
-7.447654753923416138e-02
8.036775514483451843e-03
2.432483481243252754e-03
-4.241408780217170715e-02
1.113797072321176529e-02
8.918331563472747803e-02
6.993899494409561157e-02
-2.503562904894351959e-02
1.202121600508689880e-01
9.988228976726531982e-02
-4.214089363813400269e-03
-1.782677695155143738e-02
-6.530426442623138428e-02
-3.989074006676673889e-02
-4.805954545736312866e-02
2.077370882034301758e-02
7.939729839563369751e-03
-4.533863067626953125e-02
5.051004141569137573e-02
6.807977706193923950e-02
-4.044380411505699158e-02
-1.224305853247642517e-02
1.989382691681385040e-02
1.702647656202316284e-02
3.244148939847946167e-02
2.176089398562908173e-02
-6.056226044893264771e-02
-3.293473646044731140e-02
-2.612891606986522675e-03
-6.559779495000839233e-02
-4.285366460680961609e-02
-1.013808045536279678e-02
1.462866645306348801e-02
-1.620419137179851532e-02
-3.728021308779716492e-02
6.882295757532119751e-02
2.160957548767328262e-03
-3.343850001692771912e-02
1.017045043408870697e-02
-6.769918650388717651e-02
1.033384818583726883e-03
-2.391542308032512665e-02
-1.957208663225173950e-02
-1.209682133048772812e-02
1.952877617441117764e-03
4.517714260146021843e-04
2.843528054654598236e-03
-7.481964305043220520e-03
-9.083950892090797424e-03
-9.385336190462112427e-03
2.842735266312956810e-04
2.378939243499189615e-04
3.083785995841026306e-04
1.736608537612482905e-04
1.520921359769999981e-04
2.059379330603405833e-04
9.722382674226537347e-05
8.213144610635936260e-05
1.104338152799755335e-04
-3.162201493978500366e-02
-1.616612449288368225e-02
3.172744298353791237e-03
-9.152616374194622040e-03
-6.586633156985044479e-03
1.315305242314934731e-03
1.052943430840969086e-02
1.780142821371555328e-02
2.138332277536392212e-02
-9.683160111308097839e-03
1.554152462631464005e-02
8.010793477296829224e-03
1.267931330949068069e-02
3.853134438395500183e-02
4.114151373505592346e-02
1.889874227344989777e-02
3.175804764032363892e-02
3.541806340217590332e-02
-2.362677268683910370e-02
-1.046173367649316788e-02
-1.291313581168651581e-02
-5.555956438183784485e-02
-4.807120654731988907e-03
-1.968330517411231995e-02
-5.321660544723272324e-03
5.692257732152938843e-02
5.440378561615943909e-02
1.070101186633110046e-02
4.440985154360532761e-03
2.953559160232543945e-03
1.306528970599174500e-02
3.798054764047265053e-03
-1.241624588146805763e-03
-9.081603027880191803e-03
-2.366821281611919403e-02
-2.152794040739536285e-02
1.916386745870113373e-02
6.476195901632308960e-02
5.275646224617958069e-02
8.757592178881168365e-03
5.987246334552764893e-02
3.375395759940147400e-02
-1.144386921077966690e-02
3.822756931185722351e-02
-6.362866261042654514e-04
4.051600769162178040e-02
6.736717373132705688e-02
6.491449475288391113e-02
2.994821034371852875e-02
6.263554841279983521e-02
6.077231094241142273e-02
-1.452270522713661194e-02
1.758952811360359192e-02
1.995671354234218597e-02
-6.022567860782146454e-03
-3.099068440496921539e-02
-2.487901784479618073e-02
3.465723991394042969e-02
3.155096899718046188e-03
2.006788551807403564e-02
6.958785653114318848e-02
5.396668612957000732e-02
6.415151059627532959e-02
-1.773945428431034088e-02
-1.594214886426925659e-02
-2.123291790485382080e-02
-2.843652479350566864e-02
-2.119094133377075195e-02
-9.167149662971496582e-03
-3.764046728610992432e-02
-2.611870691180229187e-02
-2.310884417966008186e-03
-6.492098236776655540e-06
1.142616929428186268e-05
1.471343057346530259e-05
5.880541721126064658e-06
9.962418516806792468e-06
2.806761040119454265e-05
-4.639960025087930262e-06
1.739119215926621109e-05
1.304705983784515411e-05
-2.603044267743825912e-03
-1.512683369219303131e-02
-1.055716257542371750e-02
-7.877698168158531189e-03
-9.525882080197334290e-03
-6.151090376079082489e-03
2.013718895614147186e-02
2.720779366791248322e-02
3.567827865481376648e-02
2.351520955562591553e-02
2.494738064706325531e-02
3.714018315076828003e-02
3.654113039374351501e-02
3.034119680523872375e-02
3.501307591795921326e-02
1.170920766890048981e-02
3.103948198258876801e-03
1.643488742411136627e-02
-2.946642972528934479e-02
-2.103600837290287018e-02
2.373981755226850510e-03
4.291354562155902386e-04
-1.023076847195625305e-02
-5.609497311525046825e-04
6.843426730483770370e-03
1.159017556346952915e-03
-7.444162387400865555e-03
4.885065928101539612e-02
5.252638459205627441e-02
6.237031146883964539e-02
4.005708545446395874e-02
5.566046759486198425e-02
6.785675883293151855e-02
2.766192704439163208e-02
4.708378016948699951e-02
6.187623739242553711e-02
3.313220106065273285e-03
3.175498452037572861e-03
1.033281628042459488e-02
1.543119736015796661e-02
7.621583063155412674e-03
1.155049540102481842e-02
-1.382864639163017273e-02
-2.239515818655490875e-02
-1.395262312144041061e-02
9.231518954038619995e-03
1.675933413207530975e-02
7.131980732083320618e-03
-1.005645003169775009e-02
-3.826500033028423786e-04
1.016231160610914230e-02
-3.314742073416709900e-02
-4.814501106739044189e-02
-3.770247101783752441e-02
-1.124198664911091328e-03
-9.750525932759046555e-04
-5.458743544295430183e-04
-1.093277358449995518e-03
-4.746700287796556950e-04
8.640775195090100169e-05
-5.304158548824489117e-04
2.401081001153215766e-04
3.318678063806146383e-04
4.294645786285400391e-02
6.923178583383560181e-02
-1.704050973057746887e-02
2.773803286254405975e-02
6.199206411838531494e-02
-5.222917720675468445e-02
1.156097277998924255e-02
-1.716554909944534302e-02
-3.648927435278892517e-02
2.841226058080792427e-03
7.301817182451486588e-03
6.870032288134098053e-03
2.747347019612789154e-02
5.260090157389640808e-02
3.634015098214149475e-02
-6.974437832832336426e-02
-4.179553315043449402e-02
-4.445935785770416260e-02
-1.416181772947311401e-02
1.076319888234138489e-01
-3.400443866848945618e-02
1.289990246295928955e-01
-6.538881361484527588e-02
-8.511964976787567139e-02
6.301093101501464844e-02
3.564265742897987366e-02
-8.803961426019668579e-02
-1.398335844278335571e-01
-1.264458298683166504e-01
-9.468074887990951538e-02
-1.106680929660797119e-01
-5.251969769597053528e-02
1.152178365737199783e-02
1.710961572825908661e-02
6.471776962280273438e-02
1.423532068729400635e-01
3.310135798528790474e-03
-1.518548093736171722e-02
-7.180745154619216919e-02
1.340892445296049118e-02
-5.475628376007080078e-02
-6.855854392051696777e-02
3.232278302311897278e-02
2.478097006678581238e-02
3.660723939538002014e-02
1.365514937788248062e-02
3.929521515965461731e-02
1.331165898591279984e-02
7.900271564722061157e-03
5.073688551783561707e-02
2.359029091894626617e-02
-4.507854953408241272e-02
-4.417985677719116211e-02
-7.460744678974151611e-02
-7.046728581190109253e-02
-2.200845032930374146e-01
-2.724925428628921509e-02
-5.866591632366180420e-02
-8.178409188985824585e-02
4.484536126255989075e-02
5.169541761279106140e-02
1.945310533046722412e-01
1.997065097093582153e-01
-1.482496690005064011e-02
1.882999576628208160e-02
3.327190876007080078e-02
-9.784583933651447296e-03
1.791348122060298920e-02
-1.505305338650941849e-02
-4.713705554604530334e-02
-1.749179325997829437e-02
-4.002181440591812134e-02
-2.086267704726196826e-05
-2.560018401709385216e-05
-3.250071313232183456e-05
-1.359853831672808155e-05
-2.020437023020349443e-05
-1.932912527990993112e-05
-1.531725320091936737e-05
-1.645486372581217438e-05
-2.603123903099913150e-06
-2.975231409072875977e-02
-1.126021239906549454e-02
-1.074290554970502853e-02
-2.953976951539516449e-02
-6.318297237157821655e-02
-5.658445879817008972e-02
-6.663847249001264572e-03
-1.895263604819774628e-02
-1.660127751529216766e-02
2.165847830474376678e-02
-5.503988265991210938e-02
-2.572046406567096710e-02
-4.359690099954605103e-02
-8.742139488458633423e-02
-2.170750126242637634e-02
1.604435034096240997e-02
2.819724939763545990e-02
9.041554480791091919e-02
-1.425175229087471962e-03
2.638359181582927704e-02
8.149467408657073975e-03
-3.060891106724739075e-02
-6.557674496434628963e-04
1.558772847056388855e-02
-2.649242058396339417e-02
-1.214136835187673569e-02
-6.453752052038908005e-03
-2.444221079349517822e-02
5.965455994009971619e-02
1.403348427265882492e-02
-2.454599179327487946e-02
4.112215340137481689e-02
-2.188937924802303314e-02
-7.152747362852096558e-02
-9.933510422706604004e-02
-1.295287460088729858e-01
5.802727490663528442e-02
-2.400784566998481750e-02
-3.000268526375293732e-02
-3.274398297071456909e-02
-1.277676969766616821e-01
-1.014031171798706055e-01
2.177097462117671967e-02
6.790887098759412766e-03
4.753167182207107544e-02
-1.645858213305473328e-02
-2.263249643146991730e-02
-5.316866561770439148e-03
-3.141613211482763290e-03
-1.328214816749095917e-02
1.177860423922538757e-02
2.579561062157154083e-02
2.002827823162078857e-02
7.737635169178247452e-03
3.666106495074927807e-04
4.319499421399086714e-04
-1.864029036369174719e-04
2.879243947973009199e-05
3.213499730918556452e-04
1.052457378136750776e-06
-2.190491941291838884e-04
1.274135429412126541e-04
-1.905791577883064747e-05
-4.301606118679046631e-02
6.596630811691284180e-02
1.178013812750577927e-02
-4.859797656536102295e-02
8.114811778068542480e-02
-7.391589228063821793e-03
-9.199247695505619049e-03
3.084034845232963562e-02
2.846346981823444366e-02
5.199441220611333847e-03
-4.890680685639381409e-02
-1.561189256608486176e-02
7.991831749677658081e-03
-2.811468206346035004e-03
3.284955769777297974e-02
9.466740302741527557e-03
-2.622618526220321655e-02
-2.274055965244770050e-02
9.172293357551097870e-03
-1.326339971274137497e-02
1.880706287920475006e-02
1.073939353227615356e-01
-8.804414421319961548e-02
1.381856855005025864e-03
-2.244241768494248390e-03
-4.511225968599319458e-02
-2.751394361257553101e-02
1.156648527830839157e-02
3.565624356269836426e-02
-7.171974051743745804e-03
2.530988492071628571e-02
3.612416982650756836e-02
-1.289019454270601273e-02
3.189494833350181580e-02
2.448342181742191315e-02
5.275810253806412220e-04
-7.401145994663238525e-02
-6.389209628105163574e-02
4.190445877611637115e-03
-6.548497080802917480e-02
-6.620638817548751831e-02
2.356649935245513916e-02
-5.911516491323709488e-03
2.494132146239280701e-02
8.464717119932174683e-02
-8.897806517779827118e-03
-6.153650116175413132e-03
4.730719700455665588e-02
-3.582314588129520416e-03
1.844385266304016113e-02
8.086181432008743286e-02
3.784722089767456055e-02
5.519003048539161682e-02
8.310391753911972046e-02
9.670843183994293213e-02
3.014050237834453583e-02
-3.224369138479232788e-02
4.497247189283370972e-02
-9.420500136911869049e-03
-6.258605420589447021e-02
-1.104325987398624420e-02
-3.411209036130458117e-05
-3.487948700785636902e-02
-1.481889840215444565e-02
-1.980997063219547272e-02
-3.999852016568183899e-02
2.864929474890232086e-02
7.396253757178783417e-03
-2.035773918032646179e-02
2.870524115860462189e-02
-6.995736621320247650e-03
-1.752918027341365814e-02
1.903714473883155733e-05
-8.696949407749343663e-06
-1.370663994748611003e-05
1.488656562287360430e-05
-5.862830221303738654e-06
-1.351431001239689067e-05
1.769973277987446636e-05
-1.458848601032514125e-05
1.081994014384690672e-05
5.306269228458404541e-02
-1.688761869445443153e-03
-2.173281833529472351e-02
7.710546255111694336e-02
-3.556375205516815186e-02
-4.069265723228454590e-02
4.830035567283630371e-02
-4.754281416535377502e-02
-3.872644901275634766e-02
2.442662417888641357e-02
-1.770041417330503464e-03
-8.267628028988838196e-03
3.907744772732257843e-03
1.627280726097524166e-03
-2.009514532983303070e-02
2.150871604681015015e-02
-6.476414855569601059e-03
-3.331976756453514099e-02
-6.993724405765533447e-02
-7.177993655204772949e-02
-5.789887905120849609e-02
-1.278772205114364624e-01
-7.770280539989471436e-02
-1.333092059940099716e-02
-1.138037815690040588e-01
-5.753668770194053650e-02
7.910733111202716827e-03
-2.518782019615173340e-02
-3.212827816605567932e-02
-2.229196764528751373e-02
-1.992503181099891663e-02
-2.771533839404582977e-02
-2.362040802836418152e-02
1.726116426289081573e-02
-1.210383023135364056e-03
-1.730995369143784046e-03
2.046192437410354614e-02
-2.281669341027736664e-02
-1.167599810287356377e-03
-1.777130551636219025e-02
-5.600282549858093262e-02
-4.077768325805664062e-02
-1.958132162690162659e-02
-6.526226550340652466e-02
-5.170495063066482544e-02
-1.707310788333415985e-02
-2.269504778087139130e-02
3.386123804375529289e-03
1.317063719034194946e-02
-9.792414493858814240e-03
-2.438918314874172211e-02
3.448225185275077820e-02
1.748026232235133648e-03
-1.331570651382207870e-02
4.401046317070722580e-05
9.857756231212988496e-05
1.259665878023952246e-04
-4.541373054962605238e-04
5.623721153824590147e-05
7.524758111685514450e-04
-4.477463371586054564e-04
-6.120090984040871263e-05
1.320821000263094902e-03
-6.699804961681365967e-02
-5.798795819282531738e-02
1.409460157155990601e-01
-9.442448616027832031e-02
-4.303070157766342163e-02
3.113813698291778564e-02
-2.376960031688213348e-02
-2.920190803706645966e-02
-8.688677102327346802e-02
8.850543759763240814e-03
-4.233048483729362488e-02
-6.839101761579513550e-02
-5.010039545595645905e-03
-4.611289501190185547e-02
-1.801548153162002563e-02
1.569725945591926575e-02
1.057055033743381500e-02
-2.680667676031589508e-02
-5.299829691648483276e-02
-3.905656933784484863e-02
1.284187138080596924e-01
1.715222169877961278e-04
2.067152224481105804e-02
-9.735167771577835083e-02
2.253473177552223206e-02
-1.559416651725769043e-01
9.180944412946701050e-02
-1.618064753711223602e-02
-5.604120437055826187e-03
-5.891096778213977814e-03
-6.092439591884613037e-02
3.367616981267929077e-02
-6.276330444961786270e-03
-4.740203171968460083e-02
-4.147598985582590103e-03
-5.474739894270896912e-02
1.014345809817314148e-01
-6.692466139793395996e-02
-2.540849149227142334e-01
2.040259987115859985e-01
-1.765057817101478577e-02
-2.580740749835968018e-01
1.660847812891006470e-01
-2.580703468993306160e-03
-9.079218655824661255e-02
5.662941187620162964e-02
-1.077810525894165039e-01
-1.700137853622436523e-01
5.227616801857948303e-02
-7.167397439479827881e-02
-1.270722448825836182e-01
1.362190097570419312e-01
1.013478636741638184e-01
4.334633052349090576e-02
-2.139624441042542458e-03
1.750329285860061646e-01
7.061151415109634399e-02
-1.095728054642677307e-01
-4.668020829558372498e-02
8.652277290821075439e-02
-1.898865699768066406e-01
-1.502004116773605347e-01
1.171569805592298508e-02
6.816485896706581116e-03
-7.225181162357330322e-02
-4.598956555128097534e-03
-2.176022826461121440e-04
-3.473041579127311707e-02
-1.810736767947673798e-02
3.694415464997291565e-02
-1.148794870823621750e-02
-4.649783950299024582e-03
1.960961708391550928e-05
-6.429373570426832885e-06
-1.744388646329753101e-05
1.949857323779724538e-05
-1.532656096969731152e-05
6.987349934206577018e-07
1.010483174468390644e-05
-1.705701106402557343e-05
1.271076507691759616e-05
-4.832675680518150330e-02
7.202061265707015991e-02
8.562376350164413452e-02
-6.890507787466049194e-02
-2.974042855203151703e-02
4.139431565999984741e-02
-1.452832221984863281e-01
-8.318533003330230713e-02
3.538058698177337646e-02
-2.896263077855110168e-02
-6.377884000539779663e-02
-5.026757344603538513e-02
-8.731736987829208374e-02
-2.775867655873298645e-02
-1.881316863000392914e-02
1.943518966436386108e-02
5.711846053600311279e-02
-4.535744711756706238e-02
5.720148980617523193e-02
-3.311026841402053833e-02
-1.709571667015552521e-02
-5.606953054666519165e-02
-9.216815978288650513e-02
-2.034568041563034058e-02
-7.532830350100994110e-03
-2.251101657748222351e-02
3.970824927091598511e-02
-2.872868441045284271e-02
-6.578403711318969727e-02
-5.851823464035987854e-02
2.308624237775802612e-02
-7.318696379661560059e-02
-1.100481227040290833e-01
5.340605974197387695e-02
4.226424917578697205e-02
-3.010190324857831001e-03
3.599481657147407532e-02
-2.581166848540306091e-02
-4.847444966435432434e-02
-1.859715790487825871e-03
-3.236483037471771240e-02
-2.402317337691783905e-02
5.966319516301155090e-02
3.784735873341560364e-02
-4.642515257000923157e-02
1.468566339462995529e-02
3.956897929310798645e-02
2.420275099575519562e-02
-3.464928641915321350e-02
-3.151693567633628845e-02
-1.277202554047107697e-02
-2.203241176903247833e-02
-3.832486644387245178e-02
-1.043141912668943405e-02
1.043478143401443958e-03
3.359361144248396158e-04
-6.019210559315979481e-04
5.209491937421262264e-04
4.248031473252922297e-04
-5.072580534033477306e-04
-4.731454828288406134e-05
5.544656305573880672e-04
-3.660145739559084177e-05
-5.909650027751922607e-02
-4.778188839554786682e-02
5.455729737877845764e-02
1.618066430091857910e-02
-1.058909595012664795e-01
-8.814362809062004089e-03
4.405442625284194946e-02
-8.261447399854660034e-02
-3.898375481367111206e-02
-1.984285889193415642e-03
-1.912291720509529114e-02
3.690269961953163147e-02
-1.091075874865055084e-02
1.902836933732032776e-02
2.914755418896675110e-02
-3.441341221332550049e-02
-4.250556975603103638e-02
-6.422179285436868668e-03
4.899545386433601379e-02
-7.445812970399856567e-02
3.996932506561279297e-02
-3.195097087882459164e-04
-9.647433459758758545e-02
-3.104432718828320503e-03
-2.601812966167926788e-02
5.221966654062271118e-02
2.372428309172391891e-03
-4.956412315368652344e-02
-1.301851775497198105e-02
-5.890754982829093933e-02
-6.946070585399866104e-03
-1.958095096051692963e-02
-5.463278293609619141e-02
1.544378325343132019e-02
-2.709189057350158691e-02
-3.983219712972640991e-02
-9.332127124071121216e-02
7.349517941474914551e-02
2.463805526494979858e-01
-2.731668055057525635e-01
-8.735685795545578003e-02
1.565171629190444946e-01
-2.185441851615905762e-01
-6.361798197031021118e-02
7.450997829437255859e-02
-7.870163768529891968e-02
-1.008576974272727966e-01
-3.203275799751281738e-02
-7.534901797771453857e-02
-3.727612271904945374e-02
1.340673491358757019e-02
1.933073438704013824e-02
2.739688940346240997e-02
1.658155396580696106e-02
2.811797894537448883e-02
6.365987658500671387e-02
-4.172089695930480957e-02
-4.467105865478515625e-02
-1.398545354604721069e-01
-1.563479900360107422e-01
9.519033879041671753e-02
-4.222710058093070984e-02
-3.530105948448181152e-02
-1.602894626557826996e-02
2.485649101436138153e-02
-4.742304235696792603e-02
-1.381922792643308640e-02
1.950204372406005859e-03
-5.474184080958366394e-02
-6.249025836586952209e-02
-2.558088302612304688e-02
-7.189127616584300995e-03
8.028170668694656342e-06
4.651345534512074664e-06
1.033659373206319287e-05
-8.724977305973879993e-06
-3.489520167931914330e-06
2.601836422400083393e-05
-1.984795198950450867e-05
7.505001917706977110e-07
1.652594255574513227e-05
1.122331246733665466e-02
-6.591229885816574097e-02
-4.158467054367065430e-02
-2.900325227528810501e-03
-5.882741510868072510e-02
-4.154684022068977356e-02
4.810537770390510559e-02
2.608225867152214050e-02
3.614427754655480385e-03
-4.080258682370185852e-02
-4.217975772917270660e-03
-8.678170293569564819e-02
-1.510520372539758682e-02
-1.663993112742900848e-02
-8.522397279739379883e-02
1.425439585000276566e-02
-5.279572308063507080e-02
-1.995035819709300995e-02
-3.687025234103202820e-02
-1.005092076957225800e-02
1.227763388305902481e-02
-2.435073815286159515e-02
-1.031394582241773605e-02
2.309587225317955017e-02
1.022672746330499649e-02
-7.314486894756555557e-03
1.147681102156639099e-02
-2.664633467793464661e-02
-1.017115414142608643e-01
-1.093504875898361206e-01
-3.790270164608955383e-02
-7.645832747220993042e-02
-4.400188848376274109e-02
3.121234662830829620e-02
5.433825775980949402e-02
7.230865210294723511e-02
4.662815108895301819e-02
6.797832250595092773e-02
7.859963178634643555e-02
-3.111287578940391541e-02
3.786483034491539001e-02
6.946914643049240112e-02
-7.631850242614746094e-02
-4.630038514733314514e-02
8.000621199607849121e-02
-5.252954736351966858e-02
-6.176646426320075989e-02
7.829149835743010044e-04
5.152345076203346252e-02
5.253425240516662598e-02
7.271368056535720825e-02
-7.329509593546390533e-03
2.152092568576335907e-02
-5.636054091155529022e-03
-2.621404128149151802e-04
1.181174302473664284e-03
2.807994605973362923e-04
-1.031294304993934929e-04
1.028219587169587612e-03
1.296576374443247914e-04
-5.144512979313731194e-04
7.490385323762893677e-04
2.075679076369851828e-04
-3.853429853916168213e-02
1.682200096547603607e-02
-1.401080843061208725e-02
-1.537986006587743759e-02
1.973263733088970184e-02
-5.944908782839775085e-02
1.591359451413154602e-02
1.050311699509620667e-01
-4.506320133805274963e-02
-2.276529185473918915e-02
7.085505872964859009e-03
-3.538524731993675232e-02
5.962742120027542114e-02
5.256507918238639832e-02
6.610693782567977905e-02
-2.014122344553470612e-02
-4.754307866096496582e-02
1.522915158420801163e-02
6.096199527382850647e-02
4.315252229571342468e-02
1.645532250404357910e-02
-5.549333617091178894e-02
-5.889644473791122437e-02
-2.759500220417976379e-02
3.406172618269920349e-02
-2.194713056087493896e-02
6.962551921606063843e-02
-3.853044286370277405e-02
3.486293181777000427e-02
-6.904538720846176147e-03
6.074397824704647064e-03
6.227518245577812195e-02
1.067157136276364326e-03
-5.184069275856018066e-02
2.682898379862308502e-02
-8.629711717367172241e-02
3.591415658593177795e-02
-2.928522229194641113e-02
1.917115971446037292e-02
7.408681325614452362e-03
-8.675509132444858551e-03
2.344658412039279938e-02
-1.575622521340847015e-02
-2.301750145852565765e-02
1.461415737867355347e-02
-4.593543126247823238e-04
1.631980761885643005e-02
-1.638912223279476166e-02
2.061075158417224884e-02
3.131404519081115723e-02
2.183169126510620117e-02
-4.372065886855125427e-02
-1.587872020900249481e-02
-4.671069793403148651e-03
-6.089305877685546875e-02
-2.750540338456630707e-02
-6.476853042840957642e-02
-1.266017183661460876e-02
3.905690461397171021e-02
3.109357692301273346e-02
2.537692524492740631e-02
3.190357610583305359e-02
4.457430168986320496e-02
6.003008689731359482e-03
8.760141581296920776e-02
-2.830397523939609528e-02
-3.200117498636245728e-02
6.399019807577133179e-02
1.330704521387815475e-02
-1.251359004527330399e-03
2.250809967517852783e-02
-3.157983720302581787e-02
-3.878794814227148890e-06
-1.984482878469862044e-05
3.754753561224788427e-05
1.763140789989847690e-05
3.880621989083010703e-06
9.917431270878296345e-06
6.479730473074596375e-06
-1.293865989282494411e-05
3.269250009907409549e-05
2.307572960853576660e-02
2.509606443345546722e-02
1.912376284599304199e-02
4.825555160641670227e-02
7.861607521772384644e-02
3.418193757534027100e-02
2.021305076777935028e-02
5.488328263163566589e-02
1.136781647801399231e-02
-1.989138871431350708e-02
1.780092269182205200e-01
-2.934254519641399384e-02
1.390410661697387695e-01
1.982487142086029053e-01
1.421061754226684570e-01
1.731171831488609314e-02
1.664764434099197388e-01
-1.718565262854099274e-02
-6.121907383203506470e-02
6.142194941639900208e-02
-3.047040896490216255e-03
4.710702970623970032e-02
6.198789924383163452e-02
-4.479249566793441772e-02
-2.275539562106132507e-02
4.538407176733016968e-02
-1.363816019147634506e-02
-1.233259961009025574e-02
-6.131633650511503220e-03
2.538785897195339203e-02
-2.434424310922622681e-02
-7.743046618998050690e-03
-1.551456842571496964e-02
-1.267387159168720245e-02
-1.041975244879722595e-02
-3.251484036445617676e-02
-8.107015490531921387e-02
6.605856120586395264e-02
-8.348112553358078003e-02
9.068212658166885376e-02
1.873375475406646729e-01
1.120650097727775574e-01
-4.484220966696739197e-02
7.827349752187728882e-02
-8.646110445261001587e-02
2.709575183689594269e-02
9.893964976072311401e-03
3.801357699558138847e-03
2.764346264302730560e-02
3.415748476982116699e-02
2.541148103773593903e-02
9.543552063405513763e-03
2.846895903348922729e-02
1.966905593872070312e-02
4.315672267694026232e-04
-2.715289883781224489e-04
-6.969673559069633484e-04
2.376364136580377817e-04
-2.482111449353396893e-04
-4.425529914442449808e-04
1.991150384128559381e-05
5.135022729518823326e-05
2.470446052029728889e-04
-4.531801491975784302e-02
-4.610051214694976807e-02
6.334118545055389404e-02
-2.754330635070800781e-02
1.972622051835060120e-02
-1.740272343158721924e-02
1.313191745430231094e-02
6.448721140623092651e-02
-2.580611966550350189e-02
-3.277527540922164917e-02
-6.483103148639202118e-03
-2.990151057019829750e-03
-2.763913385570049286e-02
1.997028104960918427e-02
9.856769815087318420e-03
-8.451219648122787476e-03
-1.343064755201339722e-02
-4.649255052208900452e-02
-8.530155569314956665e-02
5.777453258633613586e-02
5.256646312773227692e-03
4.095226153731346130e-02
3.798819705843925476e-02
2.092746272683143616e-02
6.097858026623725891e-02
-9.848230518400669098e-03
1.674724370241165161e-02
-1.990455389022827148e-02
9.221360087394714355e-03
-1.828209683299064636e-02
-2.946366928517818451e-02
3.413888392969965935e-03
-1.767179556190967560e-02
-1.482446026057004929e-02
1.421971060335636139e-02
-1.004426181316375732e-02
7.540351897478103638e-02
9.394331276416778564e-02
4.862110316753387451e-02
-4.680619016289710999e-02
-6.909015774726867676e-02
-6.849817186594009399e-02
-9.931322932243347168e-02
-1.266267597675323486e-01
-8.274433761835098267e-02
4.331003408879041672e-03
-4.003415256738662720e-02
-5.683664977550506592e-02
1.787914149463176727e-02
-1.039249077439308167e-02
-2.099926769733428955e-02
3.603562712669372559e-02
2.651875279843807220e-02
6.396701559424400330e-03
-5.852083489298820496e-02
-5.747852101922035217e-02
-2.729961276054382324e-02
-1.531720608472824097e-01
-2.015408426523208618e-01
-1.206046566367149353e-01
-2.175970748066902161e-02
-2.777015045285224915e-02
2.992524579167366028e-02
2.177621051669120789e-02
-3.514430951327085495e-03
-4.169614054262638092e-03
4.403889644891023636e-03
-1.039691269397735596e-02
-9.962810203433036804e-03
1.039212755858898163e-02
1.059445086866617203e-02
-1.119234017096459866e-03
-8.578923370805568993e-06
-4.950560196448350325e-06
5.499991573287843494e-08
1.027128746500238776e-05
2.169748313463060185e-06
5.399147084972355515e-07
-4.723713573184795678e-06
-3.278488065916462801e-06
-5.022542154620168731e-06
-6.523346155881881714e-02
-2.534427214413881302e-03
-3.222069144248962402e-02
-3.585778549313545227e-02
6.978691089898347855e-03
-5.390054080635309219e-03
2.075312659144401550e-03
2.278109453618526459e-02
2.269015833735466003e-02
-2.282552048563957214e-02
-2.678368985652923584e-02
-1.539981085807085037e-02
-2.493199706077575684e-02
-3.037395514547824860e-02
-1.271504722535610199e-02
-1.189286261796951294e-02
2.983201667666435242e-02
1.676946692168712616e-02
6.032529473304748535e-02
-3.787026181817054749e-02
-1.647659391164779663e-02
3.834270685911178589e-02
-2.446580678224563599e-02
-7.739799562841653824e-03
2.360285259783267975e-02
6.186430808156728745e-03
5.300414934754371643e-02
-1.015825644135475159e-01
-8.388975262641906738e-02
-8.960631489753723145e-02
-6.599083077162504196e-03
3.059954941272735596e-02
-7.079802453517913818e-04
2.917637117207050323e-02
7.335861027240753174e-02
2.712242491543292999e-02
8.337832242250442505e-02
8.289128541946411133e-02
8.254241198301315308e-02
-1.789175719022750854e-02
-2.395932935178279877e-02
-2.310198917984962463e-02
-5.223252996802330017e-02
-2.948965691030025482e-02
-6.609567254781723022e-02
3.048361465334892273e-02
5.478612706065177917e-02
-1.113972440361976624e-02
1.885864883661270142e-02
4.915023595094680786e-02
1.340433862060308456e-02
-2.347469702363014221e-02
3.717659041285514832e-02
4.772593080997467041e-02
-1.182638690806925297e-03
4.343580803833901882e-04
4.698164702858775854e-04
-7.357910508289933205e-04
5.336100584827363491e-04
6.356255616992712021e-04
-8.095698431134223938e-04
4.751746600959450006e-04
2.338235208299010992e-04
7.439628243446350098e-02
-1.514473110437393188e-01
2.952066063880920410e-02
1.540798842906951904e-01
-1.895868629217147827e-01
1.333678811788558960e-01
1.351911667734384537e-02
3.228846564888954163e-02
-1.598951779305934906e-02
-3.702813014388084412e-02
1.175280362367630005e-01
-2.919892547652125359e-03
-6.374374963343143463e-03
-2.778525091707706451e-02
-5.062748119235038757e-02
-7.453224062919616699e-02
-4.129813052713871002e-03
2.531843632459640503e-02
9.728406555950641632e-03
-1.008935049176216125e-01
2.217409014701843262e-02
-3.231192529201507568e-01
3.077431321144104004e-01
-1.410336643457412720e-01
1.337070167064666748e-01
-1.650070846080780029e-01
-1.370412949472665787e-02
-6.482106633484363556e-03
-4.041789099574089050e-02
3.101055324077606201e-02
-2.927753701806068420e-02
-7.872156798839569092e-03
6.542685627937316895e-02
-5.060177668929100037e-02
-3.462322428822517395e-02
9.492700919508934021e-03
-3.445230424404144287e-02
-1.340541057288646698e-03
3.925680369138717651e-02
-1.141353249549865723e-01
6.942324340343475342e-02
4.166048020124435425e-03
-3.261015564203262329e-02
-4.658623039722442627e-02
2.705020643770694733e-02
2.771617844700813293e-02
4.843543097376823425e-02
-4.868490993976593018e-02
9.625066816806793213e-02
8.291684836149215698e-02
-6.191038712859153748e-02
-3.533520177006721497e-02
-1.698507368564605713e-02
-5.188503116369247437e-02
-1.631567776203155518e-01
4.610216990113258362e-02
1.031957417726516724e-01
2.854659920558333397e-03
-3.721658512949943542e-02
4.330177605152130127e-02
1.409399211406707764e-01
-4.218462854623794556e-03
-5.617227777838706970e-02
-9.408178739249706268e-03
-1.114001050591468811e-01
1.296838279813528061e-02
-7.402503490447998047e-02
-7.406555861234664917e-02
5.868706479668617249e-02
-1.013386026024818420e-01
7.259535137563943863e-03
3.430281206965446472e-02
-1.405423518008319661e-05
2.325885179743636400e-05
-2.990099710586946458e-05
1.500984399172011763e-05
3.618024857132695615e-05
-2.832135396602097899e-05
2.093004331982228905e-05
3.573557114577852190e-05
-2.275759288750123233e-05
-5.478020012378692627e-02
-2.372267283499240875e-02
1.148620736785233021e-03
-7.790576666593551636e-02
2.718180231750011444e-02
9.618460200726985931e-03
-1.811474910937249660e-03
3.681120648980140686e-02
-3.062638081610202789e-02
4.204739257693290710e-02
-2.600027807056903839e-02
2.606311254203319550e-02
2.109756879508495331e-02
-1.569588333368301392e-01
-9.055329114198684692e-02
2.994095906615257263e-03
2.889971621334552765e-02
-1.601701602339744568e-02
1.384834852069616318e-02
-2.714031143113970757e-03
-2.326297201216220856e-02
1.987822204828262329e-01
-3.655091673135757446e-02
-4.450053349137306213e-02
2.661329321563243866e-02
-8.803547173738479614e-02
-6.011314224451780319e-03
3.884328901767730713e-02
8.144925348460674286e-03
-1.062534824013710022e-01
4.898936673998832703e-02
5.006728693842887878e-02
-2.248988673090934753e-02
1.296012895181775093e-03
5.108750239014625549e-02
-5.859461426734924316e-02
-9.601232409477233887e-02
-8.804433979094028473e-03
3.453971073031425476e-02
-3.694132342934608459e-02
-1.695765554904937744e-01
3.530168160796165466e-02
-4.233859479427337646e-02
-2.957772463560104370e-02
8.315892517566680908e-02
-9.049480408430099487e-02
-3.910266607999801636e-02
2.221513725817203522e-02
-6.202831864356994629e-02
-7.363097369670867920e-02
1.441785879433155060e-02
-2.993006957694888115e-03
-8.132941275835037231e-02
-7.124607264995574951e-02
-6.633838638663291931e-04
-4.517658671829849482e-04
-9.537687292322516441e-04
-7.958663627505302429e-04
-3.784791915677487850e-04
-3.748472372535616159e-04
-5.505017470568418503e-04
-5.742895300500094891e-04
-5.895802751183509827e-04
-3.568750619888305664e-02
9.584859758615493774e-02
-1.389721129089593887e-02
-8.213893324136734009e-02
6.008457019925117493e-02
-1.714911684393882751e-02
3.202967345714569092e-02
-2.181278076022863388e-03
6.394755095243453979e-02
1.075012981891632080e-01
-2.594143152236938477e-02
-3.706054762005805969e-02
-5.047386512160301208e-02
-7.679956965148448944e-03
2.986483648419380188e-02
-6.474141031503677368e-02
4.944356158375740051e-03
3.097505494952201843e-02
-7.802235893905162811e-03
-1.355785429477691650e-01
8.257444947957992554e-02
3.198559284210205078e-01
-1.919094920158386230e-01
-9.683503210544586182e-02
-6.119984760880470276e-02
1.208739914000034332e-02
6.172293052077293396e-02
-6.425010412931442261e-02
6.284034997224807739e-02
3.027777560055255890e-02
-5.203637108206748962e-02
5.089321732521057129e-02
5.693467706441879272e-02
-4.004941135644912720e-02
-3.653546422719955444e-02
-4.241190850734710693e-02
1.440907944925129414e-03
-2.048822119832038879e-02
-2.184733748435974121e-03
8.978158980607986450e-02
-5.429515242576599121e-02
-7.409942895174026489e-02
6.625982373952865601e-02
1.505527179688215256e-02
-5.334128439426422119e-02
7.541388738900423050e-03
-2.843364328145980835e-02
-3.991806879639625549e-02
-1.921006664633750916e-02
-4.433288425207138062e-02
-1.929941959679126740e-02
7.341592572629451752e-03
-7.511543575674295425e-03
2.028838032856583595e-03
-4.296867176890373230e-02
-5.348874256014823914e-02
2.631323784589767456e-02
-6.016288697719573975e-02
2.938021905720233917e-02
3.066773340106010437e-02
-1.451217755675315857e-02
5.314322933554649353e-02
-2.238498441874980927e-02
-6.438695639371871948e-02
-4.363366588950157166e-02
-6.898604333400726318e-02
7.849658839404582977e-03
7.003417611122131348e-02
-1.720634289085865021e-02
-4.061364009976387024e-02
-4.132289811968803406e-02
-3.891218826174736023e-02
9.927714927471242845e-06
-3.183099397574551404e-05
-9.015949217427987605e-06
1.671049358265008777e-05
-6.946042958588805050e-06
-1.104238435800652951e-05
2.051901537925004959e-05
-1.819452882045879960e-05
-5.403380214374919888e-07
2.121809311211109161e-02
-6.964667141437530518e-02
7.742273155599832535e-03
9.953735768795013428e-02
-1.086197495460510254e-01
-9.800790995359420776e-02
6.699796020984649658e-02
-2.862724661827087402e-02
-5.963089410215616226e-03
-5.451348796486854553e-02
2.162404730916023254e-02
-2.567845210433006287e-02
-1.440778225660324097e-01
6.855913996696472168e-02
7.376515865325927734e-02
-1.642177812755107880e-02
5.152519792318344116e-02
7.206785678863525391e-02
-1.767573356628417969e-01
-2.461308799684047699e-02
-1.044223550707101822e-02
-2.817588746547698975e-01
-1.489522457122802734e-01
5.892117507755756378e-03
-1.295017451047897339e-01
-1.115098297595977783e-01
-4.206683859229087830e-02
1.954536186531186104e-03
-1.127382647246122360e-02
7.073514163494110107e-03
6.314073503017425537e-02
-1.608921401202678680e-02
-2.229645848274230957e-02
9.727369248867034912e-02
-8.344622328877449036e-03
1.353968307375907898e-02
-3.064130665734410286e-03
3.900973498821258545e-02
2.588177099823951721e-02
-1.266318559646606445e-01
6.419443339109420776e-02
7.508261501789093018e-02
-8.138338476419448853e-02
1.891983300447463989e-02
5.186220631003379822e-02
1.371580525301396847e-03
2.490770444273948669e-02
-1.281208358705043793e-02
-2.965393662452697754e-02
1.624076068401336670e-02
2.157171256840229034e-02
-1.727373749017715454e-01
-1.650448888540267944e-01
-1.412132680416107178e-01
-1.646843156777322292e-04
-8.269806130556389689e-06
-5.141831934452056885e-04
5.789895658381283283e-04
9.797672973945736885e-04
-2.338509657420217991e-04
4.679949197452515364e-04
1.751318777678534389e-04
-1.707026240183040500e-04
9.954393841326236725e-03
5.060585588216781616e-02
-6.242386624217033386e-02
-4.092611744999885559e-02
6.260282546281814575e-02
-2.751217596232891083e-02
5.503339692950248718e-02
-2.389812655746936798e-02
1.067839935421943665e-01
-7.212571799755096436e-02
-1.427657604217529297e-01
-9.037583321332931519e-02
4.352670907974243164e-02
7.012182474136352539e-02
-1.054052077233791351e-02
5.718314647674560547e-02
1.957939192652702332e-02
4.493951424956321716e-02
-8.988436893559992313e-04
2.099003046751022339e-01
4.186035320162773132e-02
1.333183888345956802e-02
-4.560401439666748047e-01
2.072140341624617577e-03
-1.250576786696910858e-02
3.144921660423278809e-01
-4.049772024154663086e-02
-1.907084695994853973e-02
3.512394428253173828e-02
-6.152711436152458191e-02
2.708364278078079224e-02
2.010380662977695465e-02
1.036128215491771698e-02
2.253457158803939819e-02
-4.801538214087486267e-02
2.080597728490829468e-02
-3.694873303174972534e-02
2.380481222644448280e-03
1.086344495415687561e-01
-4.023043811321258545e-02
-9.786052256822586060e-02
3.719693794846534729e-02
1.722579263150691986e-02
2.110484987497329712e-02
1.149231661111116409e-02
-1.586231961846351624e-02
-2.714620344340801239e-02
-9.638769552111625671e-03
-1.254857145249843597e-02
-4.849770106375217438e-03
-4.826741351280361414e-04
4.505984857678413391e-02
2.180669270455837250e-02
-2.770521864295005798e-02
-2.022250927984714508e-02
-1.471231877803802490e-01
4.253189638257026672e-02
5.197696387767791748e-02
8.771788328886032104e-02
2.664603292942047119e-02
-4.933529999107122421e-03
-2.487723156809806824e-02
-1.677199080586433411e-02
1.139337476342916489e-02
7.710708677768707275e-02
1.575008966028690338e-02
-3.890758380293846130e-02
6.954090297222137451e-02
5.586948711425065994e-03
-7.203071843832731247e-03
3.739912062883377075e-02
1.716094836592674255e-02
-2.265388502564746886e-05
-8.616893865109886974e-06
3.445605671004159376e-06
-4.813568466488504782e-06
1.987301175176980905e-06
1.052567313308827579e-05
-6.876602128613740206e-06
1.053734649758553132e-05
6.833086899860063568e-06
4.462651535868644714e-02
2.337714470922946930e-02
-7.899806834757328033e-03
-6.991244107484817505e-02
-1.019513607025146484e-01
-8.015435934066772461e-02
7.358460873365402222e-02
2.816266752779483795e-02
2.013132162392139435e-02
2.361233718693256378e-02
9.257968515157699585e-03
-1.415923424065113068e-02
3.712571784853935242e-02
6.018732115626335144e-02
-7.379971444606781006e-02
-3.719586879014968872e-02
-1.527767330408096313e-01
-3.921054303646087646e-02
2.506289863958954811e-03
-2.648344263434410095e-03
4.268772900104522705e-02
-3.392881900072097778e-02
3.186757862567901611e-02
2.247793227434158325e-02
4.176495224237442017e-02
-1.252164319157600403e-02
3.470030426979064941e-02
6.979070603847503662e-02
5.863485112786293030e-02
-1.495990436524152756e-02
-5.187905579805374146e-02
-5.542342737317085266e-02
-5.043268203735351562e-02
2.927049063146114349e-03
-2.468509972095489502e-02
3.425797447562217712e-03
-4.219866916537284851e-02
-8.811676502227783203e-02
-9.534816854284144938e-06
-4.001795127987861633e-02
7.781970500946044922e-02
-3.494953364133834839e-02
-3.164195641875267029e-02
-5.611866340041160583e-02
2.810134552419185638e-02
2.182559855282306671e-02
7.424505427479743958e-03
-9.416362270712852478e-03
1.765980571508407593e-02
-2.121927030384540558e-02
-5.213250964879989624e-02
3.109421953558921814e-02
-3.208632394671440125e-02
-7.073696702718734741e-02
-3.646127297542989254e-04
-7.144280825741589069e-04
4.870301636401563883e-04
-3.681924426928162575e-04
-9.813936194404959679e-04
-8.578557026339694858e-05
-9.015934192575514317e-04
-7.349905790761113167e-04
-2.203165058745071292e-04
-3.609145060181617737e-02
-2.275539562106132507e-02
2.151336520910263062e-02
3.988482058048248291e-02
-2.979133650660514832e-02
1.353192478418350220e-01
4.356362298130989075e-02
-4.241859912872314453e-02
5.263686180114746094e-02
4.159365221858024597e-02
1.641744375228881836e-02
-5.392682179808616638e-02
-3.749429062008857727e-02
-3.759467229247093201e-02
-1.504860538989305496e-02
5.015521496534347534e-02
1.852223463356494904e-02
1.303131785243749619e-02
-4.224512726068496704e-02
-1.245725899934768677e-02
1.133619714528322220e-02
2.572040248196572065e-04
2.163043022155761719e-01
-3.240698948502540588e-02
-1.261384338140487671e-01
9.812365472316741943e-02
4.537005722522735596e-02
-3.728149691596627235e-03
-3.619460016489028931e-02
-2.653117105364799500e-02
3.132146969437599182e-02
-1.912080496549606323e-02
-3.253660723567008972e-02
3.624331951141357422e-02
2.565108984708786011e-02
4.938382655382156372e-03
2.599854171276092529e-01
2.275568693876266479e-01
5.373076349496841431e-02
1.291469335556030273e-01
7.444882392883300781e-02
-1.636856198310852051e-01
-1.449708342552185059e-01
-1.839149743318557739e-01
-2.430558204650878906e-01
7.672863453626632690e-02
6.442090123891830444e-02
5.140370503067970276e-02
-5.296969786286354065e-02
-6.006230041384696960e-02
-3.391413250938057899e-03
-5.435686558485031128e-02
-7.554242759943008423e-02
-1.948516070842742920e-02
-9.392206557095050812e-03
-4.138501826673746109e-03
-9.486857056617736816e-02
2.652578614652156830e-02
7.671572268009185791e-02
-6.192484498023986816e-02
-1.122950762510299683e-01
2.707040309906005859e-02
8.373303711414337158e-02
2.928394079208374023e-02
-3.228549379855394363e-03
3.352148458361625671e-02
4.829322546720504761e-02
-5.557869374752044678e-02
-1.545827556401491165e-02
3.278985619544982910e-02
-1.116553544998168945e-01
-9.419620782136917114e-02
1.329534461547154933e-05
3.151263445033691823e-05
-1.515694475529016927e-05
-2.222099465143401176e-05
5.988133125356398523e-06
-9.169481018034275621e-06
-2.256596053484827280e-05
1.638578578422311693e-05
-3.301355491203139536e-06
-7.028011977672576904e-02
-1.075923144817352295e-01
-6.308282911777496338e-02
-2.085501328110694885e-02
-2.876351960003376007e-02
-4.177355393767356873e-02
1.788624934852123260e-02
1.075099632143974304e-01
1.058917716145515442e-01
-3.197532519698143005e-02
5.759018938988447189e-03
-1.384166534990072250e-04
-1.117255240678787231e-01
-9.168790280818939209e-02
1.704865251667797565e-03
-5.656362324953079224e-02
-4.280099272727966309e-02
-1.307077612727880478e-02
3.234654199331998825e-03
-4.155019298195838928e-02
6.830827146768569946e-02
-1.177328359335660934e-02
-8.429901301860809326e-02
6.969314999878406525e-03
2.419144473969936371e-02
-6.106130033731460571e-02
-5.092713236808776855e-02
-9.776731580495834351e-02
-2.458291873335838318e-02
4.539908841252326965e-02
-6.927126646041870117e-02
-4.125529155135154724e-02
3.253820911049842834e-02
-2.200660482048988342e-02
-2.201089262962341309e-02
6.481999065726995468e-03
6.965652108192443848e-02
1.213780716061592102e-01
-2.600765554234385490e-03
2.212533541023731232e-02
-2.295559085905551910e-02
-8.717980980873107910e-02
3.288114815950393677e-02
-9.551720321178436279e-02
-1.322794854640960693e-01
-5.879174545407295227e-02
-4.692508652806282043e-02
-5.155678093433380127e-02
5.610856413841247559e-02
8.696437627077102661e-02
2.842528186738491058e-02
6.595966964960098267e-02
1.100604608654975891e-01
7.097551226615905762e-02
1.607623125892132521e-04
-4.272364894859492779e-04
-6.232038722373545170e-04
3.641556249931454659e-04
-3.729196323547512293e-04
-3.095824504271149635e-04
3.343542339280247688e-04
2.120676508639007807e-04
3.604023659136146307e-04
-3.607857599854469299e-02
-9.316796064376831055e-02
2.979489415884017944e-02
-7.049273117445409298e-04
-1.403154060244560242e-02
5.615824833512306213e-02
-2.276096679270267487e-02
1.701819337904453278e-02
1.467782072722911835e-02
-1.991903781890869141e-02
-8.807037025690078735e-03
-2.607850916683673859e-02
-1.630542874336242676e-01
-2.194990068674087524e-01
-1.720553934574127197e-01
-3.996396809816360474e-02
-8.518961817026138306e-02
-6.336020678281784058e-02
-6.198019720613956451e-03
1.205447912216186523e-01
-4.911855235695838928e-02
7.321031298488378525e-04
1.497560292482376099e-01
7.248771935701370239e-02
-8.115409314632415771e-02
-1.016395166516304016e-01
-4.882284626364707947e-02
3.778463229537010193e-02
8.674166165292263031e-03
5.605110898613929749e-03
3.453342244029045105e-02
3.248318657279014587e-02
-1.998532190918922424e-02
-1.216879393905401230e-02
8.323992602527141571e-03
-3.700047731399536133e-02
4.609803110361099243e-02
1.064161434769630432e-01
4.770148172974586487e-02
1.226426195353269577e-02
4.400698840618133545e-02
1.945541985332965851e-02
-7.855124771595001221e-02
-9.470120072364807129e-02
-3.579675033688545227e-02
9.069893509149551392e-03
1.514635281637310982e-03
-3.737927414476871490e-03
-4.512538388371467590e-02
-6.718108057975769043e-02
-4.066779837012290955e-02
-4.805666953325271606e-02
-4.950565099716186523e-02
-1.707534492015838623e-02
-2.522404119372367859e-02
1.563651114702224731e-02
-6.302493810653686523e-02
4.083836916834115982e-03
-1.335710566490888596e-02
-2.333609387278556824e-02
-1.510758418589830399e-02
-2.488112822175025940e-02
2.025801315903663635e-02
-6.404045969247817993e-02
-2.017055638134479523e-02
4.414946958422660828e-02
-1.400151662528514862e-02
-8.817355148494243622e-03
2.158705517649650574e-02
4.406742379069328308e-02
6.584093905985355377e-03
-3.017313592135906219e-02
9.591977686795871705e-06
-5.429614247987046838e-06
-1.991837052628397942e-05
-6.921000931470189244e-06
-1.583002085681073368e-05
-3.749209645320661366e-05
-7.148115855670766905e-06
-1.878713192127179354e-05
-2.397542994003742933e-05
2.785580419003963470e-02
7.167143374681472778e-02
-1.498198695480823517e-02
9.313233196735382080e-03
4.089386761188507080e-02
-2.238388173282146454e-02
-1.050823554396629333e-01
-1.003973558545112610e-01
-1.137589812278747559e-01
-7.050228863954544067e-02
-1.122811585664749146e-01
-5.142536386847496033e-02
-2.206272073090076447e-02
-6.432528793811798096e-02
-6.642002146691083908e-03
4.333955422043800354e-02
8.307008445262908936e-02
3.740983083844184875e-02
9.248461574316024780e-02
-4.361928999423980713e-02
-6.321349740028381348e-02
1.325455866754055023e-02
-9.398176521062850952e-02
-6.044453009963035583e-02
-5.234938487410545349e-02
-4.357662796974182129e-02
1.533616147935390472e-02
4.009484872221946716e-02
3.560309484601020813e-02
2.536403946578502655e-02
5.487580224871635437e-02
5.086110904812812805e-02
3.258923767134547234e-03
-4.760309308767318726e-02
-3.464516624808311462e-02
-6.289917975664138794e-02
-4.728602245450019836e-02
-7.029678672552108765e-02
-4.201235249638557434e-02
5.308411549776792526e-03
-4.996731132268905640e-02
-4.952275659888982773e-03
3.410555794835090637e-02
6.187758222222328186e-02
5.828990787267684937e-02
1.341602671891450882e-02
2.802323922514915466e-02
2.328057773411273956e-02
-4.559421911835670471e-02
-2.332830615341663361e-02
-1.538685057312250137e-02
-7.896908558905124664e-03
-2.290167612954974174e-03
4.038338549435138702e-03
-3.285590792074799538e-04
-1.035952591337263584e-04
-1.279538264498114586e-04
1.317410933552309871e-04
1.050591017701663077e-04
-7.648422615602612495e-05
2.444788406137377024e-04
1.485916582169011235e-04
-7.106785778887569904e-05
2.670822106301784515e-02
6.939955521374940872e-03
-5.833641067147254944e-02
7.091715815477073193e-04
-3.692931681871414185e-02
-1.524713635444641113e-02
-5.722586531192064285e-03
-4.634238779544830322e-02
3.606311604380607605e-02
7.581897825002670288e-02
9.280513972043991089e-02
8.207362145185470581e-02
1.055805832147598267e-01
1.240544244647026062e-01
9.331086277961730957e-02
-3.792480379343032837e-02
-4.506262764334678650e-02
-6.894981116056442261e-02
-6.401257216930389404e-02
-8.980457484722137451e-02
-5.412446334958076477e-02
7.675323635339736938e-02
7.917422056198120117e-02
9.481811523437500000e-02
-4.425529018044471741e-02
6.585762649774551392e-02
-5.579137429594993591e-02
-1.113983150571584702e-02
5.346363876014947891e-03
3.585579339414834976e-03
-1.122204307466745377e-02
1.285525970160961151e-02
-9.965843521058559418e-03
-4.346024245023727417e-03
1.922377385199069977e-02
-5.922043696045875549e-03
-2.197107672691345215e-02
-2.653290331363677979e-02
-3.963449224829673767e-02
-1.535631157457828522e-02
6.088994909077882767e-03
-8.949904702603816986e-03
3.358450904488563538e-02
8.104839175939559937e-02
3.391488268971443176e-02
-3.374163806438446045e-02
-1.072920206934213638e-02
-2.267209999263286591e-02
1.052938494831323624e-02
1.799392327666282654e-02
-6.784431636333465576e-03
6.292175501585006714e-03
-6.583683658391237259e-03
-2.031598612666130066e-02
-3.248989954590797424e-02
-1.396089792251586914e-02
8.033946156501770020e-03
-8.502167463302612305e-02
-6.299005355685949326e-03
8.937844075262546539e-03
2.885532751679420471e-02
7.977166026830673218e-02
6.270530819892883301e-02
-4.374663345515727997e-03
-1.699593034572899342e-03
-3.619943931698799133e-02
-1.867940835654735565e-02
-1.915710046887397766e-02
-3.064442612230777740e-02
-2.009935118257999420e-02
-1.245983876287937164e-02
-1.489026355557143688e-03
-1.957036693056579679e-05
-1.783147126843687147e-06
-4.399274530442198738e-06
4.684484792960574850e-06
-1.973409052880015224e-05
2.755069544946309179e-06
-4.836982498090947047e-06
3.255078354413853958e-06
-1.677736838345822434e-09
-4.749005287885665894e-02
-6.659802794456481934e-02
-4.334874451160430908e-02
2.636299654841423035e-02
4.468975588679313660e-02
4.263973981142044067e-02
-3.592764260247349739e-03
2.363942936062812805e-02
-1.253356970846652985e-02
-4.454793408513069153e-02
-2.774883434176445007e-02
-1.072477549314498901e-02
-3.785870224237442017e-02
-1.180193386971950531e-03
-5.989354569464921951e-03
7.794598117470741272e-03
3.431764617562294006e-02
1.915084943175315857e-02
-2.922484837472438812e-02
4.713623225688934326e-02
-1.093595102429389954e-02
6.078078877180814743e-03
3.551821783185005188e-02
-3.382945060729980469e-02
2.374265529215335846e-02
-1.166855264455080032e-02
-4.830419644713401794e-02
-5.104369297623634338e-02
-4.682162031531333923e-02
-4.735978320240974426e-02
3.876132518053054810e-02
3.226871788501739502e-02
2.894771285355091095e-02
5.847875028848648071e-02
5.277093127369880676e-02
3.295781090855598450e-02
1.029202714562416077e-02
1.394311804324388504e-02
2.923542447388172150e-02
-2.168991416692733765e-02
-4.301225766539573669e-03
-1.236456166952848434e-02
2.296785451471805573e-02
3.757581859827041626e-02
2.539010718464851379e-02
-1.350539736449718475e-02
-4.603166133165359497e-02
-1.052978727966547012e-02
-2.085159718990325928e-02
-5.149331316351890564e-02
-2.219449728727340698e-02
7.942505180835723877e-02
4.695270955562591553e-02
1.084885653108358383e-02
-1.845418737502768636e-04
1.396965089952573180e-04
-1.850964035838842392e-04
-7.635859656147658825e-04
-8.533144136890769005e-04
-4.055470053572207689e-04
-8.707133820280432701e-04
-9.570489055477082729e-04
-3.608237311709672213e-04
4.671177826821804047e-03
2.264139801263809204e-02
-2.484886720776557922e-02
1.257949136197566986e-02
1.081803143024444580e-01
7.102389633655548096e-02
-7.314029335975646973e-02
6.173412874341011047e-02
-1.672453060746192932e-02
-5.001850053668022156e-02
2.545066876336932182e-03
1.355301775038242340e-02
-1.824914291501045227e-02
-9.522816538810729980e-02
-3.182074055075645447e-02
6.278796494007110596e-02
2.017690800130367279e-03
1.913162134587764740e-02
3.092991374433040619e-02
-4.398280009627342224e-02
-1.562857069075107574e-02
-1.960152983665466309e-01
2.426912635564804077e-01
7.274068146944046021e-02
2.824573777616024017e-02
-6.575924810022115707e-03
-6.202418729662895203e-02
9.990461170673370361e-03
4.098435491323471069e-02
2.242828346788883209e-02
5.336952209472656250e-02
5.629592388868331909e-02
-2.197008952498435974e-02
-3.474698634818196297e-03
4.057754762470722198e-03
-6.297726184129714966e-02
-3.567207232117652893e-02
-1.123652905225753784e-01
-9.258402138948440552e-02
1.678230054676532745e-02
5.133375898003578186e-02
1.886272244155406952e-02
4.057953134179115295e-02
9.269411116838455200e-02
6.573521345853805542e-02
-9.024332463741302490e-02
-4.128577187657356262e-02
1.031311526894569397e-01
-9.121961146593093872e-02
-1.349139958620071411e-02
1.391474306583404541e-01
-6.637123227119445801e-02
7.334991358220577240e-03
1.407998651266098022e-01
1.971850097179412842e-01
6.786381453275680542e-02
-1.705515384674072266e-01
2.316601723432540894e-01
-1.161675434559583664e-02
-1.626210063695907593e-01
-1.161698400974273682e-01
-5.885701999068260193e-02
2.261014655232429504e-02
-2.971615083515644073e-02
-3.121979534626007080e-02
-2.455214038491249084e-02
-2.557019179221242666e-04
-1.162839829921722412e-01
-1.224962156265974045e-02
3.706367686390876770e-02
-1.086377725005149841e-01
-4.280967265367507935e-02
1.473231804993702099e-06
2.260368273709900677e-05
1.836223600548692048e-05
-1.071135829988634214e-05
1.690167846390977502e-05
-1.005938770504144486e-06
-1.132747274823486805e-05
1.507855472482333425e-06
-2.400926678092218935e-05
-5.805667955428361893e-03
-1.412879303097724915e-02
-2.119358628988265991e-02
-2.085749059915542603e-02
5.306192114949226379e-02
1.376667991280555725e-02
-4.697878286242485046e-02
-1.076423446647822857e-03
-2.928135171532630920e-02
-7.662270963191986084e-02
-2.692309394478797913e-02
4.492802917957305908e-02
-5.737195163965225220e-02
-1.953773386776447296e-02
4.442568402737379074e-03
-1.132347360253334045e-01
-3.062760271131992340e-02
7.334340829402208328e-03
1.458201557397842407e-02
-2.774213999509811401e-02
-3.180692344903945923e-02
6.546126306056976318e-02
-2.658174559473991394e-02
-5.818173289299011230e-02
1.511978823691606522e-02
8.068930474109947681e-04
-3.114357031881809235e-02
-1.011491119861602783e-01
-3.220299631357192993e-02
8.847994357347488403e-02
-1.397271156311035156e-01
3.898874856531620026e-03
1.379248797893524170e-01
-5.523498728871345520e-02
5.259178951382637024e-02
8.806176483631134033e-02
-3.430870920419692993e-02
5.594665650278329849e-03
-5.960998311638832092e-02
6.752368807792663574e-02
2.297199331223964691e-02
-6.773999333381652832e-02
6.057405471801757812e-02
3.455257415771484375e-02
-7.041776180267333984e-02
-3.944768570363521576e-03
-3.857749281451106071e-03
2.848804183304309845e-02
-1.059932168573141098e-03
-8.607584983110427856e-03
-6.508509162813425064e-03
-1.707519590854644775e-02
-6.932569085620343685e-04
3.058880195021629333e-02
3.180434578098356724e-04
1.071784528903663158e-03
-5.705854855477809906e-04
-3.546086663845926523e-04
1.249180408194661140e-03
1.126227070926688612e-04
-7.586854044348001480e-04
5.654792184941470623e-04
6.275497144088149071e-04
-5.442428588867187500e-02
-8.910107612609863281e-02
-6.872133165597915649e-02
2.915115095674991608e-02
-4.268755391240119934e-02
-1.180047839879989624e-01
-5.723010282963514328e-03
4.744941368699073792e-02
-1.084991544485092163e-01
3.376414626836776733e-02
4.368558060377836227e-03
-3.707001358270645142e-02
-3.987961448729038239e-03
-1.639156602323055267e-02
-4.410945985000580549e-04
3.860945254564285278e-02
-6.743550766259431839e-03
-2.399891149252653122e-03
1.727214269340038300e-02
4.045422747731208801e-02
-3.998798877000808716e-02
5.319141596555709839e-02
-7.908917963504791260e-02
-3.113853931427001953e-02
-3.056790679693222046e-03
-5.269639939069747925e-02
-9.765212982892990112e-02
-4.668524488806724548e-02
1.919288304634392262e-03
1.469096727669239044e-02
-1.760516315698623657e-02
-1.065812632441520691e-02
-9.548674337565898895e-03
-1.121402438730001450e-02
1.698116213083267212e-02
1.963943429291248322e-02
-1.097178980708122253e-01
-2.844581380486488342e-02
1.618437319993972778e-01
-1.701326817274093628e-01
-1.249975860118865967e-01
1.027205064892768860e-01
-1.046778038144111633e-01
-1.016729474067687988e-01
5.428998544812202454e-02
2.726160362362861633e-02
-5.709469784051179886e-03
-4.068789258599281311e-02
5.415490269660949707e-02
1.471090782433748245e-02
-2.262149006128311157e-02
2.212302573025226593e-02
-6.935781799256801605e-03
-3.561925515532493591e-02
-1.603054553270339966e-01
-1.365402936935424805e-01
8.044020086526870728e-02
-4.161926358938217163e-02
-7.259025424718856812e-02
6.215427443385124207e-02
1.422162652015686035e-01
-5.064585246145725250e-03
-1.204892713576555252e-02
-2.976785413920879364e-02
-1.588202640414237976e-02
-2.617247961461544037e-02
-1.646107807755470276e-02
-4.593046382069587708e-02
-1.964842667803168297e-04
-4.827003926038742065e-02
-5.268929153680801392e-02
5.461737513542175293e-03
-1.896394564937509131e-06
-2.322566388102131896e-06
-7.747448762529529631e-06
1.860453266999684274e-05
-1.307631464442238212e-06
-1.085037001757882535e-05
2.030234099947847426e-05
4.685005023929988965e-06
-7.552679107902804390e-06
2.362650819122791290e-02
-4.052655398845672607e-02
-5.990952998399734497e-02
2.553068287670612335e-02
-1.093977224081754684e-02
-2.009182237088680267e-02
2.688500843942165375e-02
-2.186088077723979950e-02
-1.003476325422525406e-02
-3.302538022398948669e-02
-1.894708722829818726e-02
1.150804292410612106e-02
-1.437239348888397217e-02
-2.780894190073013306e-02
-8.368050679564476013e-03
4.179606679826974869e-03
-2.436261996626853943e-02
-2.192173898220062256e-02
1.144384872168302536e-02
-6.129767373204231262e-02
-1.667218096554279327e-02
3.254044428467750549e-02
-6.249988451600074768e-02
-2.518497779965400696e-02
-4.662629216909408569e-04
-5.593143031001091003e-02
-2.471833862364292145e-02
9.227604605257511139e-03
-5.935515835881233215e-02
-1.231935620307922363e-01
7.055717706680297852e-02
-2.007781900465488434e-02
-1.273495405912399292e-01
2.919386513531208038e-02
-1.917767710983753204e-02
-1.090779900550842285e-01
-5.130921676754951477e-02
-9.962290525436401367e-03
7.272311300039291382e-02
-8.890242874622344971e-02
-3.431741520762443542e-02
7.170294225215911865e-02
-1.446332335472106934e-01
-1.194059029221534729e-01
-1.591662131249904633e-02
