-4.172540828585624695e-02
-8.427555672824382782e-03
-3.726634383201599121e-02
-2.372525166720151901e-03
4.299387335777282715e-02
1.791347190737724304e-02
-7.321482896804809570e-02
-3.706790506839752197e-02
-7.774266600608825684e-02
1.853059791028499603e-02
-1.014374941587448120e-02
9.551853872835636139e-03
-2.417323738336563110e-02
-1.470759324729442596e-02
-3.611391643062233925e-03
1.928074657917022705e-02
1.496851537376642227e-02
6.596246734261512756e-03
1.409275457262992859e-02
5.274265632033348083e-02
-6.789474748075008392e-03
-1.305525563657283783e-02
1.366415154188871384e-02
2.274123020470142365e-02
-1.290788687765598297e-02
-4.685229435563087463e-02
-4.625365883111953735e-02
-4.992102831602096558e-02
-4.831635579466819763e-02
-4.129228740930557251e-02
-1.501155551522970200e-02
-3.010004758834838867e-03
-5.148223415017127991e-02
4.057843238115310669e-02
6.971108168363571167e-02
4.111936315894126892e-02
-2.191126905381679535e-02
6.415625661611557007e-02
7.376353442668914795e-02
-3.603941947221755981e-02
-1.304557323455810547e-01
-8.494322001934051514e-02
-7.662300486117601395e-03
4.916331171989440918e-02
-8.634584373794496059e-04
3.679223358631134033e-03
3.200949728488922119e-02
1.078561134636402130e-02
1.843106001615524292e-02
3.738188743591308594e-02
2.993152290582656860e-02
-2.313576079905033112e-02
-4.226166382431983948e-02
-3.638372570276260376e-02
3.625118173658847809e-03
-1.368764694780111313e-02
1.149733085185289383e-02
2.759358100593090057e-02
-9.010621346533298492e-03
-1.259754225611686707e-02
-7.115023327060043812e-04
1.496091671288013458e-02
-1.577633060514926910e-02
1.060778181999921799e-02
3.073670901358127594e-02
1.757447980344295502e-02
4.754561930894851685e-03
2.481675241142511368e-03
4.431001376360654831e-03
-1.869403384625911713e-02
-2.921793609857559204e-02
-1.619062200188636780e-02
1.159951649606227875e-02
1.161289121955633163e-02
2.771055139601230621e-02
-4.596660658717155457e-02
-2.703508175909519196e-02
-1.968622393906116486e-02
-4.769628401845693588e-03
-8.423006162047386169e-03
-6.352516356855630875e-03
-3.277510404586791992e-02
-2.198964916169643402e-02
-1.114634796977043152e-02
-6.215111352503299713e-03
1.642174646258354187e-02
-2.912525320425629616e-03
1.699971966445446014e-02
1.032808516174554825e-02
3.191654756665229797e-02
-1.010209880769252777e-02
-1.917887479066848755e-02
-3.892526403069496155e-02
4.728985950350761414e-02
4.244051873683929443e-02
3.566652303561568260e-03
-2.435225434601306915e-02
2.483925037086009979e-02
7.010065019130706787e-03
-1.907255128026008606e-02
-4.915789701044559479e-03
1.119124703109264374e-02
-1.584662869572639465e-02
-3.552157804369926453e-02
-3.320655226707458496e-02
2.633674070239067078e-02
1.629300042986869812e-02
-2.577142091467976570e-03
-1.893586106598377228e-02
-4.848384857177734375e-02
-4.328230395913124084e-02
1.980246743187308311e-03
3.211141005158424377e-02
6.488593295216560364e-03
1.948973047547042370e-03
-1.944702118635177612e-02
3.974611684679985046e-02
-1.462696306407451630e-02
-5.563547089695930481e-02
-3.135931491851806641e-02
4.049475491046905518e-02
8.652774244546890259e-02
6.234045699238777161e-02
-3.486737608909606934e-02
-8.604149520397186279e-02
-2.119558304548263550e-02
9.658118709921836853e-03
-6.270854733884334564e-03
-4.555246327072381973e-03
1.572300121188163757e-02
2.268778905272483826e-02
9.274806827306747437e-03
-2.158331125974655151e-02
-1.691906712949275970e-02
-3.097174223512411118e-03
2.427550218999385834e-02
-2.030547475442290306e-03
-4.645971115678548813e-03
9.066289290785789490e-03
-1.372187631204724312e-03
4.836391657590866089e-03
-1.614524633623659611e-03
-8.414316922426223755e-03
7.941528223454952240e-03
-1.456818729639053345e-02
-1.942952536046504974e-02
-5.746011156588792801e-04
-1.198014989495277405e-02
1.961453072726726532e-02
-1.001448556780815125e-02
-2.210521139204502106e-02
-1.481794100254774094e-02
-2.287782728672027588e-02
4.733429290354251862e-03
4.286134615540504456e-02
2.650276990607380867e-03
-3.870848938822746277e-02
6.296807527542114258e-02
-5.981812998652458191e-02
8.666242659091949463e-02
-7.760299742221832275e-02
9.204957634210586548e-02
-4.639763012528419495e-02
-6.655769539065659046e-04
-5.489917099475860596e-02
2.439076825976371765e-02
-6.861508637666702271e-02
1.657521910965442657e-02
6.641560466960072517e-04
-4.967145621776580811e-02
2.977823279798030853e-02
-1.074218098074197769e-02
4.491755738854408264e-02
-2.566832862794399261e-02
-5.724118649959564209e-02
4.172948002815246582e-02
-2.383493073284626007e-02
-7.043913006782531738e-02
2.215445041656494141e-02
2.672505506779998541e-04
-5.244847387075424194e-02
-1.024493761360645294e-02
-4.691850394010543823e-02
2.324245311319828033e-02
-1.128081753849983215e-01
6.354062259197235107e-02
-1.198655273765325546e-02
4.634737968444824219e-02
-4.455821961164474487e-02
7.801927160471677780e-03
-5.477636586874723434e-03
2.363275038078427315e-03
9.824754670262336731e-03
9.082554839551448822e-03
5.648317164741456509e-04
-1.012675091624259949e-02
-1.990142650902271271e-02
3.371226484887301922e-04
3.264322131872177124e-02
-5.569716170430183411e-02
1.550265960395336151e-02
-1.349552534520626068e-02
-1.514167431741952896e-02
-3.051543422043323517e-02
-6.668471544981002808e-02
5.052781477570533752e-02
-8.595219999551773071e-02
1.560868136584758759e-02
2.859367430210113525e-02
-2.121492521837353706e-03
1.969155669212341309e-02
-1.406248006969690323e-02
-9.617388248443603516e-03
2.755832113325595856e-02
-3.126306086778640747e-02
1.893752813339233398e-02
-3.766724839806556702e-03
-1.872819475829601288e-02
-8.179461583495140076e-03
-2.175723016262054443e-02
5.888673011213541031e-03
1.093681436032056808e-02
2.793870226014405489e-04
2.285943366587162018e-02
1.388042513281106949e-02
2.725050412118434906e-02
2.820603363215923309e-02
-2.817589044570922852e-02
1.869186945259571075e-02
-4.400474019348621368e-03
3.747689723968505859e-02
-4.862352833151817322e-02
-8.188555017113685608e-03
2.253114245831966400e-02
-3.918202593922615051e-02
-1.041858363896608353e-02
-6.029333174228668213e-02
6.590873934328556061e-03
-4.282915964722633362e-02
1.662689633667469025e-02
5.295813828706741333e-02
-6.253439933061599731e-02
3.873717039823532104e-02
2.107300795614719391e-02
-1.583749614655971527e-02
3.375456482172012329e-02
-1.518604718148708344e-02
-4.140096530318260193e-02
-7.142741233110427856e-03
8.532123174518346786e-04
-2.775537548586726189e-03
2.694882638752460480e-02
-4.045599699020385742e-02
4.238044098019599915e-02
-4.560340568423271179e-02
-4.422279447317123413e-02
5.694498494267463684e-02
-9.557259269058704376e-03
6.569655984640121460e-02
-3.909622505307197571e-02
1.154602319002151489e-01
-2.679280005395412445e-02
2.014685049653053284e-02
1.134281978011131287e-02
-3.227290511131286621e-02
1.131406649947166443e-01
-5.357700586318969727e-02
4.133968055248260498e-02
-3.498076647520065308e-02
3.817008435726165771e-02
2.672138856723904610e-03
1.359052490442991257e-02
4.207307007163763046e-03
1.456086244434118271e-02
2.814792655408382416e-02
-2.808420173823833466e-02
6.199976429343223572e-03
-2.395652048289775848e-02
-3.061657538637518883e-03
-3.601478040218353271e-02
7.375836838036775589e-03
-3.554572165012359619e-02
8.275708183646202087e-03
1.452941261231899261e-02
-1.315650437027215958e-02
3.651172295212745667e-02
1.574209704995155334e-02
-1.204383186995983124e-02
7.469035219401121140e-03
3.304047510027885437e-03
-1.116966642439365387e-02
-5.765623599290847778e-02
-4.432515054941177368e-02
-1.916273683309555054e-02
-1.395313069224357605e-02
4.224863275885581970e-02
2.494630031287670135e-02
1.902518235146999359e-02
-6.304431706666946411e-02
2.865043655037879944e-02
-5.325378850102424622e-02
9.514229372143745422e-03
5.537903308868408203e-02
-2.104032225906848907e-02
3.842886164784431458e-02
-5.771328881382942200e-02
-1.966953650116920471e-02
-3.357585519552230835e-02
-1.187663641758263111e-03
-3.683301433920860291e-02
-2.828378044068813324e-02
5.957194603979587555e-03
-2.570498920977115631e-02
-7.049540872685611248e-04
-1.538028102368116379e-02
2.704733051359653473e-02
-7.142330519855022430e-03
-3.822523402050137520e-03
-2.000451460480690002e-02
-4.661998897790908813e-02
7.626733276993036270e-03
-5.223779007792472839e-02
-3.771267086267471313e-02
1.479171868413686752e-02
-7.820764183998107910e-02
2.723435312509536743e-02
3.388812020421028137e-02
3.416335955262184143e-02
1.451253518462181091e-02
-1.056518331170082092e-01
2.632416412234306335e-02
-1.286920458078384399e-01
-9.283079765737056732e-03
2.096332423388957977e-02
5.094024818390607834e-03
1.120722852647304535e-02
-5.802501458674669266e-03
-6.315938197076320648e-03
-1.506320293992757797e-02
-1.596456952393054962e-02
-9.218759834766387939e-03
1.060913875699043274e-02
-3.387660905718803406e-02
-3.475161734968423843e-03
-5.477705597877502441e-02
3.959242627024650574e-02
-3.897952660918235779e-02
-5.715773627161979675e-02
-5.197664722800254822e-02
-7.098938338458538055e-03
-2.416067011654376984e-02
4.579673707485198975e-02
2.845671959221363068e-02
-1.023038011044263840e-02
1.149448286741971970e-02
-2.322196401655673981e-02
-6.397807970643043518e-03
-3.181990934535861015e-03
-2.086238935589790344e-02
2.102354541420936584e-02
-3.659859299659729004e-02
5.764326197095215321e-04
7.513479329645633698e-03
1.051660999655723572e-02
5.866323783993721008e-02
-2.164369262754917145e-02
4.641431570053100586e-02
-1.539162266999483109e-02
-5.786984413862228394e-02
-6.005036085844039917e-02
-5.723568052053451538e-02
2.900776825845241547e-02
-5.529762431979179382e-02
6.312557309865951538e-02
2.575178816914558411e-02
6.277404725551605225e-03
5.837308242917060852e-02
-3.842520713806152344e-02
-2.755504846572875977e-02
-5.021159723401069641e-02
2.113358862698078156e-02
-6.871885061264038086e-02
1.073443740606307983e-01
-3.624980151653289795e-02
4.322278872132301331e-02
-1.182379666715860367e-02
-1.565186679363250732e-02
-1.450528390705585480e-02
6.648213136941194534e-03
9.968850761651992798e-03
1.524649839848279953e-02
-3.648455953225493431e-03
-9.644743055105209351e-03
2.115957438945770264e-02
-1.962088793516159058e-02
5.483234417624771595e-04
3.734002634882926941e-02
-5.049359798431396484e-02
4.933136329054832458e-02
-3.157422319054603577e-02
1.936502568423748016e-02
4.862345382571220398e-02
1.398997940123081207e-02
3.400404006242752075e-02
-2.166266925632953644e-02
7.321810722351074219e-02
-4.034915193915367126e-02
-6.338094174861907959e-02
-2.726317569613456726e-02
-7.843633741140365601e-02
6.980698555707931519e-02
-6.655283272266387939e-02
1.009292900562286377e-01
6.584264338016510010e-02
2.907221391797065735e-02
-8.813395164906978607e-03
-2.044912986457347870e-02
-1.172907277941703796e-02
-1.111238915473222733e-02
-8.199169300496578217e-03
1.747206971049308777e-02
-4.440525546669960022e-03
5.594416055828332901e-03
-8.777610957622528076e-03
-2.201579324901103973e-02
-1.243987586349248886e-02
-8.245043456554412842e-03
-7.703302893787622452e-03
2.771720848977565765e-02
-3.190423920750617981e-02
4.362971708178520203e-02
1.283030025660991669e-02
9.022086858749389648e-03
5.334191955626010895e-03
3.370359539985656738e-02
-4.075945168733596802e-02
-5.076253041625022888e-02
-1.163004897534847260e-02
-5.037605296820402145e-03
3.628483973443508148e-04
3.236820921301841736e-02
4.283122718334197998e-02
-2.634097263216972351e-02
-4.162834584712982178e-02
4.412671551108360291e-02
-2.359539084136486053e-02
-4.668115451931953430e-02
2.987274713814258575e-02
-2.786250598728656769e-02
-3.229762241244316101e-02
-7.074277382344007492e-03
-2.777202427387237549e-02
-1.209637336432933807e-02
-1.152657810598611832e-02
-7.070210296660661697e-03
-1.074106991291046143e-02
4.765237215906381607e-03
3.087867982685565948e-02
-1.765965670347213745e-02
-8.135844022035598755e-03
8.443711325526237488e-03
6.333878263831138611e-03
-4.778401181101799011e-02
-1.379963383078575134e-02
1.089074555784463882e-02
-2.598357759416103363e-02
3.553166461642831564e-04
-1.333498512394726276e-03
-4.439807310700416565e-02
-1.107124052941799164e-02
-1.841157302260398865e-02
-3.547532111406326294e-02
1.439171843230724335e-03
5.055459961295127869e-02
-2.069906145334243774e-02
1.790351420640945435e-02
1.368819177150726318e-02
6.594232749193906784e-03
-7.801871281117200851e-03
-1.579714822582900524e-03
1.423682086169719696e-02
-1.551788859069347382e-02
-1.344149187207221985e-02
1.553250849246978760e-02
3.030926454812288284e-03
-7.501370273530483246e-03
-4.559162631630897522e-02
-4.282785579562187195e-02
-5.636375397443771362e-03
-1.491273287683725357e-03
-1.748983003199100494e-02
-1.452150940895080566e-02
3.136973828077316284e-02
1.822336204349994659e-02
-1.949302293360233307e-02
3.214369062334299088e-03
-8.931178017519414425e-04
-1.622991636395454407e-02
-2.286078780889511108e-02
1.616166159510612488e-02
1.235506683588027954e-02
-2.350598201155662537e-02
2.439277060329914093e-02
1.021734066307544708e-02
2.770289778709411621e-02
1.282422523945569992e-02
-2.772204577922821045e-02
3.797447681427001953e-02
2.110843919217586517e-02
-9.203787893056869507e-03
2.576073072850704193e-02
6.987881381064653397e-03
-1.740201190114021301e-02
-1.744538778439164162e-03
-2.759768441319465637e-02
-3.908844292163848877e-02
-7.757001556456089020e-03
-3.765248134732246399e-02
-7.710734009742736816e-02
3.999223932623863220e-03
4.383197519928216934e-03
-8.404167741537094116e-02
3.376520797610282898e-02
1.114154607057571411e-02
8.810256607830524445e-03
2.724685519933700562e-02
-2.969928644597530365e-02
-1.638719998300075531e-02
1.353468094021081924e-02
-5.658613052219152451e-03
3.132209554314613342e-02
-6.410688161849975586e-02
-1.821253821253776550e-02
5.111481249332427979e-02
-4.470982775092124939e-02
-7.244801614433526993e-03
7.667754590511322021e-02
-5.631872266530990601e-02
-4.023034498095512390e-02
2.045133337378501892e-02
8.244767785072326660e-03
-2.345570363104343414e-02
-1.099715847522020340e-02
4.303805902600288391e-02
-2.452476322650909424e-02
-3.101547807455062866e-02
3.275155276060104370e-02
-3.312319889664649963e-02
-5.239271745085716248e-02
-2.534658648073673248e-02
2.611229429021477699e-03
1.537865307182073593e-02
1.002093683928251266e-02
4.724826663732528687e-02
2.542349137365818024e-02
-2.489285776391625404e-03
-1.494666002690792084e-02
6.955805700272321701e-03
-1.175029482692480087e-02
-2.695660106837749481e-02
4.337313584983348846e-03
-5.208634305745363235e-03
-2.287666546180844307e-03
2.093239501118659973e-02
-1.404919568449258804e-02
-1.016279100440442562e-03
1.456903852522373199e-02
1.707260147668421268e-03
9.092999622225761414e-03
-6.708683911710977554e-03
5.279731936752796173e-03
-2.682508714497089386e-02
-5.561611428856849670e-02
-2.782332478091120720e-03
-5.266934633255004883e-02
-5.641508474946022034e-02
1.586351916193962097e-02
3.187812492251396179e-02
1.818683557212352753e-02
4.544768948107957840e-03
-4.307787492871284485e-02
5.814783275127410889e-03
7.515490055084228516e-03
-4.444872215390205383e-02
2.582486346364021301e-02
-3.122962079942226410e-04
-7.265969365835189819e-02
-5.527437198907136917e-03
3.769713267683982849e-02
-1.011528745293617249e-01
5.564952269196510315e-02
-1.467816624790430069e-02
-8.420998603105545044e-02
5.228876322507858276e-02
-1.379470434039831161e-02
-2.486220933496952057e-02
1.272826804779469967e-03
7.057675626128911972e-03
-5.772808566689491272e-02
2.564324066042900085e-02
-1.230512093752622604e-02
-2.661392465233802795e-02
2.258875221014022827e-02
9.203976020216941833e-03
-3.672406822443008423e-02
2.331864554435014725e-03
-5.410077865235507488e-04
-1.657815650105476379e-02
9.721773676574230194e-03
3.098167246207594872e-03
1.814924553036689758e-02
1.782556995749473572e-02
1.490105874836444855e-02
-1.990080066025257111e-02
3.036534413695335388e-02
-2.654457464814186096e-02
7.255382370203733444e-03
5.066017154604196548e-03
-8.515369147062301636e-03
3.864189842715859413e-03
-1.548440009355545044e-02
-1.205674279481172562e-02
4.135919152759015560e-04
6.932105403393507004e-03
-2.294990792870521545e-02
-1.941556483507156372e-02
1.247530709952116013e-02
4.188694059848785400e-03
5.785956978797912598e-03
2.207896299660205841e-02
-8.107678592205047607e-02
-1.454357802867889404e-02
-7.311003655195236206e-02
-4.847604781389236450e-02
4.527954012155532837e-02
-5.869420245289802551e-02
-6.985485553741455078e-02
3.303571417927742004e-02
-7.646690309047698975e-02
4.765091463923454285e-02
2.301507256925106049e-02
1.439952105283737183e-02
4.159293323755264282e-02
-1.323911733925342560e-02
-8.241717703640460968e-03
3.571231663227081299e-02
-1.689379289746284485e-02
-4.153010435402393341e-03
8.372339420020580292e-03
2.348585426807403564e-02
1.311328262090682983e-02
-9.637626819312572479e-03
1.330241654068231583e-02
3.670320147648453712e-03
7.043451070785522461e-03
2.288707345724105835e-02
-1.364471111446619034e-02
-1.669254619628190994e-03
-4.967758059501647949e-02
1.129849581047892570e-03
-1.252141688019037247e-02
-4.127761349081993103e-02
6.702215224504470825e-02
-4.037660360336303711e-02
4.655220545828342438e-03
2.570077218115329742e-02
5.843598861247301102e-03
-4.809995368123054504e-02
-1.153992675244808197e-02
-4.091387614607810974e-03
-9.802323579788208008e-02
6.177067011594772339e-02
-2.158974669873714447e-02
-5.757502838969230652e-02
1.289851497858762741e-02
1.659632846713066101e-02
-4.161442629992961884e-03
-4.364642314612865448e-03
-8.762344368733465672e-04
1.473803352564573288e-02
-1.024456042796373367e-02
-8.262003771960735321e-03
5.660314578562974930e-03
-1.260314695537090302e-02
1.638734899461269379e-02
-7.503814250230789185e-02
1.561322901397943497e-02
6.686417013406753540e-02
-1.110507026314735413e-01
6.233810633420944214e-02
2.726045250892639160e-02
-1.152182295918464661e-01
5.663263425230979919e-02
1.885978691279888153e-02
1.571643538773059845e-02
-3.033838002011179924e-03
9.138139337301254272e-02
8.426643908023834229e-03
4.613964818418025970e-03
6.358296424150466919e-02
3.655901819001883268e-04
1.625714637339115143e-02
2.622142806649208069e-02
-9.223892353475093842e-03
-2.043716376647353172e-03
1.958740130066871643e-02
-1.192820258438587189e-02
1.181685924530029297e-02
-1.290409825742244720e-02
-3.691158071160316467e-02
-1.433181855827569962e-02
-1.196809671819210052e-02
-1.137242279946804047e-02
-2.161463350057601929e-02
-1.320940558798611164e-03
-5.239766091108322144e-03
-1.655285991728305817e-02
-8.061665110290050507e-03
-1.076482469215989113e-03
5.585250328294932842e-04
-1.037369947880506516e-02
-8.928058668971061707e-03
-8.706272637937217951e-05
-1.167846843600273132e-02
-1.511907391250133514e-02
-6.875409279018640518e-03
-1.872680266387760639e-03
3.256118297576904297e-02
8.336347527801990509e-03
-1.489590108394622803e-02
1.335072331130504608e-02
-5.298414826393127441e-02
-3.270841389894485474e-02
8.601216226816177368e-02
-5.017763376235961914e-02
-8.140132576227188110e-02
5.109099298715591431e-02
-2.768514910712838173e-03
-7.129106670618057251e-03
1.510005537420511246e-02
-1.305864471942186356e-02
-5.084954574704170227e-02
5.739867687225341797e-02
-1.130307791754603386e-03
-5.269073322415351868e-02
-5.443255882710218430e-03
2.129895053803920746e-02
2.332207933068275452e-02
-5.006934050470590591e-03
1.194553624372929335e-04
5.376588553190231323e-02
-2.254592441022396088e-02
-4.626496881246566772e-02
1.880164630711078644e-02
6.719729863107204437e-03
-4.378205910325050354e-02
-1.497421693056821823e-02
1.177326869219541550e-02
-7.733657956123352051e-03
-7.984325289726257324e-03
-2.840905822813510895e-02
3.470280766487121582e-02
1.345769502222537994e-02
1.385649433359503746e-03
3.136696526780724525e-03
-1.326157059520483017e-02
-8.848238736391067505e-03
-1.487496402114629745e-02
-2.610418014228343964e-03
2.270228415727615356e-02
-5.909692961722612381e-03
1.585671305656433105e-02
2.999116107821464539e-02
-4.567509167827665806e-04
-4.684183001518249512e-02
-4.804190993309020996e-02
1.820443570613861084e-02
-2.213592827320098877e-02
-1.690145768225193024e-02
1.320514548569917679e-02
-4.112531989812850952e-02
-3.121669590473175049e-02
-2.789612300693988800e-02
5.276727303862571716e-02
-5.191718228161334991e-03
-1.845671050250530243e-02
5.019018426537513733e-02
2.319259569048881531e-03
-1.780231110751628876e-02
4.483681172132492065e-02
1.765852235257625580e-02
-1.591012440621852875e-02
-2.974134311079978943e-02
-3.466752823442220688e-04
3.093564510345458984e-02
-1.664079725742340088e-02
-1.094961632043123245e-02
1.635017991065979004e-02
-2.567023411393165588e-02
5.926153622567653656e-03
3.966224193572998047e-02
2.834160253405570984e-02
-2.430428192019462585e-02
-7.653097808361053467e-02
8.840505033731460571e-02
1.273970003239810467e-03
-8.829621970653533936e-02
4.499281942844390869e-02
4.840331152081489563e-03
-5.528191104531288147e-02
-4.708484280854463577e-03
2.299099788069725037e-02
-4.126940667629241943e-02
1.689286902546882629e-02
1.576751843094825745e-02
1.532314345240592957e-02
-1.432043965905904770e-02
-2.804416604340076447e-02
1.226105261594057083e-02
6.925454828888177872e-03
-2.219355106353759766e-02
1.742560043931007385e-02
5.708566866815090179e-03
-4.070039838552474976e-02
2.267630584537982941e-02
2.330556139349937439e-02
-2.232155203819274902e-02
1.833620108664035797e-02
1.726237684488296509e-02
2.561941742897033691e-02
-3.737977147102355957e-02
2.230838639661669731e-03
6.791539490222930908e-02
-5.845815688371658325e-02
-2.863555029034614563e-02
6.030040234327316284e-02
-4.168216511607170105e-02
-2.155431918799877167e-02
1.997779123485088348e-02
2.701507508754730225e-02
-4.655029624700546265e-02
5.722405388951301575e-02
2.776757813990116119e-02
-6.557487696409225464e-02
8.167073130607604980e-03
3.208968043327331543e-02
1.321812439709901810e-02
-2.546158619225025177e-02
-3.578589856624603271e-02
7.548753637820482254e-03
-2.011311007663607597e-03
-9.014070034027099609e-03
9.593934752047061920e-03
-3.937080502510070801e-03
-1.789531856775283813e-02
-3.307235985994338989e-02
2.603187412023544312e-02
2.777793258428573608e-02
-2.982926927506923676e-02
2.205839939415454865e-02
2.559469453990459442e-02
-1.056626066565513611e-02
1.278899982571601868e-02
-5.860910750925540924e-03
5.602358654141426086e-02
2.824429236352443695e-02
1.952568814158439636e-02
1.060989499092102051e-02
-4.291293770074844360e-02
-1.726461574435234070e-02
-4.483110457658767700e-02
-6.037668325006961823e-03
1.959206722676753998e-02
4.456702247262001038e-02
-7.339835166931152344e-03
-6.413473933935165405e-02
3.484610840678215027e-02
-5.722114071249961853e-02
-4.870746284723281860e-02
-3.155102208256721497e-02
-7.168902456760406494e-02
-5.208289250731468201e-02
3.845765069127082825e-02
8.586581796407699585e-03
5.990837235003709793e-03
-1.097607053816318512e-02
-4.393235594034194946e-02
-6.286374758929014206e-03
-2.493974007666110992e-02
-1.942599425092339516e-03
1.450668275356292725e-02
-1.453372091054916382e-02
3.657997772097587585e-02
1.333004049956798553e-02
6.811457872390747070e-02
4.479818046092987061e-02
4.373055323958396912e-02
7.333575934171676636e-02
2.439276315271854401e-02
7.623738609254360199e-03
-2.063914760947227478e-02
-1.794629916548728943e-02
1.549429353326559067e-02
2.080151624977588654e-02
5.769671499729156494e-02
5.175858363509178162e-02
4.023791477084159851e-02
1.202885340899229050e-02
3.814533120021224022e-03
6.225262582302093506e-02
3.189005074091255665e-04
-2.266615442931652069e-02
6.617370527237653732e-03
-2.793409116566181183e-02
-2.307954616844654083e-02
-1.376267895102500916e-02
-1.926814392209053040e-02
-1.964156981557607651e-03
-1.691414788365364075e-02
-6.390463095158338547e-03
1.436606235802173615e-02
-3.414719179272651672e-02
-1.377280615270137787e-02
-2.756687812507152557e-02
-9.184807538986206055e-03
-1.822578161954879761e-02
-1.960429362952709198e-02
-9.638031944632530212e-03
-1.814164407551288605e-02
-1.994604617357254028e-02
-8.611164987087249756e-03
3.368824021890759468e-03
4.120523110032081604e-03
-1.289651729166507721e-02
1.452751923352479935e-02
8.542962023057043552e-04
9.051962755620479584e-03
7.759759901091456413e-04
-6.709602661430835724e-03
5.165033508092164993e-03
-1.148310396820306778e-02
-3.426352515816688538e-02
7.384941913187503815e-03
-6.175050977617502213e-03
-3.158908709883689880e-02
-7.076855283230543137e-03
-4.231815785169601440e-02
-5.589016899466514587e-02
-6.186628714203834534e-02
-6.316751241683959961e-02
-5.873997136950492859e-02
-2.281181141734123230e-02
-4.335846006870269775e-02
-1.248989440500736237e-02
8.557689189910888672e-02
3.323123604059219360e-02
-1.548886764794588089e-02
1.559383422136306763e-02
-2.458766475319862366e-02
-4.018892720341682434e-02
-3.652626648545265198e-02
-3.047781251370906830e-02
-5.637517571449279785e-02
-3.074892610311508179e-02
-1.953428238630294800e-02
3.580601513385772705e-02
-4.642308875918388367e-02
-3.749720519408583641e-03
4.023628681898117065e-02
-2.765234746038913727e-02
-1.201837975531816483e-02
3.008634783327579498e-03
-1.529495324939489365e-02
-2.460861764848232269e-02
-4.623838141560554504e-02
1.006822567433118820e-02
-3.196432441473007202e-02
2.442621812224388123e-02
-2.947990782558917999e-02
-4.674494266510009766e-04
4.683491587638854980e-02
4.378615319728851318e-02
8.428642898797988892e-02
-3.927240520715713501e-02
1.078327745199203491e-01
3.385946899652481079e-02
-4.546931013464927673e-02
-2.880007773637771606e-02
-7.489359378814697266e-02
-1.657537184655666351e-02
-2.761598303914070129e-02
-1.847530901432037354e-02
3.408871125429868698e-03
-3.955206274986267090e-02
-6.791723426431417465e-03
2.260955236852169037e-02
-2.410656539723277092e-03
3.633472323417663574e-02
-4.380979109555482864e-03
-4.393704235553741455e-02
-1.060403301380574703e-03
-1.651506498456001282e-02
1.194110233336687088e-02
1.048255804926156998e-02
-2.197330445051193237e-02
1.640751212835311890e-02
-1.322352699935436249e-02
-1.150884199887514114e-02
-4.478371515870094299e-02
-4.146090149879455566e-02
-2.605650387704372406e-02
-4.958800226449966431e-02
-5.209491029381752014e-02
-4.444794356822967529e-02
-6.877973210066556931e-03
-8.650464937090873718e-03
-1.021605078130960464e-02
-7.847604341804981232e-03
-2.214963082224130630e-03
3.352086059749126434e-03
1.840422046370804310e-03
1.631212607026100159e-02
2.356284298002719879e-02
2.505176933482289314e-03
9.356666356325149536e-03
2.694992348551750183e-03
-2.209079684689640999e-03
-1.516137178987264633e-02
5.062390118837356567e-04
-2.135915122926235199e-02
-1.171325519680976868e-02
-6.448141764849424362e-03
-5.349739268422126770e-02
-4.736064001917839050e-02
-3.173098713159561157e-02
-3.425223985686898232e-03
1.624230295419692993e-02
1.278986595571041107e-02
2.170557714998722076e-02
-1.327140373177826405e-03
-1.336473319679498672e-02
5.315825715661048889e-02
7.028861343860626221e-02
4.309372976422309875e-02
-2.100454457104206085e-02
1.342632062733173370e-02
1.028827670961618423e-02
5.338933784514665604e-03
3.509770147502422333e-03
-7.240536157041788101e-03
-2.909148856997489929e-02
-6.030732393264770508e-02
-3.628599271178245544e-02
2.885137870907783508e-02
5.119568482041358948e-02
2.681650407612323761e-02
5.802593380212783813e-02
8.683600276708602905e-02
7.770581543445587158e-02
3.103700093924999237e-02
3.769546747207641602e-02
3.728735074400901794e-02
1.103463023900985718e-02
-7.174037746153771877e-04
-1.261353492736816406e-02
1.291418541222810745e-02
1.196353137493133545e-02
-2.129777707159519196e-02
-2.087480155751109123e-03
1.178261823952198029e-02
-3.462255373597145081e-02
-7.103563100099563599e-02
-2.379229851067066193e-02
-3.711834177374839783e-02
-3.536266833543777466e-02
2.524895127862691879e-03
-2.495207078754901886e-02
-2.679085358977317810e-02
2.734022215008735657e-03
-3.340708836913108826e-02
1.066254079341888428e-02
1.836949586868286133e-02
2.099582366645336151e-02
4.958811774849891663e-02
1.089170500636100769e-01
9.063620865345001221e-02
3.892777720466256142e-03
4.971941560506820679e-02
1.211015600711107254e-02
-8.747895248234272003e-03
5.204555345699191093e-04
3.840794553980231285e-03
-2.265331149101257324e-02
-2.300996892154216766e-02
-3.803924843668937683e-02
-4.293186590075492859e-02
-3.865191712975502014e-02
-4.119201377034187317e-02
-2.156829461455345154e-02
-3.012287989258766174e-02
-2.566358260810375214e-02
-2.207248844206333160e-02
-1.563381403684616089e-02
-2.038253657519817352e-02
-1.453852513805031776e-03
-2.939053252339363098e-02
-3.827593475580215454e-02
6.330112461000680923e-03
1.979941502213478088e-02
1.567163737490773201e-03
5.334778130054473877e-02
6.557845324277877808e-02
5.530833825469017029e-02
5.015032365918159485e-02
5.438124760985374451e-02
4.410289227962493896e-02
1.157102175056934357e-02
2.520451016607694328e-05
7.051811087876558304e-03
1.523233484476804733e-02
-7.005806080996990204e-03
-1.756232790648937225e-02
-1.918557658791542053e-02
-2.123532257974147797e-02
-3.671164810657501221e-02
-1.751251518726348877e-02
6.919311359524726868e-03
1.643374003469944000e-02
-9.088306687772274017e-03
-1.696863770484924316e-02
-1.976690441370010376e-02
-1.310263946652412415e-02
1.010224688798189163e-02
-1.250758767127990723e-02
-4.423089697957038879e-02
6.362946005538105965e-04
-1.487876381725072861e-02
-1.102922111749649048e-02
1.176194194704294205e-02
-1.104813162237405777e-02
-1.282285246998071671e-02
-1.487097050994634628e-02
-2.861331403255462646e-02
3.112388029694557190e-02
-1.748293638229370117e-02
-5.523725599050521851e-02
1.570793427526950836e-02
-2.025753445923328400e-02
-3.813368082046508789e-02
3.254273533821105957e-02
2.001112885773181915e-02
1.415909850038588047e-03
1.059978362172842026e-02
-6.652799900621175766e-03
-1.318754442036151886e-02
-3.028229065239429474e-02
-2.635269984602928162e-02
-4.039391130208969116e-02
-3.529543057084083557e-02
-1.147614698857069016e-02
4.669519141316413879e-03
1.463398803025484085e-03
-4.896007478237152100e-02
-3.769942000508308411e-02
3.319044783711433411e-02
-1.305149868130683899e-02
-2.060736157000064850e-02
4.863209032919257879e-04
1.346083730459213257e-02
6.931253708899021149e-03
-3.534695133566856384e-02
-4.530882090330123901e-02
-7.164613157510757446e-02
1.702973619103431702e-02
2.712002489715814590e-03
-5.371797829866409302e-02
6.099029257893562317e-02
2.512953057885169983e-02
-2.082854136824607849e-02
-3.506889566779136658e-02
-3.242268040776252747e-02
5.263225361704826355e-02
-1.076585799455642700e-01
-9.161213040351867676e-02
-4.785086214542388916e-02
-2.282859757542610168e-02
-8.105594664812088013e-02
-7.398638129234313965e-02
-1.239831652492284775e-02
2.982877381145954132e-02
6.053681718185544014e-04
-7.363709155470132828e-03
9.411866776645183563e-03
5.269663408398628235e-02
-4.829561337828636169e-02
-3.016538918018341064e-02
-5.456089973449707031e-02
-4.063532128930091858e-02
-2.363271452486515045e-02
-1.927912980318069458e-02
1.325969211757183075e-02
9.119231253862380981e-03
-2.044974826276302338e-02
4.194678738713264465e-02
2.924720756709575653e-02
-1.089746016077697277e-03
-5.145491659641265869e-02
-2.395035699009895325e-03
-6.261124275624752045e-03
3.037256828974932432e-04
3.277065232396125793e-03
2.042092569172382355e-02
-1.826105057261884212e-03
-6.686821579933166504e-03
3.083910234272480011e-02
2.366857044398784637e-02
3.452477604150772095e-02
3.509598970413208008e-02
-3.043153323233127594e-02
9.897662326693534851e-03
6.587945669889450073e-02
-3.295041248202323914e-02
-3.313464298844337463e-02
1.274354383349418640e-02
2.219977788627147675e-02
-8.081903308629989624e-02
-4.376267641782760620e-02
6.947450339794158936e-02
-8.749495260417461395e-03
-7.184243202209472656e-02
2.275269664824008942e-02
4.908659681677818298e-02
3.630586899816989899e-03
1.477036438882350922e-02
6.659382022917270660e-03
5.847258120775222778e-02
-2.595002204179763794e-02
-7.148521393537521362e-02
-5.524869263172149658e-02
-3.264474868774414062e-02
-4.637109488248825073e-02
-5.065746605396270752e-02
7.351238280534744263e-02
3.045063465833663940e-02
6.336557120084762573e-02
5.223060026764869690e-03
2.589018782600760460e-03
3.206099197268486023e-02
-3.353204205632209778e-02
-9.986533783376216888e-03
8.583868853747844696e-03
-2.010341547429561615e-02
8.806035853922367096e-03
1.906805485486984253e-02
-2.079534158110618591e-02
2.203093655407428741e-02
7.411124557256698608e-02
-3.309910744428634644e-02
-2.020030282437801361e-02
2.667173743247985840e-02
-3.400225564837455750e-02
-4.341888055205345154e-02
-1.134654320776462555e-02
-2.609359472990036011e-02
-4.586202278733253479e-02
-3.373815491795539856e-02
2.505825832486152649e-02
1.169273257255554199e-02
-1.665195450186729431e-02
-2.559985220432281494e-02
-4.091115295886993408e-02
-8.150735497474670410e-02
1.178525481373071671e-02
5.227266810834407806e-03
-4.470632225275039673e-02
6.353778392076492310e-02
1.848552562296390533e-02
2.042991807684302330e-03
-1.550325378775596619e-02
2.251587249338626862e-02
-1.550081372261047363e-02
-5.381395667791366577e-02
1.553885079920291901e-02
2.074585109949111938e-02
-3.495630249381065369e-02
1.268219202756881714e-02
4.196255654096603394e-02
1.678386889398097992e-02
-1.242952421307563782e-02
-4.754839465022087097e-03
9.594113565981388092e-03
-2.691157162189483643e-02
1.245746575295925140e-02
-3.102301992475986481e-02
-1.338029280304908752e-02
1.960351318120956421e-02
-2.228064648807048798e-02
1.500590518116950989e-02
4.099625628441572189e-03
-5.766273662447929382e-02
-2.875877916812896729e-02
-4.259084537625312805e-02
-2.342500258237123489e-03
1.143469102680683136e-02
-1.402871590107679367e-02
1.062040682882070541e-02
-1.138199120759963989e-03
4.461215343326330185e-03
9.974914602935314178e-03
-1.152824424207210541e-02
-1.106433849781751633e-02
1.734533533453941345e-02
5.559265613555908203e-03
-3.016560804098844528e-03
-1.618691161274909973e-02
-1.469149813055992126e-02
-3.712033480405807495e-02
-3.547481819987297058e-02
4.584284499287605286e-03
-1.952248625457286835e-02
-3.052267432212829590e-02
-3.402386978268623352e-02
-3.788196295499801636e-02
-5.059142410755157471e-02
-2.611749246716499329e-02
-2.372981794178485870e-02
5.669238418340682983e-02
8.960271626710891724e-02
6.300997734069824219e-02
-1.268870313651859760e-03
1.934516988694667816e-02
2.247796393930912018e-02
-1.512432284653186798e-02
-3.797981142997741699e-02
-5.415837094187736511e-02
1.686811819672584534e-02
-3.243558481335639954e-02
4.133776761591434479e-03
3.662776201963424683e-02
5.208319425582885742e-02
2.449649572372436523e-02
4.389244690537452698e-02
6.152052059769630432e-02
3.929471597075462341e-02
-8.416923694312572479e-03
-2.686029486358165741e-02
-3.432719781994819641e-02
-6.092656031250953674e-02
-6.932628154754638672e-02
-6.565245240926742554e-02
3.144596889615058899e-02
4.077683389186859131e-02
2.045566029846668243e-02
1.329692732542753220e-02
3.250923007726669312e-02
2.177568618208169937e-03
-2.245689742267131805e-02
-1.823490485548973083e-02
-5.465643107891082764e-02
-8.476755023002624512e-02
-6.535550206899642944e-02
-5.159432440996170044e-02
1.248858682811260223e-02
1.587528176605701447e-02
-1.930804178118705750e-02
4.583315178751945496e-02
6.869852542877197266e-02
4.196446016430854797e-02
9.262982010841369629e-02
1.310718953609466553e-01
4.089049622416496277e-02
-3.591854870319366455e-02
1.221234071999788284e-02
-2.059552818536758423e-02
-7.548989355564117432e-02
-7.985948771238327026e-02
-7.454565912485122681e-02
-1.320595480501651764e-02
-1.930936356075108051e-03
-2.603704668581485748e-02
-2.888529794290661812e-03
5.070575978606939316e-03
-1.643837615847587585e-02
3.929388709366321564e-03
9.808048605918884277e-03
-2.243897761218249798e-04
-1.439341064542531967e-02
2.186135947704315186e-02
-2.995057497173547745e-03
2.449405565857887268e-02
4.071965068578720093e-02
2.641472406685352325e-02
-2.490801969543099403e-03
2.021572180092334747e-02
1.150240277638658881e-04
-1.250867638736963272e-02
7.135484367609024048e-03
2.458531409502029419e-03
-5.669283121824264526e-02
-5.399499833583831787e-02
-3.872988000512123108e-02
-6.592410150915384293e-03
3.215919435024261475e-02
3.075791709125041962e-02
1.374922879040241241e-02
2.090763673186302185e-02
-3.728821128606796265e-02
8.589776232838630676e-03
1.494020782411098480e-02
3.231634199619293213e-02
2.390823140740394592e-02
5.154202133417129517e-02
4.898834601044654846e-02
2.990539185702800751e-02
1.968531310558319092e-02
3.438461804762482643e-03
-1.745168305933475494e-02
-2.092084102332592010e-02
-3.581744851544499397e-03
-1.478500477969646454e-02
2.388277789577841759e-03
-1.180948223918676376e-02
-7.644744962453842163e-02
-6.674255430698394775e-02
-3.374898806214332581e-02
-4.060877859592437744e-02
-6.865181773900985718e-02
-3.450174629688262939e-02
8.480811119079589844e-02
7.228837907314300537e-02
7.557307183742523193e-02
-1.329612173140048981e-02
-4.795150086283683777e-02
-2.741707116365432739e-02
6.853354629129171371e-03
3.515387419611215591e-03
1.709967292845249176e-02
-7.107483223080635071e-03
-3.156969323754310608e-02
-2.617143839597702026e-02
1.791662164032459259e-02
1.868613995611667633e-03
-2.791636437177658081e-02
2.434349618852138519e-02
-2.144501172006130219e-02
-6.111425533890724182e-02
-3.601427376270294189e-02
6.922857370227575302e-03
3.908007591962814331e-02
6.608378887176513672e-02
4.412144050002098083e-02
-4.805830121040344238e-02
-1.140663772821426392e-02
-3.609852632507681847e-03
-8.523375727236270905e-03
-5.568594485521316528e-02
-6.726145744323730469e-02
5.147373676300048828e-02
3.129708115011453629e-03
3.288119798526167870e-03
-3.749414905905723572e-02
-3.632241114974021912e-02
-5.969176441431045532e-02
6.028292700648307800e-02
-7.322805374860763550e-02
-6.853065639734268188e-02
2.022169344127178192e-02
1.125421188771724701e-02
1.819039136171340942e-02
-6.964065879583358765e-02
5.591583624482154846e-02
-1.822124980390071869e-02
-1.067448630928993225e-01
8.595431596040725708e-02
2.866007573902606964e-02
-5.425550416111946106e-02
-2.750427229329943657e-03
-7.299634162336587906e-03
3.788269683718681335e-02
-5.156000610440969467e-03
1.141126453876495361e-02
8.403923362493515015e-02
3.826569020748138428e-02
5.022963974624872208e-03
-5.548057332634925842e-02
3.037377446889877319e-02
-8.214822039008140564e-03
-2.408561855554580688e-02
-3.456047177314758301e-02
-4.161889664828777313e-03
4.275646433234214783e-02
-7.084409147500991821e-02
-1.132679451256990433e-02
6.603366136550903320e-02
-3.407629579305648804e-02
-4.049177840352058411e-02
2.174172177910804749e-02
-1.156111154705286026e-02
-1.896559633314609528e-02
-2.656050585210323334e-02
6.057088612578809261e-04
1.925742626190185547e-02
-2.753590978682041168e-02
-6.578147411346435547e-03
8.425612002611160278e-03
1.886608637869358063e-02
-8.688218891620635986e-03
-1.238491758704185486e-02
1.030575577169656754e-02
2.178623527288436890e-02
5.393419414758682251e-03
2.050918340682983398e-02
6.350592244416475296e-03
1.417633984237909317e-02
6.768474355340003967e-03
-1.540158968418836594e-02
1.368011231534183025e-03
1.344395708292722702e-02
3.368017077445983887e-02
1.814535260200500488e-02
-2.478381432592868805e-02
-5.998764187097549438e-02
-9.245532006025314331e-02
-7.227177172899246216e-02
-2.166192233562469482e-02
-3.199787577614188194e-03
1.811321079730987549e-02
-6.030944059602916241e-04
6.707853823900222778e-02
1.097852736711502075e-01
2.660271478816866875e-03
-3.233624622225761414e-02
-4.044425114989280701e-02
-3.230087831616401672e-02
-7.441000640392303467e-02
-5.149853229522705078e-02
-1.551115605980157852e-02
-8.924457244575023651e-03
2.591950073838233948e-02
-1.346617657691240311e-02
6.600771564990282059e-03
4.516752809286117554e-02
-2.725722827017307281e-02
-6.741843535564839840e-04
1.885383948683738708e-02
-1.436917576938867569e-02
-1.788834668695926666e-02
-1.381995156407356262e-02
3.172520548105239868e-02
2.001266926527023315e-02
-3.143995627760887146e-02
4.072939231991767883e-02
5.728239938616752625e-02
3.501028195023536682e-02
3.911603987216949463e-02
3.412625193595886230e-02
7.545973360538482666e-02
2.470744401216506958e-02
3.603158518671989441e-02
6.854913663119077682e-03
2.561045996844768524e-02
6.645280122756958008e-02
-3.713908791542053223e-02
-6.847175210714340210e-02
-8.211853355169296265e-02
1.502538751810789108e-02
-1.265043020248413086e-02
-7.479710970073938370e-03
-9.432832710444927216e-03
-1.737708412110805511e-02
2.528839686419814825e-04
7.109133526682853699e-03
-2.214760519564151764e-03
-2.839591586962342262e-03
2.609708532691001892e-02
3.748225793242454529e-02
7.061592768877744675e-03
-3.982766531407833099e-03
1.746518420986831188e-03
-4.639036022126674652e-03
-1.781263574957847595e-02
-1.181837450712919235e-02
-3.824403509497642517e-02
-3.036746568977832794e-02
-2.241020323708653450e-03
-4.363493993878364563e-03
-1.083442568778991699e-02
3.422609716653823853e-02
3.002504818141460419e-02
3.896589204668998718e-02
-5.310491845011711121e-02
-6.508333981037139893e-02
-5.988886207342147827e-02
-5.565076321363449097e-02
-3.805413097143173218e-02
-1.486649829894304276e-02
-7.484923303127288818e-02
-6.545302271842956543e-02
-6.370987743139266968e-02
-3.546841442584991455e-02
-3.840621188282966614e-02
-2.236655727028846741e-02
-2.895138598978519440e-02
-3.076742030680179596e-02
3.742439905181527138e-03
5.535479262471199036e-02
3.561502322554588318e-02
5.017820000648498535e-02
-2.842972241342067719e-02
5.470837000757455826e-03
1.884978637099266052e-02
-3.893158584833145142e-02
-3.113135881721973419e-02
-4.231146350502967834e-02
1.810265704989433289e-02
2.735184878110885620e-02
4.979879036545753479e-02
2.882427722215652466e-02
1.617051288485527039e-02
6.167293712496757507e-02
3.667328879237174988e-02
2.109039761126041412e-02
1.848371513187885284e-02
2.069901488721370697e-02
-5.087089259177446365e-03
-1.633821986615657806e-02
2.116091735661029816e-02
1.410417817533016205e-02
1.125505100935697556e-02
-8.173265494406223297e-03
4.551098868250846863e-02
2.057544514536857605e-02
8.705441839993000031e-03
5.293469876050949097e-02
2.235740795731544495e-02
-5.528825893998146057e-02
-1.211099326610565186e-03
-4.563769698143005371e-02
-1.300456002354621887e-02
-9.925656020641326904e-03
-1.300782151520252228e-02
-3.302019787952303886e-03
2.283460926264524460e-03
1.859130687080323696e-03
2.445685863494873047e-02
1.090171281248331070e-02
5.569992959499359131e-02
-1.798690669238567352e-02
4.198616743087768555e-02
-2.509159408509731293e-02
-1.043616607785224915e-02
6.834093481302261353e-02
5.873586982488632202e-03
-3.143621981143951416e-02
3.837555274367332458e-02
-3.185829520225524902e-02
1.565225049853324890e-02
-3.941986244171857834e-03
4.795011598616838455e-03
-6.052446085959672928e-03
-4.988622968085110188e-04
1.891321875154972076e-02
1.815028116106987000e-02
-9.023372083902359009e-03
8.074414916336536407e-03
2.285767160356044769e-02
-4.761574789881706238e-02
-5.938000604510307312e-02
-3.437304496765136719e-02
-9.261885285377502441e-02
-9.119562059640884399e-02
2.340180613100528717e-02
-5.056612193584442139e-02
-7.814554870128631592e-02
-2.530585415661334991e-02
-4.162702336907386780e-02
-4.762914776802062988e-02
-5.180799216032028198e-02
-3.486629948019981384e-02
-2.612526714801788330e-02
-2.545675821602344513e-02
-2.378281764686107635e-02
-3.094719350337982178e-02
1.082663889974355698e-02
-1.707142591476440430e-02
-1.363059692084789276e-02
-2.221035584807395935e-02
-5.342301726341247559e-02
-5.372507870197296143e-02
-2.418787404894828796e-02
-5.845174938440322876e-02
-4.422863572835922241e-02
1.247977185994386673e-02
-4.347885027527809143e-02
2.664691768586635590e-02
3.817610815167427063e-02
-3.708717226982116699e-02
3.699128329753875732e-02
3.474879637360572815e-02
-4.825881123542785645e-02
-6.330855190753936768e-03
-6.706003844738006592e-02
-4.850968345999717712e-02
-2.306498028337955475e-02
-5.745884031057357788e-02
-9.929739683866500854e-02
-9.423578530550003052e-02
-5.851188674569129944e-02
-5.157586559653282166e-02
-3.150864318013191223e-02
2.087847888469696045e-02
3.741399943828582764e-02
4.304852045606821775e-04
1.120365876704454422e-02
1.934802532196044922e-02
-1.481549721211194992e-02
6.446709739975631237e-04
1.301369722932577133e-02
-1.825430244207382202e-02
9.112610481679439545e-03
2.496429532766342163e-02
2.038377150893211365e-02
7.449757307767868042e-02
8.208798617124557495e-02
6.782391667366027832e-02
-8.077220059931278229e-03
2.565481700003147125e-02
3.145622462034225464e-02
5.037245340645313263e-03
-1.817681081593036652e-02
-2.915274538099765778e-02
-1.079946011304855347e-02
-2.433174476027488708e-02
3.590530948713421822e-03
1.697096601128578186e-02
-3.213480580598115921e-03
-1.910079084336757660e-02
-2.612818591296672821e-02
-6.467884778976440430e-02
5.548278614878654480e-02
7.531279325485229492e-02
-4.383897781372070312e-02
1.133397594094276428e-02
-1.991289481520652771e-02
2.121204510331153870e-02
-1.177596580237150192e-02
3.973416239023208618e-02
-6.321254372596740723e-02
-3.867822140455245972e-02
1.100086700171232224e-02
6.441183388233184814e-02
-5.877226963639259338e-02
-8.776612579822540283e-02
-6.270542275160551071e-03
6.282600108534097672e-03
-4.652604088187217712e-02
2.954828366637229919e-02
6.574202328920364380e-02
-4.819977562874555588e-03
-2.211273834109306335e-02
4.671039804816246033e-02
1.717619970440864563e-02
-4.721414670348167419e-02
-3.571435436606407166e-02
7.752286642789840698e-02
2.478164061903953552e-02
-1.059983521699905396e-01
-7.231530547142028809e-02
4.174634814262390137e-02
2.400523237884044647e-02
-1.339526660740375519e-02
-1.016814485192298889e-01
3.703905642032623291e-02
1.704488322138786316e-02
-1.212100591510534286e-02
1.234981417655944824e-02
2.500620437785983086e-03
-5.423986352980136871e-03
-2.183135785162448883e-02
-7.423611823469400406e-03
8.752435445785522461e-03
2.248567063361406326e-03
-6.519936025142669678e-02
3.430717810988426208e-02
-7.388958334922790527e-02
-7.300581783056259155e-02
1.099999435245990753e-02
2.764761447906494141e-02
-1.158478576689958572e-02
-2.429805882275104523e-02
-2.400997094810009003e-02
-2.110414952039718628e-02
5.635565146803855896e-03
1.336176972836256027e-02
-9.523166343569755554e-03
-6.284543778747320175e-03
-8.921684930101037025e-04
8.345227688550949097e-03
-1.752379164099693298e-02
1.614779816009104252e-03
2.290439978241920471e-02
7.906765677034854889e-03
2.015084400773048401e-02
1.561710960231721401e-03
-6.282379035837948322e-04
1.889361999928951263e-02
5.745101254433393478e-03
-1.087449863553047180e-02
-3.266993910074234009e-03
-2.231044322252273560e-02
3.206656081601977348e-03
5.774427205324172974e-02
-5.709734279662370682e-03
-5.830953270196914673e-02
-2.286642044782638550e-02
2.048263885080814362e-02
1.229892298579216003e-02
-3.315654024481773376e-02
3.053832799196243286e-03
-6.939289625734090805e-03
-2.939780056476593018e-02
-2.536875661462545395e-03
-2.635972388088703156e-02
7.596409879624843597e-03
2.223985455930233002e-02
-1.204272639006376266e-02
-2.953011728823184967e-02
2.368703857064247131e-02
1.715650036931037903e-02
-2.192651480436325073e-02
2.202559961006045341e-03
-1.317969756200909615e-03
6.009959150105714798e-03
-2.163437195122241974e-02
-2.183411084115505219e-02
2.647914178669452667e-02
-4.790938645601272583e-02
-2.877090685069561005e-02
6.968530267477035522e-02
6.988757848739624023e-02
-3.494728729128837585e-02
-4.052131250500679016e-02
1.094573363661766052e-02
5.946813896298408508e-02
-1.388222351670265198e-02
-1.546960603445768356e-02
-7.825086265802383423e-02
6.558403372764587402e-02
8.850137889385223389e-02
-4.612975753843784332e-03
-8.336576819419860840e-02
-2.676357887685298920e-02
8.526045083999633789e-02
-8.046511560678482056e-03
-3.380066156387329102e-02
-3.085743822157382965e-02
-8.066541515290737152e-03
6.458125542849302292e-03
8.016963489353656769e-03
1.995594613254070282e-02
1.094769220799207687e-02
3.336097300052642822e-02
3.593615815043449402e-02
-2.577453292906284332e-02
-4.483056068420410156e-02
-3.173341602087020874e-02
-2.960314974188804626e-02
-2.903299592435359955e-02
-3.535031154751777649e-02
2.778318710625171661e-03
3.093446430284529924e-04
-1.556927687488496304e-03
-5.020566284656524658e-03
-6.415303051471710205e-02
-5.866702646017074585e-02
-4.860578477382659912e-02
-2.849683165550231934e-02
-6.316202878952026367e-02
8.559313602745532990e-03
-1.456464361399412155e-02
-7.908960431814193726e-02
6.891246419399976730e-03
-1.029224693775177002e-02
2.481317147612571716e-02
-2.383883111178874969e-02
3.853732347488403320e-02
-5.323274526745080948e-03
-1.778547465801239014e-02
-3.407421335577964783e-02
2.016954310238361359e-02
-1.417599804699420929e-02
1.540806051343679428e-02
-3.218083828687667847e-02
-2.212599851191043854e-02
-5.634671077132225037e-02
3.258495405316352844e-02
3.053424693644046783e-02
5.208175256848335266e-02
-4.160596057772636414e-02
2.422126382589340210e-02
-5.988590419292449951e-03
2.721867896616458893e-02
7.846924476325511932e-03
3.073136694729328156e-02
-6.577752996236085892e-03
4.984993021935224533e-03
-2.273230813443660736e-02
1.533288136124610901e-02
-1.010379418730735779e-01
7.773601263761520386e-02
-4.468007758259773254e-02
4.955860599875450134e-02
-1.745480746030807495e-01
6.516030407510697842e-05
-1.320824325084686279e-01
9.354261308908462524e-02
-3.524060547351837158e-02
-1.263634022325277328e-02
-1.749015040695667267e-02
4.106625914573669434e-03
7.131079677492380142e-03
1.026410795748233795e-02
1.298513635993003845e-02
-5.442855414003133774e-03
-2.994916029274463654e-02
-1.460226252675056458e-02
-6.017720326781272888e-03
-3.848865453619509935e-04
2.703462168574333191e-02
1.442819088697433472e-02
-1.073143724352121353e-02
5.624525714665651321e-03
-2.313512004911899567e-02
-2.928817644715309143e-02
1.060221716761589050e-02
8.326809853315353394e-03
1.792753860354423523e-02
1.361962058581411839e-03
1.099097775295376778e-03
-1.914158696308732033e-03
-7.951291278004646301e-03
-2.730920910835266113e-02
-1.343387179076671600e-02
1.304109860211610794e-02
-3.279440104961395264e-02
-4.441943892743438482e-04
4.615688696503639221e-02
1.859066076576709747e-02
-7.240043487399816513e-03
-3.103964845649898052e-04
-5.875770933926105499e-03
6.034233141690492630e-03
-1.487474888563156128e-03
-3.022590465843677521e-02
1.242106687277555466e-02
3.162186965346336365e-02
3.454292565584182739e-02
5.450639873743057251e-02
-4.225018247961997986e-02
-8.538245409727096558e-02
-5.930643156170845032e-02
1.189708709716796875e-02
-6.302424520254135132e-02
-3.583208844065666199e-02
4.160834476351737976e-03
6.286314874887466431e-02
3.309966251254081726e-02
-2.373908832669258118e-02
-1.049013063311576843e-01
-2.367095835506916046e-02
7.229391485452651978e-03
-1.693468540906906128e-02
-5.855559557676315308e-02
-2.398587204515933990e-02
-4.763773642480373383e-03
-3.659509122371673584e-02
-2.224342525005340576e-02
1.266481122002005577e-03
-8.219418115913867950e-03
-6.526244338601827621e-03
1.715199649333953857e-02
-3.320090845227241516e-02
1.387731079012155533e-02
-6.950560957193374634e-03
4.741455987095832825e-02
-1.742236502468585968e-02
1.509048789739608765e-02
-4.945572093129158020e-02
1.915624365210533142e-02
8.128715306520462036e-02
-3.711081296205520630e-02
-1.783989183604717255e-02
-1.429602056741714478e-01
1.002446115016937256e-01
2.708154730498790741e-02
8.375345170497894287e-02
-8.811905235052108765e-02
-3.346365690231323242e-02
-1.919167861342430115e-02
-2.121870405972003937e-02
2.980415942147374153e-03
2.566442638635635376e-02
2.677922882139682770e-02
1.279189158231019974e-02
2.497287467122077942e-03
-3.768972819671034813e-03
3.552830964326858521e-02
-7.872037589550018311e-03
-1.027802657335996628e-02
-1.240866072475910187e-02
-7.038570009171962738e-03
2.495298907160758972e-02
3.067883662879467010e-03
1.391758676618337631e-02
-1.060616504400968552e-02
-1.296392735093832016e-02
-3.779660537838935852e-02
1.750895939767360687e-02
-5.595983192324638367e-02
-1.306715887039899826e-02
-4.295668622944504023e-04
-5.353872478008270264e-02
-2.334496751427650452e-02
4.649684205651283264e-02
6.297822692431509495e-04
1.984027028083801270e-02
3.401014208793640137e-02
1.206060685217380524e-02
3.714230656623840332e-02
-1.952915079891681671e-02
1.975916512310504913e-02
-1.037290319800376892e-03
-7.217074744403362274e-03
8.396777324378490448e-03
-2.907251007854938507e-02
-1.370406150817871094e-02
-2.526165917515754700e-02
-3.679243309306912124e-05
1.207936368882656097e-02
-4.323636647313833237e-03
5.494810175150632858e-03
1.807682402431964874e-02
2.008762769401073456e-02
3.866830095648765564e-02
7.070320099592208862e-02
5.496088787913322449e-02
2.933697588741779327e-02
-2.606938593089580536e-03
-1.135640268330462277e-04
-5.834271758794784546e-02
-6.142467260360717773e-02
-6.566122919321060181e-02
-6.555767357349395752e-02
-7.735364139080047607e-02
1.011746563017368317e-02
9.521064348518848419e-03
1.239467486739158630e-01
1.862681284546852112e-02
-1.076861191540956497e-02
-1.151082143187522888e-01
-6.903864443302154541e-02
1.193272508680820465e-02
-2.289405092597007751e-02
-2.435895428061485291e-02
-2.358844690024852753e-02
-6.470181979238986969e-04
1.085150707513093948e-02
-5.590548389591276646e-04
3.097665682435035706e-02
3.329534456133842468e-02
-2.194979786872863770e-02
-7.291032467037439346e-03
4.423997888807207346e-04
-8.130918256938457489e-03
3.344442229717969894e-03
-2.521090582013130188e-02
-3.397433552891016006e-03
5.392555147409439087e-03
1.926575042307376862e-02
-3.282568976283073425e-02
7.129121804609894753e-04
3.118294058367609978e-03
1.042965240776538849e-02
3.835894539952278137e-02
2.124703489243984222e-02
-6.801904644817113876e-03
-2.376256510615348816e-03
-1.184167526662349701e-02
-4.305467754602432251e-02
-4.216479510068893433e-02
-3.494255989789962769e-02
-4.227693658322095871e-03
2.036824822425842285e-02
4.285322502255439758e-02
4.530600830912590027e-02
2.085413038730621338e-02
-8.236773312091827393e-03
-1.016173139214515686e-02
-1.712692901492118835e-02
-3.252461552619934082e-02
1.963144727051258087e-02
1.347065996378660202e-02
4.627723619341850281e-02
1.336500979959964752e-02
2.611133642494678497e-02
7.447212468832731247e-03
5.574959889054298401e-02
2.237416431307792664e-02
-4.618811234831809998e-02
-5.260323733091354370e-02
-5.133963003754615784e-02
-1.668388582766056061e-02
5.147004965692758560e-03
4.554938897490501404e-02
-6.445847917348146439e-03
-1.454489585012197495e-02
5.698969122022390366e-03
2.052995935082435608e-02
2.027130313217639923e-02
4.973115399479866028e-02
1.707728765904903412e-02
-2.344021201133728027e-02
-2.452038787305355072e-02
-3.536925464868545532e-02
-7.940758951008319855e-03
-1.792335696518421173e-02
1.266659516841173172e-02
4.132382571697235107e-03
5.425684154033660889e-03
3.267573565244674683e-02
-4.451821092516183853e-03
-2.850242890417575836e-03
-4.741679411381483078e-03
3.428241983056068420e-02
9.491393715143203735e-02
3.846483537927269936e-03
-3.308830549940466881e-03
-7.853450626134872437e-02
-7.886535674333572388e-02
1.400395558448508382e-04
2.925056405365467072e-02
6.669498980045318604e-02
3.404119750484824181e-03
-3.424677252769470215e-02
-1.575843617320060730e-02
-2.047705277800559998e-02
-3.930291905999183655e-02
4.346341360360383987e-03
3.420598432421684265e-02
4.070214182138442993e-02
5.822081491351127625e-02
-7.205875590443611145e-03
3.009639121592044830e-02
1.538617443293333054e-02
-7.155376952141523361e-03
-5.017337854951620102e-03
-3.045388497412204742e-02
-3.490458056330680847e-02
-3.080612793564796448e-02
-2.480329480022192001e-03
-4.642202332615852356e-02
-2.043062448501586914e-02
-4.154575616121292114e-02
-4.964428488165140152e-03
4.178972169756889343e-02
-1.251006219536066055e-02
2.863984368741512299e-02
-2.171057509258389473e-03
-4.573527351021766663e-02
-4.502930864691734314e-02
1.020086091011762619e-02
-1.267591025680303574e-02
-7.025468628853559494e-03
5.918502807617187500e-02
-1.410257164388895035e-02
2.708360366523265839e-02
-2.529670251533389091e-03
-3.971843793988227844e-02
2.170027047395706177e-02
5.457114055752754211e-02
4.156709648668766022e-03
4.787839204072952271e-02
1.626017317175865173e-02
-8.097882382571697235e-03
1.592951081693172455e-02
-5.308145657181739807e-02
-4.395611956715583801e-02
-3.506546840071678162e-02
5.726930219680070877e-03
2.436385303735733032e-02
-2.393919229507446289e-02
3.356812521815299988e-02
1.753455959260463715e-02
2.424745634198188782e-02
5.685022473335266113e-02
2.278428897261619568e-02
4.257143661379814148e-02
5.583980120718479156e-03
-4.252833500504493713e-02
1.530880853533744812e-02
-1.975058577954769135e-02
1.070659793913364410e-02
-2.415208332240581512e-02
9.570033289492130280e-03
6.916929036378860474e-02
1.357315853238105774e-02
5.648703873157501221e-02
1.728240959346294403e-02
3.535739704966545105e-02
2.309014089405536652e-02
-3.665405884385108948e-02
2.190875634551048279e-02
-3.015399165451526642e-02
-2.831968106329441071e-02
-2.730293944478034973e-02
-2.458447776734828949e-02
2.589346840977668762e-03
-2.932557463645935059e-02
-2.764126658439636230e-02
3.109384514391422272e-02
-1.485925912857055664e-02
-2.338322438299655914e-02
4.272162914276123047e-03
-1.866653375327587128e-02
2.189642051234841347e-03
2.039937674999237061e-02
-7.810858078300952911e-03
1.375027094036340714e-02
1.596439257264137268e-02
-7.130486425012350082e-03
1.385462470352649689e-02
4.251250065863132477e-03
3.526417538523674011e-02
-2.718651853501796722e-02
8.417783305048942566e-03
-1.086730137467384338e-02
-4.926524311304092407e-02
3.292844863608479500e-03
-1.435538870282471180e-03
1.736242906190454960e-03
1.713177561759948730e-02
3.998973220586776733e-02
6.955721229314804077e-02
1.600396074354648590e-02
8.310240507125854492e-02
4.945475235581398010e-02
-6.961167603731155396e-02
-4.621078260242938995e-03
-7.870276272296905518e-02
-1.148479804396629333e-01
-4.401220008730888367e-02
1.981461979448795319e-02
1.522327307611703873e-03
3.277311846613883972e-02
6.875565648078918457e-02
-2.413698658347129822e-02
2.679112553596496582e-02
-3.494199737906455994e-02
-3.886744752526283264e-02
1.119286846369504929e-02
-1.114975567907094955e-02
-9.364892728626728058e-03
1.524072699248790741e-02
-5.569260567426681519e-03
4.109479021281003952e-03
-9.725172072649002075e-03
-1.861659437417984009e-02
-6.164126563817262650e-03
-2.126700989902019501e-02
1.349673978984355927e-02
1.767090149223804474e-02
-1.375898160040378571e-02
2.974094450473785400e-02
-3.406822681427001953e-02
3.272499144077301025e-02
-7.850454188883304596e-03
-2.608718164265155792e-02
-7.864153385162353516e-02
-3.287086635828018188e-02
7.049437612295150757e-03
-1.451185252517461777e-02
6.990706920623779297e-02
5.652388557791709900e-02
3.544274345040321350e-02
3.743751719594001770e-02
-4.733156412839889526e-02
-7.637225091457366943e-02
2.440723776817321777e-02
1.847129873931407928e-02
1.075455825775861740e-02
4.021268337965011597e-02
7.064493838697671890e-03
-7.616784423589706421e-03
-4.330471530556678772e-02
-2.475607581436634064e-02
3.978804126381874084e-02
-9.196891449391841888e-03
-1.997057721018791199e-02
2.353829098865389824e-03
-1.471867784857749939e-02
-1.337046641856431961e-02
-2.542655169963836670e-02
-1.219882722944021225e-02
3.508375084493309259e-04
