-5.240999534726142883e-02
-4.954203590750694275e-02
-1.307970564812421799e-02
6.205984577536582947e-02
-3.690492734313011169e-02
8.785282820463180542e-02
-2.035370096564292908e-02
9.381090104579925537e-02
3.627277538180351257e-02
3.011942841112613678e-02
-7.697393000125885010e-02
-1.126676332205533981e-02
-2.701795659959316254e-02
-1.355365104973316193e-02
7.935373485088348389e-02
-6.312692910432815552e-02
1.628912985324859619e-02
1.855681836605072021e-02
-6.392947398126125336e-03
-2.606543246656656265e-03
-1.350097358226776123e-02
-5.579066649079322815e-02
4.482745006680488586e-02
6.497359368950128555e-03
-9.685158729553222656e-03
-6.932317465543746948e-02
-1.607724651694297791e-02
-1.492412411607801914e-03
-6.727986782789230347e-02
-1.073090732097625732e-01
-1.072229538112878799e-02
-4.012781009078025818e-02
-2.378166094422340393e-02
7.398276776075363159e-02
5.597466975450515747e-02
-5.645046383142471313e-02
-1.035105157643556595e-02
-1.799926161766052246e-02
2.481196634471416473e-02
1.218726858496665955e-02
-2.370756305754184723e-02
-2.774310298264026642e-03
1.049033030867576599e-01
5.173156037926673889e-02
-1.480249688029289246e-02
-3.156480938196182251e-02
1.485339552164077759e-02
5.965066608041524887e-03
4.754337295889854431e-02
4.138815775513648987e-02
1.068595126271247864e-01
-5.311789736151695251e-02
-6.526412069797515869e-02
-4.180937260389328003e-02
5.070321261882781982e-03
2.161502015951555222e-05
-5.114980041980743408e-02
-2.319058217108249664e-02
-4.487969726324081421e-02
-1.798235997557640076e-02
2.276729978621006012e-02
-3.431470319628715515e-02
-6.394260376691818237e-02
-1.070949155837297440e-02
5.200957413762807846e-03
-4.583216086030006409e-02
3.293597698211669922e-02
4.508307203650474548e-02
2.824079804122447968e-02
2.163087949156761169e-02
-1.046537794172763824e-02
3.163390234112739563e-02
-4.100512340664863586e-02
2.131224051117897034e-02
-1.473074499517679214e-02
-3.076127730309963226e-03
-7.703951094299554825e-03
1.794210076332092285e-02
5.973263643682003021e-03
-5.203795060515403748e-02
-1.194779388606548309e-02
-1.892798393964767456e-02
-4.339385405182838440e-02
2.768779522739350796e-04
2.848184667527675629e-02
-5.228518694639205933e-02
-1.411216100677847862e-03
-2.340730652213096619e-02
-2.426067180931568146e-02
-1.115102022886276245e-01
2.033574506640434265e-02
-2.506778575479984283e-02
-6.671740859746932983e-02
1.129132974892854691e-02
5.616125185042619705e-03
2.924267016351222992e-02
2.265051566064357758e-02
-9.488677233457565308e-02
-6.867866218090057373e-02
-6.818657740950584412e-03
-3.200296685099601746e-02
7.186203449964523315e-02
1.005184184759855270e-02
-5.012684501707553864e-03
-1.080032810568809509e-01
6.494997441768646240e-02
-2.120402269065380096e-02
-3.526845946907997131e-02
2.074615843594074249e-02
2.146839909255504608e-02
5.360827967524528503e-02
-4.325505346059799194e-03
-9.315104223787784576e-03
-2.082139998674392700e-02
6.893416494131088257e-02
-3.338284417986869812e-02
-3.238656371831893921e-02
-3.445963189005851746e-02
-3.571708872914314270e-02
-5.894396454095840454e-02
-1.710008247755467892e-03
-7.400717586278915405e-02
-2.583049051463603973e-02
3.658598661422729492e-02
3.059240244328975677e-02
1.037641428411006927e-02
-1.843922026455402374e-02
9.350167587399482727e-03
-8.255752176046371460e-02
3.653763234615325928e-02
3.523798659443855286e-02
-4.258987680077552795e-02
-5.433173477649688721e-02
3.059806488454341888e-02
-3.839137498289346695e-04
4.082880541682243347e-02
5.368604883551597595e-02
3.217092528939247131e-02
-4.689750447869300842e-02
1.944887265563011169e-02
4.143562167882919312e-02
-4.556421190500259399e-02
-3.168191015720367432e-02
-2.526342868804931641e-02
4.867311194539070129e-02
-1.888008601963520050e-02
-3.625323250889778137e-02
-7.146001607179641724e-02
1.255153585225343704e-02
6.641852855682373047e-02
5.759715288877487183e-02
-2.057856507599353790e-02
-5.293504521250724792e-02
1.740667223930358887e-02
-7.669012248516082764e-02
2.589262463152408600e-02
6.428743898868560791e-02
-9.650745987892150879e-02
-8.154819160699844360e-02
8.892349898815155029e-02
8.788861334323883057e-03
-8.856070041656494141e-02
-4.708228260278701782e-02
2.448800764977931976e-02
-7.412277162075042725e-02
3.535217046737670898e-02
1.080300752073526382e-02
3.377382457256317139e-02
1.447124872356653214e-02
-1.483210944570600986e-03
-7.393488287925720215e-02
-2.789373695850372314e-02
1.267206296324729919e-02
-8.416912704706192017e-02
-3.237138967961072922e-03
-9.482563473284244537e-03
-2.610276825726032257e-02
1.107037160545587540e-02
-4.773127660155296326e-02
-2.110876888036727905e-02
1.418425701558589935e-03
3.464569151401519775e-02
1.206419896334409714e-02
9.973405301570892334e-02
-6.099753081798553467e-02
1.115656197071075439e-01
4.475101828575134277e-02
-3.083053976297378540e-02
-3.739939257502555847e-02
-1.620527729392051697e-02
-1.087781190872192383e-01
2.105650305747985840e-02
-2.121998928487300873e-02
-4.106707870960235596e-02
-1.653839461505413055e-02
-2.718288823962211609e-02
-3.680847957730293274e-02
-2.705723233520984650e-02
-9.378720074892044067e-03
-2.186481468379497528e-02
2.024566568434238434e-02
-2.918969094753265381e-02
3.786171972751617432e-02
-7.391882594674825668e-03
4.033706337213516235e-02
-8.334175497293472290e-02
-9.158400818705558777e-03
4.445688799023628235e-02
-8.500726521015167236e-02
-3.266322612762451172e-02
-4.264457896351814270e-02
-1.014769673347473145e-01
4.630123451352119446e-02
-7.213467359542846680e-02
3.940203413367271423e-02
-2.863842993974685669e-02
-6.524243205785751343e-02
4.154396429657936096e-02
-2.372937276959419250e-02
-1.736966520547866821e-02
-8.045761846005916595e-03
1.119222864508628845e-02
-8.247052319347858429e-03
-1.411416567862033844e-02
-2.877499163150787354e-02
-8.585585653781890869e-02
4.539365693926811218e-02
-7.602414488792419434e-02
-3.840648382902145386e-02
-1.989664882421493530e-02
1.942604314535856247e-03
2.060610987246036530e-02
2.015830203890800476e-02
2.987923333421349525e-03
-1.323876436799764633e-02
-2.808755822479724884e-02
6.797955837100744247e-03
2.277498692274093628e-02
1.001837663352489471e-02
1.429091393947601318e-01
3.153335675597190857e-02
4.129695892333984375e-02
2.560140751302242279e-02
1.690817624330520630e-02
-3.787236288189888000e-02
1.522288937121629715e-02
1.386708468198776245e-01
-2.458780631422996521e-02
7.626671344041824341e-02
-7.204268127679824829e-02
-1.191572635434567928e-03
-4.689465463161468506e-02
-4.322158172726631165e-02
-3.401407971978187561e-02
-4.643448069691658020e-02
-7.939201593399047852e-02
4.126676172018051147e-02
-3.496719896793365479e-02
-7.094935327768325806e-02
1.195297613739967346e-01
-1.734710484743118286e-02
3.129089996218681335e-02
2.375361975282430649e-03
-5.050700902938842773e-02
-5.190193653106689453e-02
-7.008625566959381104e-02
-3.240935131907463074e-02
-1.247622352093458176e-02
-5.560683831572532654e-02
-5.136599019169807434e-02
-6.069970130920410156e-02
8.756010234355926514e-02
1.258997917175292969e-01
1.058616787195205688e-01
-2.363087376579642296e-03
-1.118590775877237320e-02
-5.081459879875183105e-02
5.012479424476623535e-02
3.562436031643301249e-04
3.345529735088348389e-02
-2.340841852128505707e-02
2.048645634204149246e-03
4.300763085484504700e-02
-5.849297717213630676e-02
1.190724037587642670e-02
-4.139706864953041077e-02
-3.082954138517379761e-02
-4.364607110619544983e-02
4.321564454585313797e-03
-5.962136387825012207e-02
-1.658453606069087982e-03
-2.393903210759162903e-02
1.673500798642635345e-02
-1.653014123439788818e-02
-4.775534570217132568e-02
-9.122738242149353027e-02
-5.140652880072593689e-03
-1.665709912776947021e-02
2.354305982589721680e-02
1.165188266895711422e-03
1.733756251633167267e-02
-6.509355269372463226e-03
5.814414005726575851e-03
1.350236833095550537e-01
-3.752379864454269409e-02
-2.105293795466423035e-02
-7.368017733097076416e-02
-1.357489638030529022e-02
3.995754197239875793e-02
-2.130996622145175934e-02
-9.263166040182113647e-02
-5.927883833646774292e-02
9.353582747280597687e-03
-2.698503993451595306e-02
-9.464844129979610443e-03
1.604033559560775757e-01
8.140646852552890778e-03
-1.990488730370998383e-03
3.291710745543241501e-04
-1.899316348135471344e-02
-2.063832804560661316e-02
-2.888756431639194489e-02
9.639529511332511902e-03
6.585568189620971680e-02
-4.111906886100769043e-02
1.532695535570383072e-02
-2.663176320493221283e-02
4.047926515340805054e-02
5.642799194902181625e-03
-2.689345926046371460e-02
-7.838481105864048004e-03
2.996761468239128590e-04
-8.234024047851562500e-02
1.129587460309267044e-02
3.362321481108665466e-02
2.952010836452245712e-03
-2.638040855526924133e-02
-1.065078005194664001e-02
-4.152470827102661133e-02
2.253995649516582489e-02
3.207591548562049866e-02
6.126472726464271545e-02
9.231767058372497559e-02
-8.094926178455352783e-02
-1.508242078125476837e-02
-8.298821002244949341e-02
-3.488888591527938843e-02
-3.884520614519715309e-03
2.118440903723239899e-02
-3.922530636191368103e-02
-3.054459206759929657e-02
-7.471594214439392090e-02
-4.508097842335700989e-02
1.943712495267391205e-02
-3.322597965598106384e-02
-1.124566979706287384e-02
-2.024302957579493523e-03
-4.393961717141792178e-06
-1.729376055300235748e-02
2.859956026077270508e-02
-7.552952039986848831e-03
1.480864884797483683e-04
6.572964042425155640e-02
-1.499381195753812790e-02
-4.699742048978805542e-02
2.797062136232852936e-02
-3.099893592298030853e-02
5.754643585532903671e-03
-4.094796627759933472e-02
-1.767710596323013306e-02
-6.531797349452972412e-02
-2.790137194097042084e-02
4.266603291034698486e-02
7.113802246749401093e-03
1.194962416775524616e-03
-5.935886129736900330e-02
-8.895203471183776855e-02
1.435972284525632858e-02
5.006796866655349731e-02
-4.425593465566635132e-02
-4.268439859151840210e-02
-4.728985205292701721e-02
8.174906671047210693e-02
-7.827942818403244019e-02
-7.713773753494024277e-03
9.209684282541275024e-02
3.243715688586235046e-02
9.112983942031860352e-02
-6.751851737499237061e-02
-2.695175260305404663e-02
8.680301718413829803e-03
1.918894425034523010e-02
-1.014599427580833435e-01
-3.024511225521564484e-02
1.140269264578819275e-02
6.353083532303571701e-03
-2.206292748451232910e-02
1.067743077874183655e-02
-5.894463136792182922e-02
3.455014154314994812e-02
-3.393409401178359985e-02
-1.963652670383453369e-02
-4.923614487051963806e-02
-4.090967401862144470e-02
5.559252202510833740e-02
-2.967144735157489777e-02
5.918547511100769043e-02
-7.524124532938003540e-02
-1.406018435955047607e-02
1.031098421663045883e-03
-3.621333464980125427e-02
-1.146762259304523468e-02
-2.525372616946697235e-02
-9.748189477249979973e-04
5.896016210317611694e-02
2.385733276605606079e-02
-5.446424707770347595e-03
-6.386195868253707886e-02
-6.697175651788711548e-02
-1.706778630614280701e-02
-3.089850209653377533e-02
1.696004346013069153e-02
6.257164292037487030e-03
-3.330581355839967728e-03
2.874892391264438629e-02
-6.770958751440048218e-02
-3.222147375345230103e-02
4.655167832970619202e-02
3.677146509289741516e-03
3.777312487363815308e-02
5.189433321356773376e-02
4.297102987766265869e-02
5.750994756817817688e-02
1.084050163626670837e-02
2.638138644397258759e-02
5.004562810063362122e-02
-6.905788183212280273e-02
2.840246818959712982e-02
-5.357394739985466003e-02
-4.977385699748992920e-02
-2.712500840425491333e-02
-1.717036217451095581e-02
2.470409497618675232e-02
-4.740795120596885681e-02
1.829874888062477112e-02
-3.066862188279628754e-02
2.255654707551002502e-02
2.247961238026618958e-02
7.765766233205795288e-02
3.508951142430305481e-02
-7.289178669452667236e-02
4.360219836235046387e-02
-1.320287492126226425e-02
1.682605966925621033e-02
-2.941771037876605988e-02
-4.853953793644905090e-02
1.005520150065422058e-01
2.346791513264179230e-02
-6.136238202452659607e-02
-1.045148819684982300e-01
-9.512485004961490631e-03
3.437615931034088135e-03
-1.180559210479259491e-02
1.910525560379028320e-02
2.483111247420310974e-02
6.753589212894439697e-02
7.038991898298263550e-02
-2.646442316472530365e-02
-2.397474832832813263e-02
-5.002944264560937881e-03
7.527605164796113968e-03
9.569204598665237427e-02
5.867853760719299316e-02
2.813786268234252930e-03
1.153604835271835327e-01
3.761169686913490295e-02
2.507439628243446350e-02
-1.470670197159051895e-02
-2.098062820732593536e-02
1.173654422163963318e-01
-3.551771491765975952e-02
3.878412395715713501e-02
3.822268545627593994e-02
7.319789379835128784e-03
1.470281276851892471e-02
1.056633610278367996e-02
4.402118921279907227e-02
-1.790623366832733154e-02
3.184374794363975525e-02
7.732567191123962402e-02
-1.251557935029268265e-02
5.770683288574218750e-02
-5.542133748531341553e-02
-1.051809266209602356e-01
-3.830087184906005859e-02
-3.393202275037765503e-02
1.191011443734169006e-02
2.306939335539937019e-03
-5.275422334671020508e-02
-9.945580735802650452e-03
4.204892739653587341e-02
-3.047612495720386505e-02
6.663721054792404175e-03
2.404102357104420662e-03
2.665194682776927948e-02
-2.325733006000518799e-02
1.534852758049964905e-02
4.423088207840919495e-02
-1.935032755136489868e-02
-5.252905562520027161e-02
-6.067463383078575134e-02
-2.023292763624340296e-04
-4.320337623357772827e-02
-6.392855662852525711e-03
-9.619335085153579712e-02
4.269750416278839111e-02
1.412542909383773804e-02
-6.076557934284210205e-02
1.115612313151359558e-02
-2.936855331063270569e-02
-1.041684150695800781e-01
-8.134786039590835571e-02
-7.923180609941482544e-02
1.300660148262977600e-02
9.012476354837417603e-02
2.369254827499389648e-02
4.426062852144241333e-02
-3.708872944116592407e-02
5.786036700010299683e-02
2.640555240213871002e-02
7.530127186328172684e-03
-7.866299897432327271e-02
-4.302053246647119522e-03
-2.746788226068019867e-02
5.181169882416725159e-02
1.001110533252358437e-03
-8.241441845893859863e-02
7.019715849310159683e-03
-4.987539723515510559e-02
-1.715098880231380463e-02
1.278395503759384155e-01
5.970706045627593994e-02
3.615186735987663269e-02
5.470756907016038895e-03
-4.361930768936872482e-04
1.479141321033239365e-02
6.683701276779174805e-02
-4.502704367041587830e-02
-3.064097370952367783e-03
-2.464353851974010468e-02
3.559661284089088440e-02
1.910983584821224213e-02
-4.538926482200622559e-02
3.327220305800437927e-02
1.254344433546066284e-01
2.397375181317329407e-02
-4.823418334126472473e-02
-5.079824849963188171e-02
-9.746057912707328796e-03
2.952774241566658020e-02
-8.498611301183700562e-02
9.680123999714851379e-03
9.444279596209526062e-03
9.176523424685001373e-03
-4.031718149781227112e-02
-1.657781936228275299e-02
-6.197759136557579041e-02
4.328952357172966003e-02
1.891247928142547607e-02
2.216658182442188263e-02
-2.892174012959003448e-02
1.280746143311262131e-02
3.420561179518699646e-02
2.011776156723499298e-02
2.069550938904285431e-02
-4.436597600579261780e-02
4.512947797775268555e-02
-5.303752422332763672e-02
-4.980207234621047974e-02
3.887284919619560242e-02
-7.065933942794799805e-02
-1.125287450850009918e-02
-7.716254889965057373e-02
4.895715788006782532e-02
-6.254687160253524780e-02
3.433501347899436951e-02
7.216996699571609497e-02
9.050007164478302002e-02
-7.003680616617202759e-02
6.356110097840428352e-04
6.273598875850439072e-03
3.078057058155536652e-02
-9.080260060727596283e-03
5.773978307843208313e-03
-2.325789444148540497e-02
-5.413099750876426697e-02
4.783172532916069031e-02
3.625089302659034729e-02
1.198615878820419312e-02
4.608096554875373840e-03
5.309569649398326874e-03
1.605830714106559753e-02
6.190532073378562927e-02
2.617851831018924713e-02
-3.742004930973052979e-02
7.349091582000255585e-03
-2.706546336412429810e-02
-1.345949526876211166e-02
8.005812019109725952e-02
-1.152077224105596542e-02
-3.738782554864883423e-02
-4.722841829061508179e-02
-2.142079360783100128e-02
-7.164679933339357376e-03
3.191394498571753502e-03
6.594265997409820557e-02
2.385848946869373322e-02
-6.507151573896408081e-02
-5.058873444795608521e-02
2.604588866233825684e-02
4.682119190692901611e-02
4.654750600457191467e-02
5.575180798768997192e-02
-3.005805611610412598e-02
-7.237029820680618286e-02
-1.034077070653438568e-02
1.254564803093671799e-02
3.461629524827003479e-02
-4.634778201580047607e-02
-3.772425651550292969e-02
-8.798704482614994049e-03
1.178532615303993225e-01
5.046511068940162659e-02
2.856485545635223389e-02
9.751122444868087769e-03
1.760919578373432159e-02
9.106165729463100433e-03
5.436347797513008118e-02
6.859099864959716797e-02
4.716021195054054260e-02
-1.974578015506267548e-02
-1.940102875232696533e-02
2.851761505007743835e-02
-2.331339195370674133e-02
7.547325640916824341e-02
-4.379604011774063110e-02
2.087877690792083740e-02
-2.754927612841129303e-02
2.803312614560127258e-02
1.755676418542861938e-02
-1.336017847061157227e-01
1.860615238547325134e-02
3.262018412351608276e-02
8.773989975452423096e-02
-2.530221827328205109e-02
5.587464664131402969e-03
4.086656123399734497e-02
-1.569816283881664276e-02
2.453068271279335022e-03
-6.522151082754135132e-02
-1.963417977094650269e-03
-2.321188151836395264e-02
-1.102385595440864563e-01
2.533226646482944489e-02
4.707689583301544189e-02
-2.590821823105216026e-04
-3.512582182884216309e-02
-3.494700789451599121e-02
4.363299906253814697e-02
-3.835253790020942688e-02
-6.624005269259214401e-03
-1.352319028228521347e-02
-3.099720180034637451e-02
-4.422761034220457077e-03
-2.262650243937969208e-02
-5.372496321797370911e-02
1.608400046825408936e-02
6.024351343512535095e-02
1.609449088573455811e-02
-2.685291506350040436e-02
-1.966292597353458405e-02
8.925390429794788361e-04
6.643065810203552246e-02
-2.531422534957528114e-03
4.340265877544879913e-03
3.554436936974525452e-02
4.343809187412261963e-02
-3.244524821639060974e-02
3.831139579415321350e-02
-3.189380839467048645e-02
-2.586625702679157257e-02
2.827550098299980164e-02
-1.306138187646865845e-01
-1.453179493546485901e-02
1.334035098552703857e-01
-8.314326405525207520e-02
2.791873551905155182e-02
-5.026263743638992310e-02
-1.463281642645597458e-02
1.360119581222534180e-01
-5.500295199453830719e-03
1.770693063735961914e-02
3.941623494029045105e-02
-2.665604464709758759e-02
4.028442490380257368e-04
1.768261566758155823e-02
6.837504915893077850e-03
5.606492608785629272e-02
1.744935289025306702e-03
-6.776728481054306030e-02
-8.315802551805973053e-03
-6.249607726931571960e-02
-3.894910961389541626e-02
2.445268817245960236e-02
4.042848944664001465e-02
-1.447262614965438843e-02
5.873585585504770279e-03
1.663224212825298309e-02
-4.694033414125442505e-02
3.449142351746559143e-02
-4.978857189416885376e-02
-7.653852552175521851e-02
2.598749659955501556e-02
1.666610687971115112e-02
-1.401537004858255386e-02
-3.659407794475555420e-02
-4.653757903724908829e-03
-2.243776619434356689e-02
7.181823253631591797e-03
4.322916734963655472e-03
1.230223663151264191e-02
-3.934760764241218567e-02
-2.095668949186801910e-02
-2.310996875166893005e-02
-9.844475425779819489e-03
3.190761804580688477e-02
-7.410919666290283203e-02
3.921638429164886475e-02
-5.696495249867439270e-02
-3.524822741746902466e-02
4.155815113335847855e-03
-6.906099151819944382e-03
1.922263391315937042e-02
-4.118747636675834656e-02
-1.503005344420671463e-02
-5.058339983224868774e-02
5.862642824649810791e-02
2.514894306659698486e-02
2.113780193030834198e-02
-3.879249095916748047e-02
4.467524960637092590e-02
-1.235116422176361084e-01
-5.309305712580680847e-02
-3.179335594177246094e-02
6.403191387653350830e-02
-5.876568611711263657e-04
-4.578634724020957947e-02
-7.253019511699676514e-02
2.383546531200408936e-02
-2.189321070909500122e-02
-4.024666920304298401e-02
1.042970344424247742e-01
-2.075736410915851593e-02
1.224268004298210144e-01
-3.951138630509376526e-02
-6.911969184875488281e-02
5.457227304577827454e-02
3.861064091324806213e-02
4.330313578248023987e-02
7.226580381393432617e-02
-3.411621227860450745e-02
-5.532415211200714111e-02
6.129212304949760437e-02
-1.622593961656093597e-02
-4.756349697709083557e-02
2.601033076643943787e-02
-2.997943758964538574e-02
2.262308448553085327e-02
-5.318120121955871582e-02
1.535069569945335388e-02
9.990596771240234375e-02
-1.061583217233419418e-02
-1.662447489798069000e-02
7.490652054548263550e-02
-2.561045065522193909e-02
-4.717310424894094467e-03
-2.323519671335816383e-03
-8.738023042678833008e-02
2.317141927778720856e-02
-2.910089865326881409e-02
6.938279420137405396e-02
-6.170368567109107971e-02
4.121663421392440796e-02
8.391147106885910034e-02
-1.844440586864948273e-02
-1.922005228698253632e-02
6.232004240155220032e-02
1.805276423692703247e-02
1.626699417829513550e-02
2.409446053206920624e-02
-1.744229346513748169e-02
5.547472834587097168e-02
4.659723024815320969e-03
2.139938622713088989e-02
-4.353709518909454346e-02
-1.160280331969261169e-01
6.405009422451257706e-03
-7.168148877099156380e-04
-3.120718337595462799e-02
4.321791976690292358e-02
3.921272233128547668e-02
1.075731664896011353e-01
-5.238566920161247253e-02
1.640663854777812958e-02
-4.664891213178634644e-02
-5.752776935696601868e-02
-3.297004848718643188e-02
-2.574043534696102142e-02
-1.675572805106639862e-02
1.188584566116333008e-01
-5.373505875468254089e-02
-5.867211893200874329e-02
2.405402250587940216e-02
-2.640274725854396820e-02
-1.583311147987842560e-02
-2.428026683628559113e-02
-2.989415824413299561e-02
-2.535611763596534729e-02
-3.412376716732978821e-02
7.395411841571331024e-03
7.553535979241132736e-03
1.326695233583450317e-01
-2.274882607161998749e-02
3.209835663437843323e-02
-6.687222514301538467e-03
-1.785756833851337433e-02
-4.689414426684379578e-02
6.746198982000350952e-02
-7.276371121406555176e-02
4.337634518742561340e-02
-2.727590966969728470e-03
-3.057439066469669342e-02
-1.137451156973838806e-01
-1.872149296104907990e-02
5.742323771119117737e-02
-5.185196548700332642e-02
-7.265152037143707275e-02
2.113033086061477661e-02
3.273912891745567322e-02
1.508769765496253967e-02
4.373975098133087158e-02
2.017202600836753845e-02
6.170461699366569519e-02
3.491867706179618835e-02
-5.047228187322616577e-03
1.195527240633964539e-01
1.895219273865222931e-02
-5.028073862195014954e-02
2.050346508622169495e-02
-2.748070470988750458e-02
5.814437195658683777e-02
-4.097824171185493469e-02
-1.411661971360445023e-02
-1.023930869996547699e-02
-2.364331483840942383e-02
4.375793505460023880e-03
5.524419993162155151e-02
-2.538511529564857483e-02
4.105550423264503479e-02
-4.497912526130676270e-02
-6.331019103527069092e-02
1.668952964246273041e-02
4.009452462196350098e-02
-3.462224826216697693e-02
2.829126268625259399e-02
8.289547637104988098e-03
-5.342177301645278931e-02
-4.446475952863693237e-02
2.518677338957786560e-02
-7.415957003831863403e-02
1.013271883130073547e-02
4.974031075835227966e-02
-1.025014463812112808e-02
2.096988260746002197e-02
5.934733897447586060e-02
4.373899102210998535e-02
4.225626587867736816e-02
9.185145609080791473e-03
-2.154820971190929413e-02
-4.738102853298187256e-02
3.469976782798767090e-02
-3.223569691181182861e-02
1.176043078303337097e-01
-7.435136288404464722e-02
-3.015992231667041779e-02
6.838899105787277222e-02
3.545124828815460205e-02
1.775377057492733002e-02
-2.816830389201641083e-02
-7.604277692735195160e-03
-2.305278554558753967e-02
-2.343270927667617798e-02
2.206037170253694057e-04
-8.718979358673095703e-02
-4.274431616067886353e-02
2.771307528018951416e-02
9.685021825134754181e-03
-8.946081623435020447e-03
1.559023000299930573e-02
-6.326874345541000366e-02
-1.632518833503127098e-03
3.653571009635925293e-02
6.903658062219619751e-02
-2.713835239410400391e-02
-2.976475097239017487e-02
-3.224192187190055847e-02
-1.194455474615097046e-02
-4.341445863246917725e-02
-7.526970934122800827e-03
-4.900420084595680237e-02
3.119294345378875732e-02
-1.156358630396425724e-03
-6.522606313228607178e-02
5.284445732831954956e-02
-8.536813780665397644e-03
1.968014612793922424e-02
6.438257545232772827e-02
3.016056679189205170e-02
-2.331086061894893646e-02
3.246788168326020241e-03
1.842775382101535797e-02
-3.843013569712638855e-02
-9.591774642467498779e-02
-7.362499600276350975e-04
-1.483442820608615875e-02
2.369799837470054626e-02
4.343216307461261749e-03
-3.416116908192634583e-02
4.746833071112632751e-02
6.035290285944938660e-02
3.883472084999084473e-02
-2.074261894449591637e-03
6.613668799400329590e-02
-8.665301650762557983e-02
5.577744171023368835e-02
-2.424184605479240417e-02
-4.131291806697845459e-02
-4.691015928983688354e-03
-1.381954103708267212e-01
-3.472285717725753784e-02
6.758659332990646362e-02
-1.272570434957742691e-02
-6.057795509696006775e-02
8.179768919944763184e-03
-1.020326092839241028e-01
-8.250375092029571533e-02
-1.115075126290321350e-02
-1.972303912043571472e-02
-8.474427461624145508e-02
-2.524946630001068115e-02
-4.506536945700645447e-02
1.044404283165931702e-01
3.453985601663589478e-02
-1.038601342588663101e-02
9.342341683804988861e-03
-8.256828878074884415e-04
-6.830594688653945923e-02
1.116627920418977737e-02
-4.236332699656486511e-02
-2.395060472190380096e-02
6.989282369613647461e-02
-4.974919185042381287e-02
5.801292508840560913e-02
-5.951040657237172127e-04
-9.309566230513155460e-04
4.727030545473098755e-02
2.190182171761989594e-02
-2.983211539685726166e-02
-1.674119010567665100e-02
-1.998483389616012573e-02
-5.333129689097404480e-02
2.859784848988056183e-02
2.656279690563678741e-02
-6.432310491800308228e-02
-1.201302558183670044e-02
-5.866957828402519226e-03
1.244959048926830292e-02
-2.027355507016181946e-02
-8.160277269780635834e-03
1.193254068493843079e-01
6.124743819236755371e-02
5.964738875627517700e-02
-2.020482905209064484e-03
-4.752237722277641296e-02
-9.548477083444595337e-02
-1.394455581903457642e-01
2.814422175288200378e-02
1.526964735239744186e-02
2.576983720064163208e-02
5.863395985215902328e-03
-2.795947901904582977e-02
2.951640821993350983e-02
-5.815178900957107544e-02
2.852712385356426239e-02
-4.317978024482727051e-02
-8.282769471406936646e-02
5.311477184295654297e-02
-1.405079364776611328e-01
3.589811921119689941e-02
7.790988683700561523e-02
2.482267096638679504e-02
6.217703223228454590e-02
1.194575875997543335e-01
2.242084126919507980e-03
5.548554658889770508e-02
-1.270722132176160812e-02
-8.771019428968429565e-02
2.013160381466150284e-03
9.647269546985626221e-02
2.944253385066986084e-02
8.655586279928684235e-03
-3.982874378561973572e-02
-3.510237112641334534e-02
3.960702940821647644e-02
-3.501689806580543518e-02
1.005343496799468994e-01
-9.814483113586902618e-03
1.471196580678224564e-02
-1.590338069945573807e-03
4.910475388169288635e-02
2.492069732397794724e-03
-3.143370151519775391e-02
5.270607769489288330e-03
-3.065437451004981995e-02
2.771816775202751160e-02
9.993676096200942993e-02
-2.915516495704650879e-02
-1.122700497508049011e-01
-3.131218254566192627e-02
6.588381528854370117e-02
4.086165130138397217e-02
-3.412975370883941650e-02
-5.189240723848342896e-02
5.461726710200309753e-02
-3.456282988190650940e-02
2.310269884765148163e-02
2.497496642172336578e-02
-4.560385271906852722e-02
4.114236310124397278e-02
-5.931395664811134338e-02
-3.167652757838368416e-03
1.536136493086814880e-02
2.456434071063995361e-02
1.877423562109470367e-02
-8.648770302534103394e-02
-3.707668930292129517e-02
9.395543485879898071e-02
1.459440961480140686e-02
1.879128254950046539e-02
-7.252700626850128174e-02
-3.109259158372879028e-02
1.600756309926509857e-02
-3.437502775341272354e-03
-9.469432756304740906e-03
9.003217518329620361e-02
-3.068687953054904938e-02
1.047188043594360352e-02
3.852697089314460754e-02
1.467303279787302017e-02
2.173733664676547050e-03
1.437765359878540039e-02
-5.612387880682945251e-02
4.973999410867691040e-02
2.693182090297341347e-03
-4.105728864669799805e-02
-9.665672481060028076e-02
-1.151136830449104309e-01
9.403093904256820679e-02
3.524379059672355652e-02
-3.009399399161338806e-02
1.562075689435005188e-02
3.016832284629344940e-02
-3.594644367694854736e-03
3.956577926874160767e-02
2.232491411268711090e-02
5.501522682607173920e-03
-1.793005876243114471e-02
-9.281898289918899536e-02
8.463837206363677979e-03
-5.382870137691497803e-02
6.453482806682586670e-02
5.285371467471122742e-02
-3.005763888359069824e-02
-1.088036745786666870e-01
1.099196076393127441e-02
-2.653057686984539032e-02
-7.135339081287384033e-03
7.283484190702438354e-02
1.251004934310913086e-01
8.012203127145767212e-02
-7.724393159151077271e-02
-4.390463978052139282e-02
-9.057489037513732910e-02
-6.008691713213920593e-02
1.544546894729137421e-02
-1.010914798825979233e-02
-1.354730688035488129e-02
2.145328931510448456e-02
-8.092876523733139038e-02
2.784805558621883392e-02
2.008636109530925751e-02
-8.537228405475616455e-02
-3.489305451512336731e-02
-2.417922206223011017e-02
-4.343359265476465225e-03
-1.608224026858806610e-02
-8.345385082066059113e-03
1.073131635785102844e-01
3.637431655079126358e-03
7.183261960744857788e-02
-3.985129296779632568e-02
-5.571241304278373718e-02
-1.252085622400045395e-02
-7.868549227714538574e-02
-8.739636838436126709e-02
4.633520916104316711e-02
4.173734039068222046e-02
-4.116125404834747314e-02
7.065608352422714233e-02
7.080756872892379761e-02
-4.359897971153259277e-02
-1.100585460662841797e-01
8.404748514294624329e-03
4.301997646689414978e-02
-3.045102581381797791e-02
-6.641215831041336060e-02
9.761940687894821167e-02
3.081426769495010376e-02
7.785248756408691406e-02
9.039145708084106445e-02
-4.540841281414031982e-02
-4.193535447120666504e-02
4.300248343497514725e-03
-2.757740952074527740e-02
-2.877744287252426147e-02
-9.184417873620986938e-02
5.842817202210426331e-02
4.372002184391021729e-02
5.575178563594818115e-02
-4.076846316456794739e-02
-3.220669180154800415e-02
1.853797212243080139e-02
-5.697210133075714111e-02
-8.745589107275009155e-02
-8.729255199432373047e-02
1.232362352311611176e-02
1.521758362650871277e-02
1.682261354289948940e-03
-1.823490113019943237e-02
-6.116922944784164429e-02
-9.530885517597198486e-02
6.318660080432891846e-02
-4.755938053131103516e-02
-9.270950406789779663e-02
3.538776189088821411e-02
-5.732370913028717041e-02
4.504347965121269226e-02
-6.752265989780426025e-02
7.974781841039657593e-02
-8.334196358919143677e-02
-6.556123495101928711e-02
-1.581078171730041504e-01
2.419706061482429504e-02
-7.366371899843215942e-02
2.968291752040386200e-03
9.520975500345230103e-02
-9.070130437612533569e-02
-2.338442206382751465e-02
-1.331535913050174713e-02
-2.692022360861301422e-02
-4.493954405188560486e-02
-6.103575229644775391e-02
4.197736084461212158e-02
-1.028479076921939850e-02
1.239168364554643631e-02
1.085376460105180740e-02
-1.680949516594409943e-02
-7.972326129674911499e-03
5.273208487778902054e-03
-1.425048056989908218e-02
4.478291049599647522e-02
-5.228236783295869827e-03
-6.360469013452529907e-02
2.785416133701801300e-02
-3.714171797037124634e-02
-3.536555171012878418e-02
8.804114907979965210e-02
-4.485882818698883057e-02
2.712372504174709320e-02
-3.172880411148071289e-02
-3.427850827574729919e-02
-1.283135358244180679e-02
2.395300939679145813e-02
4.182992875576019287e-02
1.419810019433498383e-02
-1.862121559679508209e-02
-1.404040493071079254e-03
2.112656459212303162e-02
-7.879499346017837524e-03
-3.483882173895835876e-02
-3.143442422151565552e-02
-4.077988211065530777e-03
5.490222945809364319e-03
-1.440465264022350311e-02
-3.953453525900840759e-02
5.278335418552160263e-03
-4.576916992664337158e-02
-6.980028748512268066e-02
3.900733590126037598e-02
4.019414260983467102e-02
-1.770327985286712646e-02
2.494572475552558899e-02
-4.961699992418289185e-02
-8.767723105847835541e-03
-1.801971346139907837e-02
9.521099738776683807e-03
1.968947006389498711e-03
4.826947115361690521e-03
-1.996135339140892029e-02
-6.252418737858533859e-03
-2.000721544027328491e-02
6.401268392801284790e-02
5.662591382861137390e-02
2.654619142413139343e-02
-8.253180980682373047e-02
6.841679662466049194e-02
-1.411589421331882477e-02
-6.273600272834300995e-03
-1.626229262910783291e-03
-1.083673723042011261e-02
2.523152530193328857e-02
-2.417620085179805756e-02
6.556910276412963867e-02
-1.199172157794237137e-02
-7.966885715723037720e-02
-3.507711738348007202e-02
2.202862314879894257e-02
-1.065032482147216797e-01
2.034567482769489288e-02
6.772960722446441650e-02
-2.332486771047115326e-02
9.770343080163002014e-03
2.722918055951595306e-02
6.217384338378906250e-02
-1.002219039946794510e-02
-4.263732582330703735e-02
-3.891063388437032700e-03
1.281937118619680405e-02
9.480558335781097412e-03
-9.672486223280429840e-03
2.796994894742965698e-02
2.876417152583599091e-02
2.105566114187240601e-02
-1.864224672317504883e-02
7.151596248149871826e-02
1.151862926781177521e-02
-3.405017405748367310e-02
-3.833850205410271883e-04
-7.369822263717651367e-02
5.092574283480644226e-02
-1.056914702057838440e-01
-1.042362651787698269e-03
1.730713760480284691e-03
2.001904509961605072e-02
3.051220253109931946e-02
-1.472474541515111923e-02
3.124908544123172760e-02
5.097012966871261597e-02
5.821291357278823853e-02
-2.378631941974163055e-02
-8.542087674140930176e-02
-3.728142380714416504e-02
2.032905118539929390e-03
2.086787857115268707e-02
8.168449252843856812e-02
3.357797488570213318e-02
-1.685774326324462891e-02
-3.494966775178909302e-02
-6.331104785203933716e-02
1.509239152073860168e-02
1.767980866134166718e-02
-5.703096091747283936e-02
-2.084325440227985382e-02
-4.471252486109733582e-02
-4.398944601416587830e-02
-9.162614494562149048e-02
2.541158907115459442e-02
-6.517275236546993256e-03
-2.504115924239158630e-02
2.925527468323707581e-02
-6.481195241212844849e-02
4.588104039430618286e-02
-6.582190096378326416e-02
-7.868608087301254272e-02
-1.955698058009147644e-02
2.186732832342386246e-03
1.516731269657611847e-02
2.414867281913757324e-02
-2.519346028566360474e-02
-2.346883714199066162e-02
3.904375061392784119e-02
-9.062405675649642944e-02
-3.199909999966621399e-02
-4.466284811496734619e-02
7.309017237275838852e-03
-5.749952048063278198e-02
-1.868874020874500275e-02
-1.069891825318336487e-02
5.828975699841976166e-03
2.113263867795467377e-02
-1.915643922984600067e-02
-3.024004399776458740e-02
2.115803398191928864e-02
-9.390612691640853882e-02
-7.170564681291580200e-02
2.067468687891960144e-02
-3.862464055418968201e-02
2.177622914314270020e-02
-4.397430270910263062e-02
-7.089264690876007080e-02
3.809764236211776733e-02
5.044824630022048950e-02
-3.740057721734046936e-02
-2.150207199156284332e-02
-4.087660089135169983e-02
1.930967904627323151e-02
-1.228802464902400970e-02
-6.350289285182952881e-02
6.666059046983718872e-02
-3.254783898591995239e-02
-3.581710532307624817e-02
2.394485659897327423e-02
-4.265858232975006104e-02
-2.409578301012516022e-02
2.844633162021636963e-02
-5.688046105206012726e-03
3.545565530657768250e-02
1.433527469635009766e-02
-6.250646710395812988e-02
3.407424315810203552e-02
-1.571097224950790405e-02
8.379006385803222656e-02
-9.659884870052337646e-02
-4.829716309905052185e-02
-5.272665992379188538e-02
-4.205856006592512131e-03
-5.789388902485370636e-03
-1.103985588997602463e-02
3.558239713311195374e-02
-7.710304856300354004e-02
2.345056459307670593e-02
-8.194370195269584656e-03
-3.127295523881912231e-02
4.209563136100769043e-02
-7.030283659696578979e-02
1.803264580667018890e-02
2.222459577023983002e-02
9.066618233919143677e-02
2.068883925676345825e-02
-7.352825254201889038e-02
5.732716619968414307e-02
1.539737172424793243e-02
-1.009057462215423584e-01
-3.043715283274650574e-02
-1.132804667577147484e-03
4.863207414746284485e-02
-6.992441485635936260e-04
-1.403982788324356079e-01
4.224308580160140991e-02
-3.254254162311553955e-02
-3.741526231169700623e-02
1.313521340489387512e-02
-1.880164444446563721e-02
-6.915288418531417847e-02
-1.316801458597183228e-01
-2.412245795130729675e-02
-2.157240919768810272e-02
-5.694588273763656616e-02
-5.326094105839729309e-02
7.650847546756267548e-03
-3.131748735904693604e-02
3.164357319474220276e-02
5.329667031764984131e-02
-4.524667188525199890e-02
-3.225155547261238098e-02
-2.210046164691448212e-02
-1.065638884902000427e-01
1.219955831766128540e-02
6.646345369517803192e-03
-1.701965928077697754e-02
-1.045217923820018768e-02
1.607607118785381317e-02
-3.779654577374458313e-02
-2.825657650828361511e-02
4.881994798779487610e-02
1.335000693798065186e-01
-4.867878556251525879e-02
-3.267241641879081726e-02
5.684666708111763000e-02
3.004777431488037109e-02
3.582826256752014160e-02
-3.012431226670742035e-02
5.695417895913124084e-02
-3.794125467538833618e-02
-5.423221737146377563e-02
-1.499927043914794922e-02
-4.205478727817535400e-02
1.804845593869686127e-02
-9.092509746551513672e-03
-3.001742810010910034e-02
1.283417195081710815e-01
3.527658805251121521e-02
-5.344120785593986511e-02
6.094279512763023376e-02
-5.596758797764778137e-02
-4.489225894212722778e-02
-3.483751788735389709e-02
-7.498276978731155396e-02
1.851197704672813416e-02
1.208329722285270691e-01
9.323486685752868652e-02
7.318207528442144394e-03
8.010204136371612549e-02
-2.973389625549316406e-02
-4.139365628361701965e-02
2.237812429666519165e-02
-1.869806833565235138e-02
-1.489014830440282822e-02
-5.931997206062078476e-03
3.131665661931037903e-02
-3.791376203298568726e-02
-3.046667389571666718e-02
-4.124039039015769958e-02
9.244707971811294556e-02
-4.884006921201944351e-03
-6.287439726293087006e-03
-4.757895600050687790e-03
7.940767705440521240e-02
1.018097158521413803e-03
-9.733769111335277557e-03
-1.568964868783950806e-02
1.141870021820068359e-01
4.831253364682197571e-02
7.294064015150070190e-02
3.835899010300636292e-02
-9.417325258255004883e-02
-3.920598700642585754e-02
-1.780414953827857971e-02
1.955363899469375610e-02
2.061515673995018005e-02
-9.009173512458801270e-02
1.472374424338340759e-02
-6.818722933530807495e-02
4.056471958756446838e-02
-4.855607170611619949e-03
-1.823050528764724731e-02
6.217703688889741898e-03
-9.303319267928600311e-03
-1.855859532952308655e-02
-1.321285031735897064e-02
-2.302695438265800476e-02
-4.577557370066642761e-02
-3.762504830956459045e-02
8.929889299906790257e-04
-7.611761242151260376e-02
-3.675108030438423157e-02
-3.475670143961906433e-02
-4.567316547036170959e-02
2.535243332386016846e-02
3.757958114147186279e-02
-2.382226288318634033e-02
3.463356290012598038e-03
2.723191492259502411e-02
3.288239240646362305e-02
-9.667426347732543945e-02
-1.482545491307973862e-02
5.396893620491027832e-02
-8.876111358404159546e-02
-4.014503955841064453e-02
6.008611619472503662e-02
4.140118882060050964e-02
5.481445044279098511e-02
-5.066420882940292358e-02
3.603899851441383362e-02
-7.175096776336431503e-03
-9.874105453491210938e-03
-1.782672666013240814e-02
-1.809702068567276001e-02
-1.728848181664943695e-02
1.115028653293848038e-02
-4.075869452208280563e-03
-6.159636750817298889e-02
-5.315432697534561157e-02
4.293653182685375214e-03
-2.355093322694301605e-02
-5.858900770545005798e-02
-8.908338844776153564e-02
-4.559383913874626160e-02
-6.131527200341224670e-02
1.833511516451835632e-02
-4.660111293196678162e-02
-7.683313637971878052e-02
-7.430606335401535034e-02
-2.831047168001532555e-03
-2.937804348766803741e-02
4.329472780227661133e-02
3.603909537196159363e-02
-4.360647406429052353e-03
4.362635314464569092e-02
-6.047749146819114685e-02
-3.222864866256713867e-02
3.762871399521827698e-02
-1.509413309395313263e-02
-1.471513882279396057e-03
-5.714193731546401978e-02
-2.288192883133888245e-02
-4.438370093703269958e-02
1.035162508487701416e-01
5.078406538814306259e-03
-2.982246316969394684e-02
-9.039912372827529907e-02
9.944957494735717773e-02
-3.589271754026412964e-02
-3.347336128354072571e-02
-6.355510652065277100e-02
4.163361713290214539e-02
7.444649934768676758e-03
-9.904382377862930298e-02
-3.490063920617103577e-02
6.818426400423049927e-02
5.636916682124137878e-02
-2.508693933486938477e-02
2.756496425718069077e-03
3.372589871287345886e-02
7.486477028578519821e-03
-5.350722745060920715e-02
-4.526343569159507751e-02
-4.192506149411201477e-02
-2.427477203309535980e-02
2.952864393591880798e-02
-5.114154145121574402e-02
5.553217977285385132e-02
5.144792422652244568e-02
-3.582391887903213501e-02
-2.685893140733242035e-02
9.897074848413467407e-02
1.442672312259674072e-01
4.985285922884941101e-02
-9.258088469505310059e-02
4.255826771259307861e-02
5.589821189641952515e-02
9.414771571755409241e-03
3.412455692887306213e-02
4.865572229027748108e-02
-1.656248979270458221e-02
1.251992303878068924e-02
1.449280790984630585e-02
-1.654943637549877167e-02
-2.295397035777568817e-02
1.328885182738304138e-02
3.408354520797729492e-02
-1.551585458219051361e-02
1.671392470598220825e-02
5.549715086817741394e-02
1.292340923100709915e-02
-7.189973443746566772e-02
-2.795383520424365997e-02
7.869756221771240234e-02
7.727265357971191406e-02
5.252701230347156525e-03
2.353760786354541779e-02
3.092770650982856750e-02
-2.330799587070941925e-03
6.011475808918476105e-03
-1.236246060580015182e-02
7.397090643644332886e-02
5.214718356728553772e-02
-9.805260598659515381e-02
-1.258743107318878174e-01
9.928857907652854919e-04
-3.544361516833305359e-02
-1.826020888984203339e-03
1.073768455535173416e-02
-2.570290677249431610e-02
9.043111465871334076e-03
7.312710396945476532e-03
-6.613914668560028076e-02
-2.658718079328536987e-02
3.694714233279228210e-02
2.064599283039569855e-02
3.816866129636764526e-02
1.066178549081087112e-02
-6.359220296144485474e-02
4.589119181036949158e-02
4.746418446302413940e-02
-1.250050961971282959e-02
7.537689805030822754e-02
6.872211396694183350e-02
1.626481302082538605e-02
-1.987219788134098053e-02
4.727316275238990784e-02
8.753946982324123383e-03
-9.712114185094833374e-02
6.436540931463241577e-02
2.359874360263347626e-02
-2.973934821784496307e-02
-5.236982367932796478e-03
3.200859576463699341e-02
1.675744540989398956e-02
-2.876723557710647583e-02
-2.967204898595809937e-02
3.441332653164863586e-02
-4.032114148139953613e-02
3.202174603939056396e-02
5.791173875331878662e-02
5.335457623004913330e-02
-9.664881229400634766e-02
-1.493541756644845009e-03
-3.772462159395217896e-02
4.674307256937026978e-02
-7.212610542774200439e-02
-4.932502657175064087e-02
-1.474495045840740204e-02
3.176254220306873322e-03
-2.369387261569499969e-02
-2.329790731891989708e-03
7.079366594552993774e-02
8.526568301022052765e-03
1.996851060539484024e-03
-4.425672814249992371e-02
-1.246192678809165955e-02
-1.207992341369390488e-02
1.792442798614501953e-02
4.452472180128097534e-02
5.512025207281112671e-03
-8.647961169481277466e-02
-2.073937468230724335e-02
-1.065450161695480347e-01
-5.841073766350746155e-02
4.982007294893264771e-02
1.963656768202781677e-02
-6.456962227821350098e-02
-2.237134613096714020e-02
1.068859454244375229e-02
1.153621170669794083e-02
3.778954222798347473e-02
-9.916051931213587523e-05
-1.236651092767715454e-01
9.260193444788455963e-03
2.322090230882167816e-02
-1.164170727133750916e-02
2.856654673814773560e-02
3.340407833456993103e-02
-5.912095773965120316e-03
2.508263848721981049e-02
-1.178202126175165176e-02
1.055021584033966064e-02
5.859559867531061172e-03
3.095232695341110229e-02
1.345805525779724121e-01
1.846637949347496033e-02
-4.886565357446670532e-02
-1.304739341139793396e-02
1.879195123910903931e-02
2.706831321120262146e-02
-8.852346986532211304e-02
-4.012585431337356567e-02
4.481867328286170959e-02
3.533395007252693176e-02
8.375443518161773682e-02
2.590085938572883606e-02
3.240388259291648865e-02
5.351382121443748474e-02
-7.523932307958602905e-02
-7.250615954399108887e-02
-3.840006887912750244e-02
1.007161568850278854e-02
4.750233143568038940e-02
-1.995440572500228882e-02
1.097462419420480728e-02
-1.871003210544586182e-02
-2.377519942820072174e-02
5.965523421764373779e-03
-2.245726808905601501e-02
-3.392561897635459900e-02
1.239415183663368225e-01
-2.543092705309391022e-02
1.520121656358242035e-02
-4.074173048138618469e-03
2.730274759232997894e-02
2.061189524829387665e-02
3.093348816037178040e-03
-4.739538952708244324e-02
-7.549052685499191284e-02
-2.140931226313114166e-02
-3.740444080904126167e-03
-2.667701430618762970e-02
-3.942443057894706726e-02
2.074290532618761063e-03
-3.294267505407333374e-02
-2.863013930618762970e-02
3.580199554562568665e-02
1.535310689359903336e-02
-6.775629520416259766e-02
-1.002896353602409363e-01
3.035646677017211914e-02
-2.112594991922378540e-02
-2.085589058697223663e-02
-4.288807883858680725e-02
-9.370045363903045654e-02
-2.833576872944831848e-02
-4.921556916087865829e-03
4.096945375204086304e-02
2.726620808243751526e-02
-6.012566015124320984e-02
5.811299756169319153e-02
-2.576143108308315277e-02
-1.053684018552303314e-02
-2.122725546360015869e-02
1.183075085282325745e-01
3.844948112964630127e-02
4.475784301757812500e-02
-5.068524181842803955e-02
-7.397867273539304733e-03
-3.893972933292388916e-02
-1.486702077090740204e-02
-7.196211069822311401e-02
-3.752371668815612793e-02
4.029311612248420715e-02
-5.461977422237396240e-02
-1.025389432907104492e-01
3.213669732213020325e-02
-5.908125266432762146e-02
-3.284660726785659790e-02
-4.495294392108917236e-02
-6.823753565549850464e-02
-3.894751146435737610e-02
-1.736667566001415253e-02
-6.847935914993286133e-02
-1.212183851748704910e-02
-4.845560342073440552e-02
1.523458119481801987e-02
1.810554973781108856e-02
-3.839788958430290222e-02
-3.042953647673130035e-02
-7.081627380102872849e-03
-2.376634627580642700e-02
3.520671650767326355e-02
-1.422885991632938385e-02
1.119527220726013184e-02
7.247155159711837769e-02
1.088688522577285767e-02
-7.968074083328247070e-02
-1.121325977146625519e-02
1.123283952474594116e-01
1.665348000824451447e-02
-4.423098638653755188e-02
-4.018592834472656250e-02
-3.950871154665946960e-02
9.037362039089202881e-02
3.250393643975257874e-02
8.294416218996047974e-02
5.779895558953285217e-02
-3.220938891172409058e-02
3.933225944638252258e-02
4.814125131815671921e-03
-1.089443173259496689e-02
-1.169461198151111603e-02
-7.686076220124959946e-03
-8.320897817611694336e-02
2.324024774134159088e-02
1.149784997105598450e-01
4.312549903988838196e-02
8.391588926315307617e-03
-2.585475333034992218e-02
-1.291915215551853180e-02
-2.409441769123077393e-02
6.361495703458786011e-02
5.960521101951599121e-02
-1.772792264819145203e-02
5.094253458082675934e-03
9.110326878726482391e-03
-3.398349881172180176e-02
-1.597373746335506439e-03
-2.093305112794041634e-03
-2.310976944863796234e-02
-5.157199501991271973e-02
7.015688344836235046e-03
-4.475691169500350952e-02
-3.058882988989353180e-02
2.352051995694637299e-02
-6.792308390140533447e-02
8.602186106145381927e-03
-4.449496045708656311e-02
-1.956723071634769440e-02
4.084095358848571777e-02
-5.089714005589485168e-02
-1.105236262083053589e-01
-5.598108284175395966e-03
2.667704597115516663e-02
3.336680307984352112e-02
-2.724113501608371735e-02
-1.813277602195739746e-02
-6.706940941512584686e-03
3.582363715395331383e-03
6.892989575862884521e-02
3.848253563046455383e-02
-2.239231951534748077e-02
5.560095421969890594e-03
-1.695268973708152771e-02
-2.541795372962951660e-03
1.881671021692454815e-03
-1.933285593986511230e-02
9.718837216496467590e-03
5.437599867582321167e-02
3.134167194366455078e-02
-1.129486262798309326e-01
5.127209424972534180e-02
4.421936348080635071e-03
5.147801339626312256e-02
6.125749647617340088e-02
-4.935733601450920105e-02
-8.797923475503921509e-02
6.507527083158493042e-02
-1.106213661842048168e-03
-2.348302304744720459e-02
-1.567361503839492798e-02
-2.430232800543308258e-02
1.315902918577194214e-01
-5.027347803115844727e-02
5.829038470983505249e-02
4.801127687096595764e-02
5.646941065788269043e-02
-2.770484611392021179e-02
-4.993146285414695740e-02
-4.296094924211502075e-02
-6.399855483323335648e-03
-2.718704193830490112e-02
-2.289291471242904663e-02
-6.685499846935272217e-02
2.669713459908962250e-02
7.604509592056274414e-02
-9.792933240532875061e-03
-1.767567917704582214e-02
6.978292018175125122e-02
3.191912081092596054e-03
-7.982772588729858398e-02
-8.471123874187469482e-02
3.327419981360435486e-02
1.197393015027046204e-01
1.625828258693218231e-02
5.745997279882431030e-02
3.442327678203582764e-02
1.073999609798192978e-02
-3.964972123503684998e-02
3.100485540926456451e-02
2.470281906425952911e-02
3.433227539062500000e-02
-9.011939167976379395e-02
-2.870606258511543274e-02
-6.861012079752981663e-04
-6.315407902002334595e-02
-2.180382423102855682e-02
3.192727267742156982e-02
-1.635072380304336548e-02
-1.118672662414610386e-03
-1.730832457542419434e-02
-5.891720578074455261e-02
9.491287171840667725e-03
-1.179325263365171850e-04
-4.868119210004806519e-02
-4.828869923949241638e-02
2.310344204306602478e-02
-1.152114942669868469e-02
2.975355833768844604e-02
-1.073683425784111023e-01
-7.830165326595306396e-02
9.494150057435035706e-03
-2.259106934070587158e-02
8.005980402231216431e-02
-5.061235278844833374e-02
-2.631621249020099640e-02
-3.500737948343157768e-03
7.343610376119613647e-02
-5.170780792832374573e-02
-5.154436826705932617e-02
-1.429392769932746887e-02
-3.176782652735710144e-02
4.074173793196678162e-02
3.633371321484446526e-03
-3.331652551423758268e-04
-2.914003096520900726e-02
-7.476945873349905014e-03
-4.789102822542190552e-02
-6.664719432592391968e-02
-3.791105747222900391e-02
-3.905027359724044800e-02
-1.003841236233711243e-01
-3.952147066593170166e-02
-1.595763675868511200e-02
1.464107632637023926e-01
3.846276178956031799e-02
-6.978058069944381714e-02
4.864722955971956253e-03
1.813297905027866364e-02
8.495803177356719971e-02
-3.042281419038772583e-02
-2.527571748942136765e-03
-1.426432747393846512e-02
-3.441294888034462929e-03
-2.174507640302181244e-02
5.145097896456718445e-02
-1.528278365731239319e-02
-4.358705133199691772e-02
-4.952574148774147034e-02
1.081041991710662842e-01
4.742792248725891113e-02
2.729137055575847626e-02
5.725367460399866104e-03
2.859517000615596771e-02
2.650123275816440582e-02
1.985038444399833679e-02
2.942412719130516052e-02
6.759669631719589233e-02
-4.446694999933242798e-02
9.850846230983734131e-02
8.476810902357101440e-02
2.896407991647720337e-02
1.508017908781766891e-02
4.666207358241081238e-02
-2.385187661275267601e-03
4.097350686788558960e-02
-4.114694893360137939e-02
-9.901140630245208740e-02
1.810623891651630402e-02
-6.814629584550857544e-02
1.853456906974315643e-02
-6.275177001953125000e-02
2.963243052363395691e-02
-8.035529404878616333e-02
-3.709798306226730347e-02
-4.994787648320198059e-02
6.110521405935287476e-02
7.077630609273910522e-02
2.523652836680412292e-02
-5.238697677850723267e-02
-1.816441304981708527e-02
-6.454922840930521488e-04
-4.420659970492124557e-03
-2.028170041739940643e-02
2.994440309703350067e-02
-3.012036722793709487e-05
4.019762203097343445e-02
-6.006212159991264343e-02
-4.504496231675148010e-02
-1.819339208304882050e-02
2.330966759473085403e-03
5.752205848693847656e-02
-3.155918419361114502e-02
-2.265044860541820526e-02
-2.948539890348911285e-02
-4.561295360326766968e-02
3.591693239286541939e-03
4.116615280508995056e-02
2.171909995377063751e-02
-3.593408688902854919e-02
2.735597454011440277e-02
8.444350212812423706e-02
-4.250823333859443665e-02
-5.627691000699996948e-02
-3.988379612565040588e-02
2.686826884746551514e-02
-2.201491221785545349e-02
-1.735990494489669800e-02
1.264236215502023697e-02
-2.234055660665035248e-02
-4.191312182229012251e-04
3.809197619557380676e-02
2.038954757153987885e-02
9.671136736869812012e-03
3.861631453037261963e-02
-2.210931107401847839e-02
-5.399160832166671753e-02
-4.105677828192710876e-03
6.855241954326629639e-02
-5.585366487503051758e-02
-5.151496455073356628e-02
2.784729190170764923e-02
3.593967109918594360e-02
7.324218004941940308e-02
3.403342142701148987e-02
-3.146743029356002808e-02
4.226484894752502441e-02
1.688052900135517120e-02
-2.885734103620052338e-02
1.900963112711906433e-02
-1.752518117427825928e-02
-1.204689498990774155e-02
-5.061500705778598785e-03
-1.392876356840133667e-02
-2.556318789720535278e-02
-2.005109190940856934e-02
-2.839281968772411346e-02
-8.655700832605361938e-03
-1.043267548084259033e-02
-2.377878502011299133e-02
4.974951967597007751e-03
2.222153590992093086e-03
5.801470205187797546e-02
9.023669362068176270e-02
-6.351858377456665039e-02
2.978450432419776917e-02
-4.217326268553733826e-02
3.974106907844543457e-02
-1.260318048298358917e-02
-3.541855514049530029e-02
-2.239048294723033905e-02
6.277308799326419830e-03
-8.894968777894973755e-02
1.261871457099914551e-01
-2.798613347113132477e-02
4.347765073180198669e-02
1.554591804742813110e-01
6.032468378543853760e-02
6.738295406103134155e-02
9.931283444166183472e-02
2.705878205597400665e-02
-1.024906709790229797e-01
1.982068270444869995e-02
3.628427907824516296e-02
1.059561371803283691e-01
-4.035119339823722839e-02
-5.844590719789266586e-03
-5.944806709885597229e-02
-1.082105468958616257e-02
-5.238953232765197754e-02
6.986171472817659378e-03
3.522055968642234802e-02
