3.149038553237915039e-02
1.211784500628709793e-02
1.044251248240470886e-01
2.107462882995605469e-01
6.040610000491142273e-02
5.324321985244750977e-02
7.407374680042266846e-02
6.092984229326248169e-02
-4.033406451344490051e-02
4.731554165482521057e-02
-5.198781937360763550e-02
-2.678832737728953362e-03
-2.394141629338264465e-02
9.170851856470108032e-02
-1.091100797057151794e-01
-5.274614319205284119e-02
-8.044591546058654785e-02
-1.270912028849124908e-02
7.258376479148864746e-02
-1.600229293107986450e-01
1.127587910741567612e-02
1.674285978078842163e-01
-5.490451585501432419e-03
-1.355974823236465454e-01
-1.433159261941909790e-01
2.982331998646259308e-02
4.132550209760665894e-02
-1.104032471776008606e-01
-4.072505980730056763e-02
-2.546983212232589722e-02
-4.950742237269878387e-03
-4.871160257607698441e-03
1.304552704095840454e-01
5.481468886137008667e-02
6.733560562133789062e-02
4.103045444935560226e-03
4.785307496786117554e-02
-2.329547144472599030e-02
6.605521589517593384e-02
-3.329275175929069519e-02
-2.418803283944725990e-03
-2.156495815142989159e-03
-2.625803835690021515e-02
1.152232810854911804e-01
-4.020728543400764465e-02
-1.530143711715936661e-02
-1.719330251216888428e-02
2.225771732628345490e-02
-4.609722644090652466e-02
-2.988381870090961456e-02
-3.821793571114540100e-02
-5.499286949634552002e-02
-3.155273571610450745e-02
1.894456446170806885e-01
-1.236425340175628662e-01
6.935063749551773071e-02
-5.546066537499427795e-02
7.018205709755420685e-03
5.183978006243705750e-02
-1.578991264104843140e-01
4.103960096836090088e-02
2.375546097755432129e-02
1.626326888799667358e-01
-3.898027539253234863e-02
5.752912908792495728e-02
2.081868052482604980e-02
3.147513791918754578e-02
-2.544120512902736664e-02
3.419523686170578003e-02
6.469381600618362427e-02
5.236737430095672607e-03
3.318146243691444397e-02
-2.630697004497051239e-02
5.898306891322135925e-02
-7.210797071456909180e-02
-1.735170036554336548e-01
-9.082775563001632690e-02
-2.146416716277599335e-02
2.836400866508483887e-01
-6.684236228466033936e-03
4.330675303936004639e-02
-3.861430287361145020e-02
-3.741489723324775696e-02
3.014034358784556389e-03
-7.402919977903366089e-02
-1.207861974835395813e-01
-4.071922600269317627e-02
-1.840556710958480835e-01
1.159820035099983215e-01
-7.533956319093704224e-02
-4.758434952236711979e-04
6.649162620306015015e-02
-3.681704401969909668e-02
-3.626903519034385681e-02
-4.457915946841239929e-02
-2.585731819272041321e-02
4.963660612702369690e-02
4.692276567220687866e-02
4.397162236273288727e-03
1.606920547783374786e-02
5.485011730343103409e-03
-2.146631851792335510e-02
1.141039580106735229e-01
9.051243215799331665e-02
-2.045965986326336861e-03
8.626271039247512817e-02
2.107794769108295441e-02
4.928218945860862732e-02
-8.253547549247741699e-02
3.763511404395103455e-02
-2.703350968658924103e-02
3.455568850040435791e-02
-3.303749486804008484e-02
-1.134595200419425964e-01
7.110809534788131714e-02
1.106235608458518982e-01
9.962725639343261719e-02
1.613441854715347290e-02
-4.548562690615653992e-02
-2.615702338516712189e-02
-7.826133817434310913e-02
-5.006403103470802307e-02
-6.472148001194000244e-02
-5.319082364439964294e-02
1.414608769118785858e-02
1.150684505701065063e-01
-7.697278261184692383e-02
-1.137318462133407593e-01
1.513810642063617706e-02
-2.148482948541641235e-02
5.127904191613197327e-02
-2.108684182167053223e-02
-1.854558475315570831e-02
2.240446209907531738e-01
-3.275916969869285822e-04
4.576612636446952820e-02
-1.294458657503128052e-01
1.099183857440948486e-01
3.279561549425125122e-02
-8.710372447967529297e-02
-2.116569085046648979e-03
-1.215429008007049561e-01
-5.585452169179916382e-02
1.906089931726455688e-01
-1.105078961700201035e-03
1.070521846413612366e-01
6.337491422891616821e-02
-3.036147216334939003e-03
2.936984598636627197e-02
-6.925100088119506836e-02
2.651205956935882568e-01
-7.395132631063461304e-02
-1.176085695624351501e-01
2.726071514189243317e-02
7.061860710382461548e-02
-4.183097556233406067e-02
1.398539636284112930e-02
-4.134486243128776550e-02
8.951120078563690186e-02
2.340102382004261017e-02
9.465344250202178955e-02
3.072951221838593483e-04
9.105335175991058350e-02
-4.445649683475494385e-02
9.315989911556243896e-02
-2.220335751771926880e-01
7.890847511589527130e-03
-1.610092073678970337e-01
-4.197657853364944458e-02
5.410218238830566406e-02
4.951938986778259277e-02
-1.437624245882034302e-01
-1.169812530279159546e-01
-3.081238828599452972e-02
-5.058684945106506348e-02
-2.773986756801605225e-02
4.242574051022529602e-02
-5.715469364076852798e-03
-3.979674354195594788e-02
-1.098138168454170227e-01
6.765437126159667969e-02
1.843101345002651215e-02
-6.535368412733078003e-02
8.106024935841560364e-03
6.409172713756561279e-02
-1.739681325852870941e-02
2.106979116797447205e-02
-5.144249275326728821e-02
3.161861002445220947e-02
-2.872773446142673492e-02
-7.115334272384643555e-02
7.230480760335922241e-02
-6.367862969636917114e-02
1.736973039805889130e-02
-2.310495078563690186e-02
-2.763495594263076782e-02
-9.676782414317131042e-03
1.047335565090179443e-01
8.703920990228652954e-02
-1.373800933361053467e-01
3.229718506336212158e-01
4.015132784843444824e-03
-5.615817755460739136e-02
3.166829049587249756e-02
5.312786996364593506e-02
1.016639247536659241e-01
1.625201292335987091e-02
-6.249841768294572830e-03
-2.558107674121856689e-02
-2.382129803299903870e-02
6.597235053777694702e-02
1.758275926113128662e-01
3.076093643903732300e-02
-4.627834632992744446e-02
1.650200784206390381e-02
-3.865545615553855896e-02
1.026092246174812317e-01
8.628154546022415161e-02
-8.787504397332668304e-03
1.910032778978347778e-01
-1.118603944778442383e-01
1.425552815198898315e-01
2.207115292549133301e-01
-5.999003350734710693e-02
2.876946330070495605e-01
-1.287764683365821838e-02
4.150216281414031982e-02
-7.800153642892837524e-02
5.845410749316215515e-03
1.415329128503799438e-01
2.069997601211071014e-02
-1.151941996067762375e-02
5.150138959288597107e-02
2.209983579814434052e-02
-2.167682908475399017e-02
-1.768335513770580292e-02
1.139545129262842238e-04
1.172130368649959564e-02
5.853166431188583374e-02
-7.356320321559906006e-02
-3.166255056858062744e-01
6.791586522012948990e-03
-4.626607149839401245e-02
3.965942934155464172e-02
-4.231015592813491821e-02
-8.775393664836883545e-02
-1.474206103011965752e-03
-6.266696378588676453e-03
-4.394667595624923706e-02
-3.681838139891624451e-02
9.095226228237152100e-02
1.874999105930328369e-01
2.647404000163078308e-02
4.820124804973602295e-02
1.485658138990402222e-01
-7.288523018360137939e-02
1.052984073758125305e-01
1.444946322590112686e-02
3.919426817446947098e-03
-7.185657322406768799e-02
-2.877631783485412598e-02
-1.704849302768707275e-01
4.520733654499053955e-02
1.319743394851684570e-01
-3.485698625445365906e-02
3.607214987277984619e-02
-6.219206377863883972e-02
2.835255563259124756e-01
2.626245282590389252e-02
-1.289630495011806488e-02
7.386725395917892456e-02
-1.528629101812839508e-02
8.398114889860153198e-02
5.164599418640136719e-02
-4.531218670308589935e-03
-6.700389832258224487e-02
2.475213818252086639e-02
9.045667946338653564e-02
2.949701994657516479e-02
-3.363569825887680054e-02
2.691208198666572571e-02
4.744265228509902954e-02
7.677980512380599976e-02
-7.738626748323440552e-02
-7.797434926033020020e-02
-2.707295864820480347e-02
-5.393283441662788391e-02
1.440040618181228638e-01
-4.925415292382240295e-02
3.708281740546226501e-02
2.154767140746116638e-02
-4.760152101516723633e-02
3.157508000731468201e-02
1.064781993627548218e-01
4.238412529230117798e-02
-2.166403271257877350e-02
-6.867866218090057373e-02
-3.768656030297279358e-02
2.682546712458133698e-02
-6.766892224550247192e-02
-1.038091927766799927e-01
1.148862987756729126e-01
-1.089805923402309418e-02
-2.209202013909816742e-02
1.758561469614505768e-02
-1.895177215337753296e-01
-6.441985815763473511e-02
-9.186856448650360107e-02
-4.250977933406829834e-02
-4.240521788597106934e-02
-2.203651368618011475e-01
2.554950676858425140e-02
1.192591264843940735e-01
-3.940803185105323792e-02
-4.575831349939107895e-03
2.528491243720054626e-02
1.643190719187259674e-02
4.639766365289688110e-02
-1.164096370339393616e-01
-1.017662435770034790e-01
-8.683421462774276733e-02
-6.255432218313217163e-02
-9.459253400564193726e-02
7.904654741287231445e-02
5.151805654168128967e-02
9.233837574720382690e-02
-9.438990056514739990e-02
3.206510096788406372e-02
1.985137350857257843e-02
-7.236626744270324707e-02
-1.020330339670181274e-01
-2.868318697437644005e-03
1.907290071249008179e-01
-2.200711704790592194e-02
5.754670128226280212e-04
7.293453812599182129e-02
8.704238384962081909e-02
2.325307577848434448e-02
-1.528729218989610672e-02
2.217070758342742920e-02
-4.380445461720228195e-03
4.904965683817863464e-02
-1.432909220457077026e-01
1.008368730545043945e-01
5.705083534121513367e-02
-2.071529813110828400e-02
-6.003399193286895752e-02
5.996406078338623047e-02
3.581157885491847992e-03
4.837224632501602173e-02
-1.483976095914840698e-02
-7.453220430761575699e-03
-1.803795248270034790e-01
-7.473962381482124329e-03
-3.702336549758911133e-02
4.792378097772598267e-02
1.419320236891508102e-02
-1.393641233444213867e-01
-1.753910630941390991e-01
-7.699912041425704956e-02
6.062231957912445068e-03
6.613878067582845688e-03
-9.613481909036636353e-02
-5.724325403571128845e-02
2.522729337215423584e-02
6.310006603598594666e-03
-1.200006455183029175e-01
2.979293232783675194e-03
-4.545669630169868469e-02
-6.741164717823266983e-03
1.992432959377765656e-02
3.747032582759857178e-02
-8.643326349556446075e-03
-6.263638380914926529e-03
2.740328386425971985e-02
5.412767827510833740e-02
6.122942641377449036e-02
-5.104650557041168213e-02
1.960803382098674774e-02
-2.258081175386905670e-02
5.169813707470893860e-02
-2.536178007721900940e-02
-5.011062324047088623e-02
-2.297780103981494904e-02
-5.292544886469841003e-02
-3.555621206760406494e-02
-1.157908812165260315e-01
-1.937123090028762817e-01
-6.303866207599639893e-02
6.307875737547874451e-03
-5.412004515528678894e-02
4.008319228887557983e-02
8.859402686357498169e-02
4.166345298290252686e-02
2.458235621452331543e-01
6.632455438375473022e-02
-1.298873126506805420e-01
-5.549524724483489990e-02
1.875141821801662445e-02
1.623142063617706299e-01
-1.507074087858200073e-01
1.302087306976318359e-01
-6.331391632556915283e-02
1.638298854231834412e-02
-1.096100360155105591e-02
-3.790310397744178772e-02
1.122370138764381409e-01
-2.005555927753448486e-01
-1.923354528844356537e-02
2.503710985183715820e-02
-3.283594921231269836e-02
-7.693333923816680908e-02
-3.715987317264080048e-03
-6.208641827106475830e-02
-4.766445606946945190e-02
4.687713459134101868e-03
-1.673372276127338409e-02
-4.361561685800552368e-02
-5.295449402183294296e-03
8.406289666891098022e-02
-5.017411708831787109e-02
5.513054504990577698e-02
-3.587603196501731873e-02
6.880355533212423325e-03
6.610841304063796997e-02
7.175298407673835754e-03
-3.646755963563919067e-02
-2.864415012300014496e-02
1.204040274024009705e-01
-2.580524235963821411e-02
-8.961189538240432739e-02
-5.243454873561859131e-02
-1.712911128997802734e-01
-1.026198547333478928e-02
-5.563181638717651367e-02
-2.546549029648303986e-02
-1.786692142486572266e-01
-6.432981789112091064e-02
-1.194824799895286560e-01
9.328287094831466675e-03
-5.960457026958465576e-02
2.983304113149642944e-02
3.503100201487541199e-02
-1.998824253678321838e-02
-3.420832008123397827e-02
5.602115020155906677e-02
-7.738608866930007935e-02
-4.778143018484115601e-02
-5.144163593649864197e-02
5.961608141660690308e-02
1.239778101444244385e-02
-8.828558027744293213e-02
1.407121028751134872e-02
-9.522111713886260986e-02
2.328314445912837982e-02
7.756559550762176514e-02
-1.062559410929679871e-01
5.032504349946975708e-02
2.131996862590312958e-02
1.843309700489044189e-01
5.266261752694845200e-03
7.369924336671829224e-02
-1.406806986778974533e-02
-3.550927713513374329e-02
-1.348620839416980743e-02
-2.926103584468364716e-02
-2.874255925416946411e-02
-1.543257385492324829e-02
-2.611649408936500549e-02
4.879137501120567322e-02
-7.990609854459762573e-03
-2.651415532454848289e-03
-5.942859873175621033e-02
-9.535145014524459839e-02
-7.440408226102590561e-04
-5.764118209481239319e-02
3.230593726038932800e-02
5.835063755512237549e-02
-3.432372212409973145e-02
9.232422709465026855e-02
-2.392484806478023529e-02
1.775041967630386353e-02
-3.395351348444819450e-03
4.841391928493976593e-03
1.830209419131278992e-02
3.294564411044120789e-02
-1.742461137473583221e-02
2.376997470855712891e-02
-2.982885017991065979e-02
1.617047786712646484e-01
1.468079350888729095e-02
3.770519746467471123e-03
1.408749446272850037e-02
-6.008904799818992615e-02
1.510335691273212433e-02
1.801282633095979691e-03
1.835800856351852417e-01
-1.378557831048965454e-01
-3.412822261452674866e-02
1.585459709167480469e-02
-3.208534047007560730e-02
1.191473677754402161e-01
-1.910449117422103882e-01
1.304970085620880127e-01
8.772484958171844482e-03
-6.848815083503723145e-02
-5.320469290018081665e-02
8.567701280117034912e-02
1.396639943122863770e-01
4.370800033211708069e-02
-6.102629750967025757e-02
-1.496776565909385681e-02
