5.225483700633049011e-02
2.010823413729667664e-02
1.732820272445678711e-01
3.497103154659271240e-01
1.002372875809669495e-01
8.835127949714660645e-02
1.229172497987747192e-01
1.011063829064369202e-01
-6.692995131015777588e-02
7.851494848728179932e-02
-8.626808226108551025e-02
-4.445228725671768188e-03
-3.972815349698066711e-02
1.521802246570587158e-01
-1.810562014579772949e-01
-8.752643316984176636e-02
-8.292084187269210815e-02
-1.310011744499206543e-02
7.481680810451507568e-02
-1.649460494518280029e-01
1.162278186529874802e-02
1.725795418024063110e-01
-5.659365560859441757e-03
-1.397691518068313599e-01
-1.477250456809997559e-01
3.074083663523197174e-02
4.259688407182693481e-02
-1.137998104095458984e-01
-4.197796806693077087e-02
-2.625341340899467468e-02
-5.103052128106355667e-03
-5.021021701395511627e-03
1.581831127405166626e-01
6.646537035703659058e-02
8.164756745100021362e-02
4.975134041160345078e-03
5.802408978343009949e-02
-2.824684791266918182e-02
8.009503781795501709e-02
-4.036901518702507019e-02
-2.932911971583962440e-03
-2.614851808175444603e-03
-3.183909878134727478e-02
1.397136151790618896e-01
-4.875321313738822937e-02
-1.855370774865150452e-02
-2.084768190979957581e-02
2.698852121829986572e-02
-6.443878263235092163e-02
-4.177424684166908264e-02
-5.342441424727439880e-02
-7.687389850616455078e-02
-4.410720616579055786e-02
2.648238837718963623e-01
-1.728384792804718018e-01
9.694445878267288208e-02
-7.752782851457595825e-02
9.810669347643852234e-03
7.246623188257217407e-02
-2.207253724336624146e-01
5.736878886818885803e-02
3.320748731493949890e-02
2.273423671722412109e-01
-5.449008196592330933e-02
8.598488569259643555e-02
3.111626952886581421e-02
4.704375192523002625e-02
-3.802524134516716003e-02
5.110929906368255615e-02
9.669345617294311523e-02
7.826996035873889923e-03
4.959407821297645569e-02
-3.931924328207969666e-02
8.815798908472061157e-02
-1.077748909592628479e-01
-2.593441009521484375e-01
-1.357540786266326904e-01
-3.208103403449058533e-02
4.239375889301300049e-01
-9.990474209189414978e-03
5.053616315126419067e-02
-4.506038129329681396e-02
-4.366075247526168823e-02
3.517182078212499619e-03
-8.638726174831390381e-02
-1.409496366977691650e-01
-4.751668870449066162e-02
-2.147810012102127075e-01
1.353434622287750244e-01
-8.791637420654296875e-02
-5.552784423343837261e-04
7.759140431880950928e-02
-4.296309500932693481e-02
-4.232360422611236572e-02
-5.202097818255424500e-02
-3.017380833625793457e-02
4.498483613133430481e-02
4.252532869577407837e-02
3.985075745731592178e-03
1.456325594335794449e-02
4.970975685864686966e-03
-1.945457048714160919e-02
1.034105345606803894e-01
8.202992379665374756e-02
-1.854225178249180317e-03
7.817847281694412231e-02
1.910259574651718140e-02
4.466363415122032166e-02
-7.480053603649139404e-02
3.410808369517326355e-02
-2.450002357363700867e-02
3.131724894046783447e-02
-3.540126979351043701e-02
-1.215773448348045349e-01
7.619575411081314087e-02
1.185384765267372131e-01
1.067554131150245667e-01
1.728880777955055237e-02
-4.874004423618316650e-02
-2.802851237356662750e-02
-8.386079967021942139e-02
-5.364602431654930115e-02
-6.935218721628189087e-02
-5.699653178453445435e-02
1.515821553766727448e-02
1.233013942837715149e-01
-8.248005062341690063e-02
-1.218691542744636536e-01
2.120518125593662262e-02
-3.009555488824844360e-02
7.183074206113815308e-02
-2.953806146979331970e-02
-2.597831375896930695e-02
3.138375878334045410e-01
-4.588844312820583582e-04
6.410834938287734985e-02
-1.813253909349441528e-01
1.539716571569442749e-01
4.593949392437934875e-02
-1.220133006572723389e-01
-2.964850980788469315e-03
-1.702550649642944336e-01
-7.823998481035232544e-02
2.670015692710876465e-01
-1.643868512474000454e-03
1.592462807893753052e-01
9.427382797002792358e-02
-4.516443703323602676e-03
4.368933662772178650e-02
-1.030148491263389587e-01
3.943821489810943604e-01
-1.100068539381027222e-01
-1.749495118856430054e-01
4.055188223719596863e-02
1.050492376089096069e-01
-6.222598254680633545e-02
2.080408111214637756e-02
-6.150286272168159485e-02
1.331530660390853882e-01
3.481036797165870667e-02
1.160443127155303955e-01
3.767411981243640184e-04
1.116306334733963013e-01
-5.450328812003135681e-02
1.142132431268692017e-01
-2.722112834453582764e-01
9.674112312495708466e-03
-1.973959207534790039e-01
-5.146292969584465027e-02
6.632881611585617065e-02
6.071035191416740417e-02
-1.762515157461166382e-01
-1.434180140495300293e-01
-3.777572512626647949e-02
-6.201904639601707458e-02
-3.400884196162223816e-02
2.955467440187931061e-02
-3.981517627835273743e-03
-2.772325836122035980e-02
-7.649864256381988525e-02
4.712947458028793335e-02
1.283943653106689453e-02
-4.552676901221275330e-02
5.646829493343830109e-03
4.464766383171081543e-02
-1.211899053305387497e-02
1.467766519635915756e-02
-3.583593666553497314e-02
2.202619798481464386e-02
-2.001235261559486389e-02
-4.956693574786186218e-02
5.036906898021697998e-02
-9.224333614110946655e-02
2.516137436032295227e-02
-3.346927836537361145e-02
-4.003133252263069153e-02
-1.401755493134260178e-02
1.517145186662673950e-01
1.260829120874404907e-01
-1.990054994821548462e-01
4.678492546081542969e-01
5.816224962472915649e-03
-8.134938776493072510e-02
4.587392508983612061e-02
7.695975899696350098e-02
1.472679227590560913e-01
2.354227565228939056e-02
-9.053370915353298187e-03
-3.214819356799125671e-02
-2.993664890527725220e-02
8.290863037109375000e-02
2.209656685590744019e-01
3.865781798958778381e-02
-5.815882235765457153e-02
2.073836699128150940e-02
-4.857899993658065796e-02
1.289508342742919922e-01
1.084315553307533264e-01
-1.104341354221105576e-02
2.400372177362442017e-01
-1.405769437551498413e-01
1.791517585515975952e-01
2.773721218109130859e-01
-7.539054006338119507e-02
3.521603047847747803e-01
-1.576322875916957855e-02
5.080183222889900208e-02
-9.547986835241317749e-02
7.155231200158596039e-03
1.732471436262130737e-01
2.533835917711257935e-02
-1.410065405070781708e-02
6.304165720939636230e-02
2.705189585685729980e-02
-2.653410285711288452e-02
-2.164578437805175781e-02
1.394890714436769485e-04
1.434777490794658661e-02
7.164724916219711304e-02
-9.004700928926467896e-02
-4.271622598171234131e-01
9.162588976323604584e-03
-6.241796538233757019e-02
5.350488424301147461e-02
-5.708100274205207825e-02
-1.183896064758300781e-01
-1.988864503800868988e-03
-8.454455062747001648e-03
-5.928884819149971008e-02
-4.967200383543968201e-02
1.227044984698295593e-01
2.529577910900115967e-01
3.571636229753494263e-02
6.502872705459594727e-02
2.004314512014389038e-01
-9.833010286092758179e-02
1.397111862897872925e-01
1.917172223329544067e-02
5.200342740863561630e-03
-9.534016251564025879e-02
-3.818076476454734802e-02
-2.262014597654342651e-01
5.998163670301437378e-02
1.751051396131515503e-01
-4.624866694211959839e-02
4.786096140742301941e-02
-8.251717686653137207e-02
3.761851191520690918e-01
3.484533727169036865e-02
-1.711097173392772675e-02
9.800796210765838623e-02
-2.028203569352626801e-02
7.666069269180297852e-02
4.714412242174148560e-02
-4.136241972446441650e-03
-6.116331368684768677e-02
2.259454689919948578e-02
8.257176727056503296e-02
2.692582830786705017e-02
-3.070374578237533569e-02
2.456621266901493073e-02
4.330717772245407104e-02
7.008707523345947266e-02
-7.064067572355270386e-02
-7.117749005556106567e-02
-2.471306733787059784e-02
-4.923162609338760376e-02
1.314515322446823120e-01
-5.706924200057983398e-02
4.296669736504554749e-02
2.496661059558391571e-02
-5.515439063310623169e-02
3.658505529165267944e-02
1.233729496598243713e-01
4.910915717482566833e-02
-2.510143443942070007e-02
-7.957581430673599243e-02
-4.366623610258102417e-02
3.108182735741138458e-02
-7.840585708618164062e-02
-1.202804595232009888e-01
1.331151574850082397e-01
-1.262723933905363083e-02
-2.559733018279075623e-02
2.064230293035507202e-02
-2.224592268466949463e-01
-7.561715692281723022e-02
-1.078369319438934326e-01
-4.989872500300407410e-02
-4.977598786354064941e-02
-2.586684525012969971e-01
2.999045886099338531e-02
1.399884521961212158e-01
-4.625783860683441162e-02
-5.371191073209047318e-03
2.967987395823001862e-02
1.928806118667125702e-02
5.446239188313484192e-02
-1.366436779499053955e-01
-1.194550022482872009e-01
-1.447184085845947266e-01
-1.042533963918685913e-01
-1.576484739780426025e-01
1.317394375801086426e-01
8.586029708385467529e-02
1.538916826248168945e-01
-1.573107540607452393e-01
5.343988537788391113e-02
3.308441489934921265e-02
-1.206060424447059631e-01
-1.700488477945327759e-01
-4.780356772243976593e-03
3.178700804710388184e-01
-3.667718917131423950e-02
9.590766858309507370e-04
1.215531229972839355e-01
1.069249212741851807e-01
2.856462635099887848e-02
-1.877927035093307495e-02
2.723501995205879211e-02
-5.381042603403329849e-03
6.025375425815582275e-02
-1.760219484567642212e-01
1.238703951239585876e-01
7.008258998394012451e-02
-2.544716186821460724e-02
-7.374717295169830322e-02
7.366126775741577148e-02
4.399179015308618546e-03
5.942161008715629578e-02
-1.822951249778270721e-02
-9.155712090432643890e-03
-1.651269048452377319e-01
-6.841975264251232147e-03
-3.389272466301918030e-02
4.387141764163970947e-02
1.299304701387882233e-02
-1.275797039270401001e-01
-1.605602651834487915e-01
-7.048819214105606079e-02
5.549618974328041077e-03
6.054618395864963531e-03
-8.800580352544784546e-02
-5.240285024046897888e-02
2.309411205351352692e-02
5.776442121714353561e-03
-1.098535731434822083e-01
2.727368613705039024e-03
-3.941757604479789734e-02
-5.845571868121623993e-03
1.727729663252830505e-02
3.249223157763481140e-02
-7.495022844523191452e-03
-5.431486759334802628e-03
2.376263774931430817e-02
4.693658277392387390e-02
5.309483036398887634e-02
-4.426475614309310913e-02
1.700302213430404663e-02
-1.958085224032402039e-02
4.482981562614440918e-02
-2.199235744774341583e-02
-4.345320910215377808e-02
-1.992510072886943817e-02
-6.970799714326858521e-02
-4.683101177215576172e-02
-1.525079309940338135e-01
-2.551380693912506104e-01
-8.302809298038482666e-02
8.308090269565582275e-03
-7.128139585256576538e-02
5.279348790645599365e-02
1.166870072484016418e-01
5.487484484910964966e-02
3.237737119197845459e-01
8.735593408346176147e-02
-1.710743010044097900e-01
-7.309267669916152954e-02
2.469745278358459473e-02
2.137836962938308716e-01
-1.882206499576568604e-01
1.626195609569549561e-01
-7.907366007566452026e-02
2.046095021069049835e-02
-1.368935499340295792e-02
-4.733772948384284973e-02
1.401744186878204346e-01
-2.504767477512359619e-01
-2.402105182409286499e-02
3.126920759677886963e-02
-4.100928828120231628e-02
-9.608314931392669678e-02
-4.640949890017509460e-03
-7.754062116146087646e-02
-5.952882394194602966e-02
5.854552611708641052e-03
-1.482334453612565994e-02
-3.863630816340446472e-02
-4.690902773290872574e-03
7.446599006652832031e-02
-4.444606974720954895e-02
4.883665591478347778e-02
-3.178030252456665039e-02
6.094870623201131821e-03
5.856125056743621826e-02
6.356141995638608932e-03
-3.230429813265800476e-02
-2.537403628230094910e-02
1.066582947969436646e-01
-2.285922877490520477e-02
-7.938149571418762207e-02
-4.644844308495521545e-02
-1.896763741970062256e-01
-1.136343926191329956e-02
-6.160296872258186340e-02
-2.819878794252872467e-02
-1.978463977575302124e-01
-7.123455405235290527e-02
-1.323069483041763306e-01
1.032952405512332916e-02
-6.600213050842285156e-02
3.303512185811996460e-02
3.879100084304809570e-02
-2.213364839553833008e-02
-3.788001462817192078e-02
6.203409284353256226e-02
-8.569220453500747681e-02
-5.290997400879859924e-02
-7.099092006683349609e-02
8.227188885211944580e-02
1.710929162800312042e-02
-1.218366175889968872e-01
1.941867172718048096e-02
-1.314078569412231445e-01
3.213140368461608887e-02
1.070427298545837402e-01
-1.466362327337265015e-01
6.944999098777770996e-02
2.942216396331787109e-02
2.543819844722747803e-01
7.267591077834367752e-03
1.017070561647415161e-01
-1.941433735191822052e-02
-4.900381341576576233e-02
-1.331793703138828278e-02
-2.889593690633773804e-02
-2.838393114507198334e-02
-1.524001732468605042e-02
-2.579063177108764648e-02
4.818259179592132568e-02
-7.890908978879451752e-03
-2.618333091959357262e-03
-5.868709087371826172e-02
-9.416172653436660767e-02
-7.347572245635092258e-04
-5.692197754979133606e-02
3.190284594893455505e-02
5.762258172035217285e-02
-3.389545530080795288e-02
9.117227047681808472e-02
-1.889321021735668182e-02
1.401732675731182098e-02
-2.681274665519595146e-03
3.823198378086090088e-03
1.445297896862030029e-02
2.601684257388114929e-02
-1.376003958284854889e-02
1.877090893685817719e-02
-2.355554141104221344e-02
1.276966333389282227e-01
1.159327477216720581e-02
2.977541415020823479e-03
1.112475246191024780e-02
-4.745171591639518738e-02
1.192696858197450638e-02
1.422454719431698322e-03
2.518568038940429688e-01
-1.891268193721771240e-01
-4.682112112641334534e-02
2.175120636820793152e-02
-4.401845484972000122e-02
1.634604185819625854e-01
-2.620979547500610352e-01
1.790311932563781738e-01
1.203512959182262421e-02
-9.396012127399444580e-02
-7.299247384071350098e-02
1.175418347120285034e-01
1.916075497865676880e-01
5.996379256248474121e-02
-8.372307568788528442e-02
-2.053454704582691193e-02
