5.962060298770666122e-03
-1.978779397904872894e-02
-2.061639167368412018e-02
2.964341640472412109e-02
1.753423735499382019e-02
-1.560251694172620773e-02
-8.585733920335769653e-02
-6.459722667932510376e-02
-2.714775037020444870e-03
-8.956661447882652283e-03
2.130229724571108818e-03
-1.189249847084283829e-02
2.812292985618114471e-02
4.114372283220291138e-02
-1.653388142585754395e-02
-7.006154395639896393e-03
5.823573470115661621e-02
2.410129178315401077e-03
2.319701248779892921e-03
7.248669397085905075e-03
-1.013166829943656921e-02
-2.766517736017704010e-02
-2.612497657537460327e-02
-7.336043287068605423e-03
5.450836382806301117e-03
7.555649150162935257e-03
-1.466345600783824921e-02
-2.855784259736537933e-02
1.714003272354602814e-03
-2.149528264999389648e-02
1.052646785974502563e-01
9.347542375326156616e-02
-5.035760626196861267e-02
4.468099772930145264e-02
4.412145540118217468e-02
-1.445803418755531311e-02
7.036064565181732178e-02
7.652889937162399292e-02
1.159940008074045181e-02
1.712004281580448151e-02
3.765078261494636536e-02
3.748535737395286560e-02
-2.135492116212844849e-02
-2.306346595287322998e-02
-3.331246227025985718e-02
-4.010220244526863098e-02
-9.968771785497665405e-02
-1.091512441635131836e-01
3.795864433050155640e-02
3.034006617963314056e-02
-1.486733090132474899e-02
1.449423134326934814e-01
1.792021691799163818e-01
9.326963126659393311e-02
4.936545342206954956e-02
9.089690446853637695e-02
8.172977715730667114e-02
3.619186207652091980e-02
5.719913542270660400e-02
3.031926788389682770e-02
-3.674650937318801880e-02
-2.164942771196365356e-02
-2.944596856832504272e-02
3.226200817152857780e-03
-5.569303780794143677e-02
5.852272734045982361e-03
9.889768809080123901e-02
-2.271620556712150574e-02
-4.547094926238059998e-02
-4.822722077369689941e-02
-2.049200236797332764e-02
-8.055128157138824463e-03
-4.799291118979454041e-02
-4.549669101834297180e-02
-5.320758000016212463e-02
-7.224742323160171509e-02
-1.492866724729537964e-01
-1.214677318930625916e-01
9.545715153217315674e-02
1.388406604528427124e-01
7.711947709321975708e-02
3.112123720347881317e-02
1.897395960986614227e-02
-2.330623008310794830e-02
-6.276154424995183945e-03
6.182968243956565857e-02
1.490732561796903610e-02
5.452492274343967438e-03
-5.088341981172561646e-02
-1.556902937591075897e-02
4.919556155800819397e-02
1.302065849304199219e-01
1.263462454080581665e-01
2.559344656765460968e-02
1.993998736143112183e-01
1.649085134267807007e-01
-5.271585658192634583e-02
-1.269321981817483902e-02
-7.485058624297380447e-03
2.423951029777526855e-02
-1.384599320590496063e-02
-1.589785888791084290e-02
-6.910353153944015503e-02
-6.845403462648391724e-02
-4.434601217508316040e-02
-1.858287490904331207e-02
4.064678400754928589e-02
9.485841542482376099e-02
-1.415555737912654877e-02
-8.304115384817123413e-03
2.227822085842490196e-03
5.527629051357507706e-03
-1.136151794344186783e-02
-1.852373033761978149e-02
-3.426201641559600830e-02
-6.924635171890258789e-02
-4.141647741198539734e-02
-4.138396680355072021e-02
-1.481979992240667343e-02
-2.091678790748119354e-02
-3.742706775665283203e-02
-1.217845734208822250e-02
-3.641756251454353333e-03
-4.439711570739746094e-02
-1.739870384335517883e-02
-4.554470069706439972e-03
1.911939680576324463e-02
-1.256309729069471359e-02
9.985815733671188354e-03
5.098297446966171265e-02
6.130440160632133484e-02
3.772057220339775085e-02
-4.503310844302177429e-02
2.366002462804317474e-02
7.337429374456405640e-02
1.599703542888164520e-02
-4.910347983241081238e-02
-8.963007479906082153e-02
-2.497992292046546936e-02
-1.624894887208938599e-02
3.367681056261062622e-02
-1.571383140981197357e-02
-4.049642384052276611e-02
-9.071189165115356445e-02
2.201691828668117523e-02
-9.375466033816337585e-03
-6.993519607931375504e-03
3.913031890988349915e-02
6.682310253381729126e-02
4.481772333383560181e-02
-2.498759143054485321e-02
4.883538186550140381e-02
2.155518531799316406e-02
-6.418991088867187500e-02
3.377265110611915588e-02
-4.357768222689628601e-02
2.041017403826117516e-03
-2.259767800569534302e-02
3.256896883249282837e-02
-6.065897271037101746e-02
8.116395771503448486e-02
-2.114208973944187164e-02
-4.843235760927200317e-02
-4.602530039846897125e-03
-2.853102283552289009e-03
-5.267639458179473877e-02
-2.303847111761569977e-02
-3.637775033712387085e-02
-2.969344519078731537e-02
-1.505414489656686783e-02
-5.209299270063638687e-03
1.373048499226570129e-02
-4.078733548521995544e-02
-8.955691941082477570e-03
-1.091699674725532532e-02
3.160196589305996895e-03
1.464777439832687378e-02
1.259537972509860992e-02
5.287540610879659653e-03
-6.607845425605773926e-02
7.477030158042907715e-02
3.078663907945156097e-02
6.119271274656057358e-03
4.581308737397193909e-02
5.287189781665802002e-02
5.428182426840066910e-03
8.304323256015777588e-02
2.808611094951629639e-02
-7.124848198145627975e-03
4.862353205680847168e-02
-6.594171281903982162e-03
4.610588774085044861e-02
-1.609778404235839844e-02
-8.746577426791191101e-03
5.789666622877120972e-02
-6.993320584297180176e-02
-4.706539958715438843e-02
9.258574806153774261e-03
3.246630728244781494e-02
1.867014728486537933e-02
-2.301095798611640930e-02
1.176563370972871780e-02
-1.676628366112709045e-02
-3.290880704298615456e-03
1.959078200161457062e-02
-8.472771383821964264e-03
-2.256049588322639465e-02
1.274465583264827728e-02
-5.050750914961099625e-03
-1.785705052316188812e-02
7.673903554677963257e-02
-2.237834781408309937e-01
1.494750496931374073e-03
-3.696326538920402527e-02
-9.839454293251037598e-02
-9.069337509572505951e-03
-2.529409900307655334e-02
-2.236474864184856415e-02
2.788858860731124878e-02
1.174480766057968140e-01
-7.904959470033645630e-02
3.008340299129486084e-02
7.988961786031723022e-02
-5.688086152076721191e-02
1.520772231742739677e-03
4.967032745480537415e-02
-7.179799489676952362e-03
2.566899731755256653e-02
-9.403875097632408142e-03
6.666458398103713989e-02
1.582859829068183899e-02
-3.689278662204742432e-02
-1.136197894811630249e-02
-4.628425836563110352e-02
-1.117692887783050537e-02
-6.734136492013931274e-02
-2.878360077738761902e-02
-1.248784083873033524e-02
2.764526195824146271e-02
-4.793526977300643921e-02
-1.706248894333839417e-02
1.388267613947391510e-02
-4.774419590830802917e-02
3.984712809324264526e-02
7.857396453619003296e-02
-4.185783118009567261e-02
7.667350769042968750e-02
1.494879126548767090e-01
-1.929355561733245850e-01
4.110506176948547363e-02
7.910966128110885620e-02
-9.384641796350479126e-02
1.388595905154943466e-02
2.635699324309825897e-02
5.028022918850183487e-03
-2.695452235639095306e-02
6.370814889669418335e-02
8.666376769542694092e-02
-2.879816479980945587e-02
5.230720713734626770e-02
6.711303442716598511e-02
-8.245613425970077515e-02
-8.185135573148727417e-02
-4.288380034267902374e-03
-8.451886475086212158e-02
-9.393195807933807373e-02
-1.527035702019929886e-02
-6.837070733308792114e-02
-7.690333575010299683e-02
3.794983262196183205e-03
-3.053451515734195709e-02
-7.351722568273544312e-02
3.724410384893417358e-02
4.704331979155540466e-02
-3.324234485626220703e-02
8.802518993616104126e-02
9.195832535624504089e-03
-2.648164518177509308e-02
3.926009684801101685e-02
-1.285387575626373291e-01
-2.043417282402515411e-02
4.728082194924354553e-02
-5.639236420392990112e-02
-4.824891686439514160e-02
1.502330750226974487e-01
-9.815469384193420410e-02
-5.276387091726064682e-03
8.386023342609405518e-02
-7.993601262569427490e-02
-1.021843999624252319e-01
-1.111147180199623108e-01
-3.292668145149946213e-03
-4.340424761176109314e-02
-1.007376015186309814e-01
2.187809720635414124e-02
1.183218136429786682e-02
-2.197603508830070496e-02
3.288855403661727905e-02
4.480687528848648071e-02
1.663456438109278679e-03
-6.148554384708404541e-02
5.086296051740646362e-02
-2.578407526016235352e-02
-2.453114371746778488e-03
-9.645301103591918945e-02
3.787519037723541260e-02
5.248192232102155685e-03
3.351828828454017639e-02
5.531334504485130310e-02
2.216484770178794861e-02
1.715504936873912811e-02
3.116839565336704254e-02
1.205888111144304276e-02
-3.565464913845062256e-02
-2.375580742955207825e-02
3.651604428887367249e-02
7.924114912748336792e-02
6.129968911409378052e-02
1.946616917848587036e-02
7.911265641450881958e-02
7.986466586589813232e-02
9.801359474658966064e-02
1.101392358541488647e-01
-4.969225823879241943e-02
-4.099456593394279480e-02
-4.645257443189620972e-02
-9.096460044384002686e-02
-3.853327594697475433e-03
-7.893750071525573730e-02
-7.027842849493026733e-02
-3.200478106737136841e-02
-2.234876342117786407e-02
-8.579674363136291504e-02
8.867426216602325439e-02
1.654967106878757477e-02
4.429503530263900757e-02
-5.933614820241928101e-02
-3.423619642853736877e-02
-4.295994341373443604e-02
1.669822074472904205e-02
-5.579594895243644714e-02
-7.512982189655303955e-02
8.379723131656646729e-02
1.227852106094360352e-01
3.352414444088935852e-02
4.394110292196273804e-02
8.428210765123367310e-02
2.814469859004020691e-02
2.249561436474323273e-02
2.901683002710342407e-02
4.093158617615699768e-02
-3.133612871170043945e-02
1.192013472318649292e-01
6.457551848143339157e-03
-5.685066431760787964e-02
-6.225922331213951111e-02
6.590548902750015259e-02
6.380567699670791626e-02
-6.000551581382751465e-02
-8.395329117774963379e-03
1.982351997867226601e-03
8.971807360649108887e-02
-6.332523375749588013e-02
-1.186206117272377014e-01
1.688097976148128510e-02
-1.499686390161514282e-02
4.167439043521881104e-02
-8.498104661703109741e-02
-4.267996922135353088e-02
-5.655613541603088379e-02
-7.140656560659408569e-02
7.270225137472152710e-02
9.156624227762222290e-02
-7.970398664474487305e-02
4.936005920171737671e-02
4.358161240816116333e-03
1.721924170851707458e-02
-6.255111843347549438e-02
1.209196262061595917e-02
4.720842838287353516e-02
9.211720526218414307e-02
3.715522959828376770e-02
4.724301397800445557e-02
-1.126313395798206329e-02
3.663397207856178284e-02
4.060359671711921692e-02
-4.981332272291183472e-02
-1.038834545761346817e-02
5.112569779157638550e-02
5.464687943458557129e-02
-3.054672107100486755e-02
-2.259074524044990540e-02
7.612586487084627151e-04
-3.577284514904022217e-03
4.800809919834136963e-02
-3.707997873425483704e-02
-2.218585833907127380e-02
-1.864733733236789703e-02
5.366038903594017029e-02
-6.956100929528474808e-03
1.411848887801170349e-02
8.773364126682281494e-02
2.586726844310760498e-02
3.568553179502487183e-02
4.338054731488227844e-02
3.013795614242553711e-02
3.534344583749771118e-02
4.075396060943603516e-02
1.399826630949974060e-02
-3.511884715408086777e-04
-3.277200972661375999e-03
-2.391516417264938354e-02
-6.046456843614578247e-02
-8.588759601116180420e-02
1.916276663541793823e-02
-5.275405943393707275e-02
-9.060149639844894409e-02
6.550048012286424637e-03
-9.610537439584732056e-02
-9.585550427436828613e-02
2.886011824011802673e-02
4.292873293161392212e-02
1.636392809450626373e-02
-1.365230511873960495e-02
-2.836040453985333443e-03
-5.321080610156059265e-02
2.796559408307075500e-02
3.107611089944839478e-02
5.657204613089561462e-02
-1.884295977652072906e-02
-9.623438119888305664e-03
1.081477031111717224e-01
-4.423702880740165710e-02
-4.501821100711822510e-02
-1.276342757046222687e-02
-6.032672896981239319e-02
-5.222878232598304749e-02
-4.467203095555305481e-02
-5.767387524247169495e-02
-4.161335527896881104e-02
-4.938956722617149353e-02
-6.350933015346527100e-02
-8.150162175297737122e-03
-5.079815164208412170e-02
1.858863234519958496e-02
-1.264063827693462372e-02
-2.276149578392505646e-02
-4.238487221300601959e-03
-6.887443363666534424e-02
-1.382976491004228592e-02
2.895073965191841125e-02
7.280474901199340820e-02
6.958253681659698486e-02
-2.604350261390209198e-02
2.102669700980186462e-02
2.234289422631263733e-02
-6.868748366832733154e-02
-3.557929396629333496e-02
7.648582104593515396e-03
-1.011084392666816711e-02
9.290757030248641968e-02
5.145132169127464294e-02
8.808626979589462280e-02
9.780149906873703003e-02
7.216141372919082642e-02
9.186854213476181030e-02
4.683283343911170959e-02
2.232314459979534149e-02
2.030166424810886383e-02
-8.311972022056579590e-02
-5.452903360128402710e-02
-1.907644048333168030e-02
-5.499571561813354492e-02
1.347624580375850201e-03
-7.566656172275543213e-02
-2.704259380698204041e-02
2.703060954809188843e-02
-4.602031037211418152e-02
-3.092082217335700989e-02
-7.574012130498886108e-02
-1.940240710973739624e-02
-6.190052255988121033e-03
-3.631987795233726501e-02
9.846307337284088135e-02
1.008140370249748230e-01
6.696669384837150574e-03
-6.110910698771476746e-02
-5.442785844206809998e-02
2.324298582971096039e-02
5.493913963437080383e-02
-3.175301477313041687e-02
-2.115810662508010864e-02
4.740479588508605957e-02
3.371782973408699036e-02
-1.481538731604814529e-02
6.464744359254837036e-02
-4.465537518262863159e-02
-1.495552435517311096e-02
3.583830967545509338e-02
5.041242577135562897e-03
-8.742857724428176880e-02
-2.789456583559513092e-02
5.057632550597190857e-02
1.275523751974105835e-02
-8.807759732007980347e-03
-8.148730546236038208e-02
1.521946862339973450e-02
6.892634183168411255e-02
2.647532674018293619e-04
2.107801288366317749e-02
-2.059443108737468719e-02
1.070191524922847748e-02
1.247190777212381363e-02
6.164071708917617798e-02
1.054924428462982178e-01
2.567617222666740417e-02
4.783791303634643555e-02
9.031936526298522949e-02
-3.594879235606640577e-04
-1.475079078227281570e-02
-3.048052825033664703e-02
-6.904415786266326904e-02
-7.096855342388153076e-02
-5.613864958286285400e-02
-5.691053345799446106e-02
-3.972913697361946106e-02
8.923877030611038208e-03
7.850251160562038422e-03
3.659904375672340393e-02
5.542302504181861877e-02
9.414533525705337524e-02
-4.400216974318027496e-03
-7.495624013245105743e-03
-9.416116029024124146e-02
3.384489566087722778e-02
4.785387590527534485e-02
3.454837948083877563e-02
1.336731854826211929e-02
9.730885177850723267e-02
6.860506534576416016e-02
1.618660241365432739e-02
6.958835572004318237e-02
7.800815254449844360e-02
4.215321689844131470e-02
3.587015671655535698e-03
2.094250917434692383e-02
5.207378417253494263e-02
-5.754892481490969658e-04
-6.411393731832504272e-02
-6.150821968913078308e-02
-6.492165476083755493e-02
-6.921572983264923096e-02
1.931858807802200317e-02
2.940468257293105125e-03
-6.794643704779446125e-04
1.041673198342323303e-01
6.818252056837081909e-02
5.683809146285057068e-02
-6.563328206539154053e-02
-7.114241272211074829e-02
2.668555453419685364e-02
-7.784843444824218750e-02
-5.688811838626861572e-02
2.092623151838779449e-02
-3.511224687099456787e-02
2.419297397136688232e-02
-1.857338845729827881e-02
-2.058099780697375536e-04
-1.190045755356550217e-02
6.632296741008758545e-02
-5.833513662219047546e-02
-8.255939185619354248e-02
-8.302769809961318970e-02
-2.144494652748107910e-02
-6.917406426509842277e-05
-6.206079572439193726e-02
3.161950036883354187e-02
3.451785817742347717e-02
3.686117380857467651e-02
4.742142185568809509e-02
4.143958445638418198e-03
1.305219251662492752e-02
3.682070411741733551e-03
2.127894898876547813e-03
9.874611161649227142e-03
1.774803921580314636e-02
-1.281471252441406250e-01
7.449383288621902466e-02
-4.095664992928504944e-02
9.544304013252258301e-02
-2.634476870298385620e-02
1.515938993543386459e-02
-6.602149456739425659e-02
1.608666032552719116e-02
3.874452039599418640e-02
4.928437527269124985e-03
-1.995482482016086578e-02
3.536224737763404846e-02
4.942178260535001755e-03
7.962433621287345886e-03
-8.522690273821353912e-03
-1.471584197133779526e-03
5.392618477344512939e-03
-5.947965383529663086e-02
-2.593665383756160736e-02
7.355069741606712341e-03
1.745280809700489044e-02
2.188526652753353119e-02
-7.924712263047695160e-03
4.602971673011779785e-02
1.803287863731384277e-02
2.453853748738765717e-02
-1.138254161924123764e-02
-1.484267320483922958e-02
-3.028714284300804138e-02
-2.556635253131389618e-02
-2.198401652276515961e-02
-3.383025899529457092e-02
-3.828750923275947571e-02
-4.392326995730400085e-02
-7.693195343017578125e-02
-6.254085153341293335e-02
-8.545767515897750854e-03
6.175026297569274902e-03
1.727864146232604980e-02
8.579188026487827301e-03
3.581156954169273376e-03
3.346244618296623230e-02
-4.806086421012878418e-02
-5.540142208337783813e-02
3.222897276282310486e-02
-2.515676431357860565e-02
-5.862201377749443054e-02
-6.233526859432458878e-03
1.917765475809574127e-02
-4.290868341922760010e-02
8.275748789310455322e-02
-7.847559638321399689e-03
-1.993408240377902985e-02
3.983334451913833618e-02
2.941238344646990299e-04
-2.780289202928543091e-02
-9.117719531059265137e-02
6.968960911035537720e-02
-1.680930494330823421e-03
4.682919755578041077e-02
-1.277773641049861908e-02
3.862896561622619629e-02
-2.140868641436100006e-02
-7.911466062068939209e-02
1.762580126523971558e-02
4.227166250348091125e-02
1.576572507619857788e-01
7.345055788755416870e-02
-3.253065049648284912e-02
-4.542286321520805359e-02
1.818593218922615051e-02
8.993616700172424316e-02
1.278458237648010254e-01
-3.128512576222419739e-02
-1.258336380124092102e-02
-7.400714606046676636e-02
2.815631031990051270e-02
2.466556034050881863e-04
1.137335747480392456e-01
1.828440092504024506e-02
-5.793834105134010315e-02
-1.660203188657760620e-02
-5.143974721431732178e-02
3.742688894271850586e-02
-8.699656277894973755e-02
-3.897552378475666046e-03
-1.714821718633174896e-02
3.219905123114585876e-02
-4.773061722517013550e-02
-1.584131643176078796e-02
-7.981380447745323181e-03
-5.341304093599319458e-02
-9.953082352876663208e-02
-6.894382182508707047e-03
5.781037732958793640e-02
2.377298288047313690e-02
-3.686963021755218506e-02
-4.412718489766120911e-02
-7.710773032158613205e-03
2.571112103760242462e-02
4.948396235704421997e-03
2.849231660366058350e-02
7.060828804969787598e-02
5.366631224751472473e-02
-6.436549872159957886e-02
2.121450565755367279e-02
5.938192456960678101e-02
-1.979003101587295532e-02
-2.977662021294236183e-03
-6.699396297335624695e-03
5.494790617376565933e-03
2.396992407739162445e-02
5.859008990228176117e-03
-3.374737128615379333e-02
-2.307615987956523895e-02
-4.732530936598777771e-02
-1.062675043940544128e-01
-8.124832063913345337e-02
6.376034021377563477e-02
-1.335324160754680634e-02
4.917271435260772705e-02
-7.367711048573255539e-03
3.400312364101409912e-02
5.646333843469619751e-02
2.148053422570228577e-02
-5.246239155530929565e-02
-2.518643997609615326e-02
1.363737136125564575e-01
-3.182322904467582703e-02
5.878400430083274841e-02
-6.158561445772647858e-03
2.842520363628864288e-02
-9.566259384155273438e-02
-8.389096707105636597e-03
-1.784425042569637299e-02
-1.723681762814521790e-02
-1.419833581894636154e-02
-1.461677812039852142e-02
-1.615435816347599030e-02
-3.386867931112647057e-03
4.206737503409385681e-03
2.758467756211757660e-02
1.426811609417200089e-02
2.960141748189926147e-02
-4.021395370364189148e-02
-3.515504673123359680e-02
2.527759410440921783e-02
1.125830411911010742e-02
-6.163900252431631088e-03
2.601269632577896118e-02
1.002743653953075409e-02
1.021183468401432037e-02
-1.473051868379116058e-02
-3.038244135677814484e-02
-3.551295399665832520e-02
-2.878117002546787262e-02
-4.368859529495239258e-02
-4.130613058805465698e-02
-4.070237651467323303e-02
-4.889997839927673340e-02
-5.539615824818611145e-02
-6.571672856807708740e-02
1.960155926644802094e-02
1.113362237811088562e-02
-1.725789718329906464e-02
4.675309639424085617e-03
-1.141842175275087357e-02
4.063002392649650574e-02
2.384400926530361176e-02
-1.185393892228603363e-02
-1.632393896579742432e-02
2.764394506812095642e-02
1.962893642485141754e-02
3.542184084653854370e-02
6.390569359064102173e-02
4.274671152234077454e-02
2.521858736872673035e-02
2.954893559217453003e-02
1.563675515353679657e-02
3.772401064634323120e-02
2.392067015171051025e-02
-1.613180898129940033e-02
-5.523797124624252319e-02
-9.523690491914749146e-02
-7.474680244922637939e-02
-9.320035576820373535e-02
-7.629705965518951416e-02
-4.182025045156478882e-02
2.065698988735675812e-02
8.928708732128143311e-03
-1.084684859961271286e-03
3.849427774548530579e-02
6.823159754276275635e-02
6.170672923326492310e-02
5.884050577878952026e-02
3.492056578397750854e-02
3.789551183581352234e-02
-4.562568664550781250e-02
4.289462231099605560e-03
2.966926246881484985e-02
-2.485568448901176453e-02
3.763469401746988297e-03
-2.026014553848654032e-04
1.764354528859257698e-03
7.807859219610691071e-03
-2.029778994619846344e-02
-2.784781903028488159e-02
1.186509151011705399e-02
-2.222808636724948883e-02
-7.423206698149442673e-04
-5.529552232474088669e-03
-4.161951690912246704e-02
1.449873950332403183e-02
-4.705775529146194458e-03
-2.847856283187866211e-02
3.655192628502845764e-02
1.664667576551437378e-02
8.368494361639022827e-02
-8.577842265367507935e-03
6.662325002253055573e-03
2.910833060741424561e-02
-1.634373143315315247e-02
-2.796202152967453003e-02
-8.959773927927017212e-03
-6.375689059495925903e-02
-4.837153106927871704e-02
-3.002532199025154114e-02
-4.655794426798820496e-02
-1.261078286916017532e-02
1.367613207548856735e-02
-2.090419828891754150e-02
2.280903793871402740e-02
2.838615514338016510e-02
2.290877164341509342e-04
3.038452006876468658e-02
3.574943542480468750e-02
-5.454202368855476379e-02
-3.139955177903175354e-02
-3.070067241787910461e-02
-8.687905967235565186e-02
-4.137063398957252502e-02
-3.958467021584510803e-02
-2.966447360813617706e-02
-1.320475712418556213e-02
4.303062707185745239e-02
2.958329580724239349e-02
1.927490532398223877e-02
3.155768662691116333e-02
4.060825332999229431e-02
2.809473313391208649e-02
2.295637317001819611e-02
-8.167247287929058075e-03
3.178532421588897705e-02
3.655863925814628601e-02
-1.923988200724124908e-02
1.537284255027770996e-02
2.083276025950908661e-02
-5.946370214223861694e-02
-2.534518949687480927e-02
-1.745941676199436188e-02
6.367732584476470947e-02
-2.765737846493721008e-02
-2.620211616158485413e-02
3.722802922129631042e-02
2.802448114380240440e-03
1.364472042769193649e-02
1.438895706087350845e-04
2.223867923021316528e-02
7.647921890020370483e-02
-4.374181106686592102e-02
-4.069326817989349365e-02
-1.666761701926589012e-03
-7.217322289943695068e-02
-5.797114968299865723e-02
1.715692132711410522e-02
-8.473026752471923828e-02
-2.579645626246929169e-02
1.115013211965560913e-01
4.574412479996681213e-02
2.079948037862777710e-02
-2.221503108739852905e-02
5.046727508306503296e-02
7.407812774181365967e-02
5.745084956288337708e-02
4.096252471208572388e-02
6.817965209484100342e-02
4.848029091954231262e-02
1.150089204311370850e-01
-1.488920301198959351e-01
7.687477022409439087e-02
1.485670208930969238e-01
-2.058679014444351196e-01
9.511370956897735596e-02
8.445390313863754272e-02
-3.232653439044952393e-02
-1.308158412575721741e-02
-1.707750372588634491e-02
-5.368431657552719116e-02
1.137789059430360794e-02
-2.858039923012256622e-02
-6.670336425304412842e-02
-4.715970251709222794e-03
-1.522620581090450287e-02
-4.542368277907371521e-02
1.841588132083415985e-02
3.169764531776309013e-03
4.797679558396339417e-02
4.882203415036201477e-02
2.418180741369724274e-02
1.053581833839416504e-01
6.931215524673461914e-02
-4.007528722286224365e-02
1.052532494068145752e-01
8.274351246654987335e-03
-4.095862805843353271e-02
-5.916006397455930710e-03
-7.155593484640121460e-02
-1.628452725708484650e-02
3.475667908787727356e-02
4.445736482739448547e-02
3.511151764541864395e-03
4.494546726346015930e-02
2.750610187649726868e-02
8.843242377042770386e-02
-3.249277174472808838e-02
-7.548367604613304138e-03
8.730335533618927002e-02
-1.828915812075138092e-02
-2.625784464180469513e-02
5.395006388425827026e-02
3.968939185142517090e-03
-3.994499146938323975e-02
-3.644203767180442810e-02
-1.463816873729228973e-02
-2.171203307807445526e-02
-5.369998887181282043e-02
-3.004524111747741699e-02
-5.990047380328178406e-02
-2.140674740076065063e-02
5.371253471821546555e-03
-2.093306370079517365e-02
6.021655630320310593e-03
-6.907503120601177216e-03
-2.215919550508260727e-03
-6.419964134693145752e-02
1.624387055635452271e-01
-5.227433983236551285e-03
-6.970926374197006226e-02
1.290894448757171631e-01
4.233348742127418518e-02
-3.180043026804924011e-02
-4.432409256696701050e-02
-1.657735370099544525e-02
-6.045498326420783997e-02
1.932629011571407318e-02
-6.444265693426132202e-02
-3.766176104545593262e-02
5.380545184016227722e-02
-7.087157666683197021e-02
-5.217282846570014954e-02
-3.605064004659652710e-03
-6.522668898105621338e-02
4.697499796748161316e-03
8.465726859867572784e-03
-1.052597351372241974e-02
8.600525557994842529e-02
1.372263487428426743e-02
4.229530692100524902e-02
-2.654739469289779663e-02
-6.967699737288057804e-04
-5.933838710188865662e-02
-8.562484756112098694e-03
-8.729396760463714600e-02
-6.069711223244667053e-02
5.378427449613809586e-03
-9.855762869119644165e-02
-6.073219701647758484e-02
-4.868979379534721375e-02
1.910962630063295364e-03
8.048598654568195343e-03
-9.114710241556167603e-02
7.696128915995359421e-03
7.978121936321258545e-02
-4.484583064913749695e-02
-6.381574273109436035e-02
6.825818866491317749e-02
2.044488489627838135e-02
7.970060408115386963e-02
7.368561625480651855e-02
7.621461153030395508e-02
9.552770853042602539e-02
1.227611973881721497e-01
3.273816406726837158e-02
1.838712207973003387e-02
6.479427963495254517e-02
-1.951522892341017723e-03
-4.232278466224670410e-02
1.735749281942844391e-02
-3.063877113163471222e-02
-6.565399467945098877e-02
-1.627332717180252075e-02
-3.587330877780914307e-02
-6.814423948526382446e-02
-2.067329175770282745e-02
-1.622555661015212536e-03
1.198985800147056580e-02
4.871531389653682709e-03
9.058135561645030975e-03
6.458718329668045044e-03
2.523761242628097534e-02
7.471379637718200684e-02
1.717527484288439155e-04
7.875946909189224243e-02
8.507134392857551575e-03
-1.987759396433830261e-02
3.073998540639877319e-02
-3.962111100554466248e-02
9.826543927192687988e-02
-3.171065822243690491e-02
-1.015544831752777100e-01
4.347132146358489990e-02
1.536183245480060577e-02
-5.093776434659957886e-02
-1.030131336301565170e-02
7.768711447715759277e-02
-4.258786141872406006e-02
1.363784354180097580e-02
6.117325648665428162e-02
1.136778667569160461e-02
2.192759700119495392e-02
1.388672087341547012e-02
-2.519648056477308273e-03
3.214420750737190247e-02
-4.753429442644119263e-02
-3.342628711834549904e-03
4.089139774441719055e-02
-5.891605094075202942e-02
4.513991996645927429e-03
8.759233169257640839e-03
-3.575319796800613403e-02
-9.067539125680923462e-03
-2.190077863633632660e-02
-5.616853013634681702e-02
5.211239308118820190e-02
7.394519448280334473e-02
1.590510644018650055e-02
5.668706074357032776e-02
1.046095713973045349e-01
3.338924050331115723e-02
-3.838983550667762756e-02
-1.532546058297157288e-02
-2.747553773224353790e-02
2.328588627278804779e-03
-3.836041316390037537e-03
-3.205320099368691444e-03
3.387016803026199341e-02
1.252634171396493912e-02
-1.744576916098594666e-02
4.737437143921852112e-02
9.617073461413383484e-03
-2.455009520053863525e-02
5.297408625483512878e-02
-1.827624253928661346e-02
-6.400159001350402832e-02
-3.083443641662597656e-02
-8.404080569744110107e-02
-9.106496721506118774e-02
-9.761854074895381927e-03
1.385245821438729763e-03
2.547200303524732590e-03
-2.341614337638020515e-03
1.563964970409870148e-02
4.485785961151123047e-03
2.502590417861938477e-02
8.870172314345836639e-03
-1.531539950519800186e-02
-4.516371339559555054e-02
-3.148047253489494324e-02
-3.481676802039146423e-02
2.017341367900371552e-02
3.422987088561058044e-02
6.530966609716415405e-03
6.949964910745620728e-02
9.214171767234802246e-02
8.254021406173706055e-02
2.123486995697021484e-02
-2.627516165375709534e-02
-2.091214247047901154e-02
2.828047424554824829e-02
-3.341049328446388245e-02
-3.074398636817932129e-02
9.760145097970962524e-03
-3.166483715176582336e-02
-3.587254136800765991e-02
4.679741710424423218e-02
-5.999698769301176071e-03
-2.712340652942657471e-02
1.123055163770914078e-02
-3.987933043390512466e-03
-3.055952489376068115e-03
-3.681793063879013062e-02
-4.893089830875396729e-02
-1.840927824378013611e-02
1.944738440215587616e-02
6.925337016582489014e-02
2.019614167511463165e-02
-2.964878268539905548e-02
-1.961846463382244110e-02
-2.070555835962295532e-02
-3.924586623907089233e-02
-3.485989291220903397e-03
3.911988809704780579e-03
-4.362874198704957962e-03
-1.146604306995868683e-03
-8.647720096632838249e-04
-1.873117126524448395e-02
1.298016216605901718e-02
-2.017579972743988037e-02
-4.824288934469223022e-02
-1.550112571567296982e-02
-1.495907083153724670e-02
4.505176562815904617e-03
1.318259630352258682e-02
-4.048075061291456223e-03
-2.138072857633233070e-03
3.012700006365776062e-03
1.841962896287441254e-02
-6.414148211479187012e-02
-2.998767793178558350e-02
-2.469303831458091736e-02
-9.897671639919281006e-02
-6.562691926956176758e-02
-5.367287993431091309e-02
-2.087261155247688293e-02
-5.379106476902961731e-02
-2.005502209067344666e-02
1.299768220633268356e-02
1.378908753395080566e-02
3.793210536241531372e-02
1.402029767632484436e-02
2.830547839403152466e-02
1.573590934276580811e-02
1.192396599799394608e-02
2.483052387833595276e-02
1.335955131798982620e-02
-5.399012006819248199e-03
6.329303141683340073e-03
-5.889943335205316544e-03
-6.290233880281448364e-02
-2.529839426279067993e-02
-1.282813586294651031e-02
-1.811392605304718018e-02
2.045129239559173584e-02
3.461080417037010193e-02
1.463112141937017441e-02
2.821304462850093842e-02
5.562070757150650024e-02
-2.793464064598083496e-02
-4.883674532175064087e-02
-1.716051809489727020e-02
-6.889677606523036957e-03
-3.363729640841484070e-02
-6.507655233144760132e-02
7.515026722103357315e-03
-4.539326205849647522e-02
-7.230713218450546265e-02
7.384870946407318115e-02
7.588033378124237061e-02
2.162669040262699127e-02
4.155196994543075562e-02
1.758238300681114197e-02
-2.839475497603416443e-02
5.567172076553106308e-03
-8.821651339530944824e-03
-4.708641394972801208e-02
-4.100971296429634094e-02
-7.029099762439727783e-02
9.563116356730461121e-03
-2.630124986171722412e-02
2.724324353039264679e-02
2.534003742039203644e-02
-1.674586720764636993e-02
3.342934325337409973e-02
7.104557752609252930e-02
-4.979051649570465088e-02
-3.259616345167160034e-02
-1.499477960169315338e-02
-5.051522329449653625e-02
-2.899930439889431000e-02
1.420713309198617935e-02
-4.171004146337509155e-02
4.156513605266809464e-03
3.507168591022491455e-02
3.112579695880413055e-02
-2.719922922551631927e-02
-4.427042976021766663e-02
-5.252080783247947693e-02
-6.694432348012924194e-02
-4.171995818614959717e-02
-1.055179238319396973e-01
-7.906407862901687622e-02
-3.771246969699859619e-02
5.797573551535606384e-02
4.048842191696166992e-02
-2.288997359573841095e-02
7.628673315048217773e-02
7.224419713020324707e-02
4.228861629962921143e-02
2.959548495709896088e-02
3.213069960474967957e-02
1.193533651530742645e-02
7.109072059392929077e-02
5.409280583262443542e-02
-1.510323490947484970e-02
1.581693999469280243e-02
-8.360437350347638130e-04
-3.622284904122352600e-02
-4.067429341375827789e-03
-2.663487754762172699e-02
-7.979640504345297813e-04
-1.869953610002994537e-02
1.890094764530658722e-02
3.101697377860546112e-02
7.075571268796920776e-02
9.122351557016372681e-02
6.186410784721374512e-02
7.817459106445312500e-02
6.543118506669998169e-02
4.112961515784263611e-02
-4.324996471405029297e-02
-4.928811639547348022e-02
1.249481085687875748e-02
-5.827293172478675842e-02
-2.617174945771694183e-02
-3.128448873758316040e-02
-5.635150149464607239e-02
-3.627449646592140198e-02
-3.707677870988845825e-02
3.395236097276210785e-03
4.632385447621345520e-02
4.929617792367935181e-02
9.287238866090774536e-02
8.145300298929214478e-02
4.234243184328079224e-02
5.701738595962524414e-02
7.630029320716857910e-02
3.488602861762046814e-02
6.212806701660156250e-02
-2.376827597618103027e-02
-3.820905834436416626e-02
-6.493542343378067017e-02
-4.738703370094299316e-02
-9.370646439492702484e-04
3.048135153949260712e-02
3.422395884990692139e-02
2.900252118706703186e-02
2.411574684083461761e-02
7.647623121738433838e-02
5.781105160713195801e-02
5.910937488079071045e-02
1.451021060347557068e-02
-5.002121906727552414e-03
1.378057338297367096e-02
1.418723026290535927e-03
-5.540928244590759277e-02
4.832033533602952957e-03
3.248157724738121033e-02
4.012060537934303284e-02
8.349349722266197205e-03
3.354661166667938232e-02
9.004190564155578613e-03
-5.188811104744672775e-03
-8.463626727461814880e-03
1.037225127220153809e-02
5.397504568099975586e-02
2.927498891949653625e-02
1.642679981887340546e-02
-1.705952920019626617e-02
-1.492931321263313293e-02
-1.949886977672576904e-02
-3.453139215707778931e-02
-6.023502349853515625e-02
-5.079388990998268127e-02
-1.298096962273120880e-02
-3.035730682313442230e-02
6.949448143132030964e-04
-3.290580585598945618e-02
-3.883350640535354614e-02
-7.869265042245388031e-03
-4.292227700352668762e-02
-4.146648943424224854e-02
-2.835572231560945511e-03
-3.914302214980125427e-03
-2.224160358309745789e-02
-2.163376193493604660e-03
5.581846460700035095e-03
-5.820916220545768738e-02
-7.315610349178314209e-02
1.917986199259757996e-02
-1.552731916308403015e-02
-1.114334613084793091e-01
-3.833197290077805519e-03
4.100556299090385437e-02
-1.148532237857580185e-02
-5.646985955536365509e-03
-2.113722264766693115e-02
-6.668414920568466187e-02
-4.775353521108627319e-02
-5.282392259687185287e-03
3.624216094613075256e-02
2.482058480381965637e-02
8.817763067781925201e-03
3.170522674918174744e-02
2.541565336287021637e-02
2.579128555953502655e-02
1.061194925568997860e-03
2.100997371599078178e-03
2.379215136170387268e-02
-6.144558079540729523e-03
-1.002966836094856262e-01
9.513410180807113647e-02
2.893487177789211273e-02
-1.367378421127796173e-02
5.836400017142295837e-02
-4.972297325730323792e-02
8.773059584200382233e-03
6.120900437235832214e-02
2.655492350459098816e-02
-1.808056724257767200e-03
-1.323898881673812866e-02
3.040816821157932281e-02
-2.488346211612224579e-02
-8.268544450402259827e-03
3.914951533079147339e-02
-4.229462146759033203e-02
-2.472913265228271484e-02
4.186429828405380249e-02
-5.086605250835418701e-02
3.353385627269744873e-02
9.791291505098342896e-02
-4.372360929846763611e-02
1.730825193226337433e-02
6.239144504070281982e-02
9.426983073353767395e-03
6.931383907794952393e-02
1.161161903291940689e-02
7.531029731035232544e-02
3.066167049109935760e-02
3.058232925832271576e-02
-7.753102108836174011e-04
-7.468810304999351501e-03
-1.711416244506835938e-02
7.683113217353820801e-03
1.204456854611635208e-02
-2.330996096134185791e-02
7.340149581432342529e-02
-3.066380135715007782e-02
-2.640542946755886078e-02
-5.578556563705205917e-03
-1.167100444436073303e-01
-1.053072661161422729e-01
-5.890065059065818787e-02
-6.100993603467941284e-02
-1.122248768806457520e-01
-2.399776317179203033e-02
-2.502477262169122696e-03
2.814460545778274536e-02
-1.006591320037841797e-02
-5.092879757285118103e-02
-1.556957606226205826e-02
1.654228009283542633e-02
-7.988135330379009247e-03
-1.353775989264249802e-02
-2.788514131680130959e-03
4.101580753922462463e-02
-9.257039055228233337e-03
1.835736185312271118e-01
1.246578171849250793e-01
-5.490649119019508362e-02
4.681752249598503113e-02
2.175967581570148468e-02
1.307419780641794205e-02
-3.298616781830787659e-02
2.863431908190250397e-02
4.795812070369720459e-02
6.571646034717559814e-02
-1.441067084670066833e-02
-8.998581022024154663e-02
-9.913035668432712555e-03
-7.383958250284194946e-02
-8.865699172019958496e-03
-1.186982989311218262e-01
-6.240494921803474426e-02
-4.058175906538963318e-02
-7.477276772260665894e-02
6.780581176280975342e-02
6.442436575889587402e-02
-2.171071246266365051e-02
5.178399384021759033e-02
-7.311195880174636841e-02
4.456953145563602448e-03
-1.673717051744461060e-02
-2.494868263602256775e-02
-5.438123643398284912e-02
-1.218336727470159531e-02
4.855258017778396606e-02
-1.013847887516021729e-01
2.243700204417109489e-03
8.902228623628616333e-02
-7.508377544581890106e-03
-2.691692486405372620e-02
-3.509533777832984924e-02
1.090598255395889282e-01
9.727957099676132202e-02
6.870955694466829300e-03
2.966703288257122040e-02
-1.586738415062427521e-02
4.049662966281175613e-03
3.531065210700035095e-02
5.500087887048721313e-02
-8.484214544296264648e-03
2.133839018642902374e-02
6.890241801738739014e-02
3.510582726448774338e-03
1.618928834795951843e-02
4.004277661442756653e-02
-5.247986316680908203e-02
-3.602590039372444153e-02
-8.541824668645858765e-02
-1.212493889033794403e-02
-5.015659332275390625e-02
-9.933947026729583740e-02
-1.585941016674041748e-02
-5.329553037881851196e-02
-9.173715859651565552e-02
-1.087293028831481934e-02
1.840629801154136658e-02
3.824312984943389893e-02
-2.700695767998695374e-02
8.006455376744270325e-03
1.768027245998382568e-02
-6.789571046829223633e-02
-2.390555664896965027e-02
-2.828630059957504272e-02
-1.165414005517959595e-01
-4.764413088560104370e-02
-1.840696902945637703e-03
2.410083077847957611e-03
-7.568649947643280029e-02
-1.284215897321701050e-01
3.375533595681190491e-02
-1.145616732537746429e-02
-2.800921909511089325e-02
4.087125882506370544e-03
7.138006389141082764e-03
4.526999779045581818e-03
1.938268914818763733e-02
-4.843334853649139404e-02
3.573235496878623962e-02
3.458147868514060974e-02
-5.061420798301696777e-02
7.117419689893722534e-02
-5.901764612644910812e-03
-8.781575411558151245e-02
4.167429357767105103e-02
6.193957477807998657e-02
-4.376937076449394226e-02
3.908555209636688232e-02
-5.727533623576164246e-02
-4.987380653619766235e-02
-5.519309546798467636e-03
3.502012789249420166e-02
-5.257707380224019289e-05
-1.101159956306219101e-02
2.510851062834262848e-02
-3.883780678734183311e-03
-1.021932438015937805e-02
3.089422546327114105e-02
-1.332179643213748932e-02
-1.168145984411239624e-02
2.695207856595516205e-02
3.373384103178977966e-02
4.499482456594705582e-03
-3.611077368259429932e-02
-8.319304138422012329e-02
-9.718813002109527588e-02
-3.149268031120300293e-02
-5.140072107315063477e-02
-4.943099245429039001e-02
-1.416494697332382202e-02
9.777574799954891205e-03
2.153669949620962143e-03
1.712192222476005554e-02
-1.838633045554161072e-02
2.400712482631206512e-02
1.774869859218597412e-02
9.239014238119125366e-03
-2.010541269555687904e-03
1.363666355609893799e-02
-8.255315013229846954e-03
-5.863120406866073608e-02
-5.920386686921119690e-02
-2.152050472795963287e-02
5.601403862237930298e-02
7.247152924537658691e-02
2.291114628314971924e-02
6.130106374621391296e-02
7.399506121873855591e-02
-3.443557769060134888e-02
1.890805666334927082e-03
2.732959762215614319e-02
5.668134987354278564e-02
7.803321629762649536e-02
3.490673378109931946e-02
5.532471090555191040e-02
-1.781335659325122833e-02
1.680871099233627319e-02
-1.243271026760339737e-02
-1.019935216754674911e-02
4.633062519133090973e-03
1.155896037817001343e-01
6.676112860441207886e-02
-3.670933470129966736e-02
1.253404468297958374e-02
-1.234354600310325623e-01
3.418684005737304688e-02
-7.686315570026636124e-03
1.416875794529914856e-02
2.214502543210983276e-02
2.914420515298843384e-02
-3.668992593884468079e-02
-9.759278595447540283e-02
-1.149508170783519745e-02
-3.123424760997295380e-02
4.004712402820587158e-02
3.003829903900623322e-02
-6.651417165994644165e-02
2.112871035933494568e-03
-8.308367431163787842e-02
4.984829574823379517e-02
7.538393139839172363e-02
5.293281376361846924e-02
6.637028604745864868e-02
-6.266195327043533325e-02
-2.793259918689727783e-02
3.516423981636762619e-03
1.240667030215263367e-01
-5.576275289058685303e-02
9.351526200771331787e-02
6.688379496335983276e-02
-2.393999136984348297e-02
5.977936089038848877e-02
1.735418289899826050e-02
-1.077354047447443008e-02
9.530603885650634766e-03
2.909608930349349976e-02
-1.317667309194803238e-02
3.366956487298011780e-03
-8.414168655872344971e-02
-4.990756884217262268e-02
-5.534060671925544739e-02
1.707101427018642426e-02
-8.195956051349639893e-02
-8.988643437623977661e-02
-1.093207821249961853e-01
-4.380580410361289978e-02
-7.951186597347259521e-02
-6.821215897798538208e-02
-2.364138886332511902e-02
-2.060520462691783905e-02
-1.571806892752647400e-02
-1.947458088397979736e-02
-3.758893162012100220e-02
-1.473251823335886002e-02
-4.316681250929832458e-02
-6.280713528394699097e-02
-2.282638289034366608e-02
-5.495294928550720215e-02
-7.060495018959045410e-02
-2.396729029715061188e-02
-1.712381839752197266e-02
2.503199875354766846e-02
3.239133581519126892e-02
-5.620756372809410095e-02
5.261773988604545593e-02
5.905587971210479736e-02
-5.897475406527519226e-02
-1.787079311907291412e-02
-5.423783324658870697e-03
1.043296605348587036e-02
-2.562382072210311890e-02
-3.697507455945014954e-02
1.417415216565132141e-02
-4.629882052540779114e-02
6.575804203748703003e-02
1.706792227923870087e-02
4.722998291254043579e-02
7.841056585311889648e-02
-1.843177899718284607e-02
-5.379582755267620087e-03
-4.777676239609718323e-02
-2.650013566017150879e-02
-1.298950426280498505e-02
-2.973602712154388428e-02
-1.260335557162761688e-02
-2.196148782968521118e-02
-2.252995409071445465e-02
4.273817874491214752e-03
-1.332013588398694992e-02
9.461111389100551605e-03
-4.807151108980178833e-02
-3.060790186282247305e-04
-4.016217589378356934e-02
-5.235367640852928162e-02
-3.302831947803497314e-02
-4.520771652460098267e-02
-2.574957162141799927e-02
-4.846639186143875122e-02
-2.553268708288669586e-02
-1.911443658173084259e-02
-5.466303229331970215e-02
-2.759960666298866272e-02
2.693855948746204376e-02
-1.118005439639091492e-02
-8.267643279395997524e-04
-4.567260853946208954e-03
-2.663962915539741516e-02
-3.529113531112670898e-02
-9.990762919187545776e-03
-3.397058323025703430e-02
-1.270106434822082520e-02
-4.107087478041648865e-02
-3.119551762938499451e-02
6.961247418075799942e-03
-5.960902944207191467e-02
-2.222893387079238892e-02
-6.609651260077953339e-03
1.221785508096218109e-02
2.601459994912147522e-02
3.066089004278182983e-02
4.481761157512664795e-02
5.459514632821083069e-02
3.162513300776481628e-02
-1.491764653474092484e-02
-8.200366981327533722e-03
-4.760177806019783020e-02
-9.316067211329936981e-03
3.065083175897598267e-03
-3.694667294621467590e-02
4.436763934791088104e-03
1.114564668387174606e-02
-2.888704277575016022e-02
-1.433796528726816177e-02
4.105473868548870087e-03
-1.425840333104133606e-02
1.298308838158845901e-02
3.851383179426193237e-02
2.320857346057891846e-02
-4.838599357753992081e-03
2.531992644071578979e-02
6.319230422377586365e-03
-1.914187707006931305e-02
-1.129804179072380066e-03
-2.553441934287548065e-02
-2.620499394834041595e-02
2.938853763043880463e-02
1.453845109790563583e-02
-5.840430385433137417e-04
-2.797980420291423798e-02
1.151313725858926773e-02
-3.273686021566390991e-02
2.412557229399681091e-02
1.976988092064857483e-02
-1.730816438794136047e-03
6.263227760791778564e-02
7.151994109153747559e-02
-1.617810316383838654e-02
1.298123039305210114e-03
2.567262761294841766e-02
9.232542477548122406e-03
9.003754705190658569e-03
-1.728762686252593994e-02
-8.036782965064048767e-03
-7.346548140048980713e-02
-2.184124849736690521e-02
6.521420180797576904e-02
7.581865787506103516e-02
8.387649431824684143e-03
-6.052606180310249329e-02
-2.751185325905680656e-03
4.227187484502792358e-02
-4.312322288751602173e-02
7.575295865535736084e-03
4.046187177300453186e-02
-1.887879893183708191e-02
3.878908231854438782e-02
4.544815421104431152e-02
9.065023623406887054e-03
-1.936681754887104034e-02
-1.073233596980571747e-02
9.307038271799683571e-04
-6.431861780583858490e-03
2.494885958731174469e-02
1.263669971376657486e-02
-4.664444830268621445e-03
2.557516098022460938e-02
3.242275444790720940e-03
2.296392992138862610e-02
3.387148259207606316e-03
-1.052660401910543442e-02
1.384963840246200562e-02
5.496015772223472595e-03
-9.635828435420989990e-03
8.090809918940067291e-03
1.321360375732183456e-02
5.271665379405021667e-02
3.904503211379051208e-02
4.169347230345010757e-03
6.233276426792144775e-02
4.924207553267478943e-02
1.137968432158231735e-02
3.420290350914001465e-02
2.235613577067852020e-02
-1.484240964055061340e-02
-1.118837296962738037e-02
1.310061477124691010e-02
2.326765283942222595e-02
-1.635004952549934387e-02
-2.481997944414615631e-02
-3.597155585885047913e-02
-4.631686583161354065e-02
-4.850706085562705994e-02
-6.597761809825897217e-02
-1.297895982861518860e-02
1.659516477957367897e-03
-2.179406397044658661e-02
1.056056655943393707e-02
8.096205070614814758e-03
-6.134033203125000000e-02
-4.886516369879245758e-03
-2.123668417334556580e-02
-2.414591982960700989e-02
8.145330846309661865e-02
3.226862475275993347e-02
9.824040345847606659e-03
3.405165299773216248e-02
4.382085427641868591e-02
1.975623704493045807e-02
1.402657758444547653e-02
-1.444373652338981628e-02
1.033984962850809097e-02
-1.103058606386184692e-01
1.272610872983932495e-01
-6.865953654050827026e-02
-3.870610892772674561e-02
4.522520303726196289e-02
5.557189229875802994e-03
-1.730132289230823517e-02
8.549552410840988159e-02
3.471801429986953735e-02
1.551296375691890717e-02
5.849647521972656250e-02
3.484085947275161743e-02
-4.085579141974449158e-02
2.169958874583244324e-02
-6.940725725144147873e-03
-4.232895746827125549e-02
-1.778295636177062988e-02
-3.414114564657211304e-02
1.225100178271532059e-02
2.423484064638614655e-02
-2.439337223768234253e-02
-5.922478809952735901e-02
3.986026346683502197e-02
-5.929915606975555420e-02
1.047276146709918976e-02
-4.190041124820709229e-02
2.782684285193681717e-03
4.501474648714065552e-02
-4.710541665554046631e-02
2.116006053984165192e-02
1.985209248960018158e-02
-3.083770908415317535e-02
-1.393132377415895462e-02
4.371527582406997681e-02
3.404208691790699959e-03
-5.522398650646209717e-02
3.396652638912200928e-03
1.257555559277534485e-02
4.657506942749023438e-02
2.413705550134181976e-02
2.163060242310166359e-03
2.227250719442963600e-03
2.309400402009487152e-02
-2.488064952194690704e-02
3.263714956119656563e-03
-8.114184252917766571e-03
-2.187515055993571877e-04
9.106128476560115814e-03
1.212318055331707001e-02
-6.443764548748731613e-03
2.466081641614437103e-02
-2.621516026556491852e-02
-1.959764771163463593e-02
3.481081500649452209e-02
-9.603546559810638428e-02
-5.368931964039802551e-02
-3.125702217221260071e-02
9.593388438224792480e-02
-1.333415657281875610e-01
5.240849032998085022e-02
1.663857512176036835e-02
-4.436792805790901184e-02
9.011119604110717773e-03
-2.217369526624679565e-02
1.046541798859834671e-02
6.167898420244455338e-03
5.125738680362701416e-02
-2.635586075484752655e-02
3.146175062283873558e-03
4.902438074350357056e-02
3.336468711495399475e-02
4.535363055765628815e-03
-1.862498931586742401e-02
-5.891380086541175842e-02
-8.151489496231079102e-02
-5.200830847024917603e-02
3.042113222181797028e-02
-1.913149096071720123e-02
-6.896264106035232544e-02
-2.542947046458721161e-02
-2.485776133835315704e-02
1.160177662968635559e-01
1.594684645533561707e-02
5.161284934729337692e-03
4.569596052169799805e-02
7.134649157524108887e-02
1.486846338957548141e-02
3.821926936507225037e-02
-6.580165121704339981e-03
-1.141705643385648727e-02
-7.008176296949386597e-02
-3.058222122490406036e-02
-5.082574672996997833e-03
3.196642175316810608e-02
8.826433867216110229e-02
-1.108244508504867554e-01
6.336066126823425293e-02
6.869784742593765259e-02
-7.272768765687942505e-03
-1.339544728398323059e-02
-2.046071924269199371e-03
6.274107098579406738e-02
-5.298065766692161560e-02
-5.564057826995849609e-02
-3.230737638659775257e-04
-5.843472480773925781e-02
-5.946646910160779953e-03
-1.325640454888343811e-02
-5.211517959833145142e-02
-2.295473776757717133e-02
-6.430621445178985596e-02
-6.010713800787925720e-02
-3.139152005314826965e-02
-6.656047701835632324e-02
-3.722585365176200867e-02
-1.016661245375871658e-02
-3.914562985301017761e-02
3.545577451586723328e-02
-5.230129137635231018e-02
-6.364648044109344482e-02
3.845036402344703674e-02
-7.421356439590454102e-02
-8.998400717973709106e-02
-2.301712334156036377e-02
-9.998350590467453003e-02
-1.340053230524063110e-02
1.523116044700145721e-02
2.438567019999027252e-02
5.272691324353218079e-02
3.780644014477729797e-02
-5.961320176720619202e-02
3.985099866986274719e-02
6.786591559648513794e-02
-7.260872423648834229e-02
-7.920683920383453369e-02
-2.784565649926662445e-02
1.916035637259483337e-02
2.701528929173946381e-02
-6.466632243245840073e-03
4.827630519866943359e-02
3.534759581089019775e-02
-6.794265657663345337e-02
-3.041203506290912628e-02
2.552221156656742096e-02
-2.650550939142704010e-02
8.795280009508132935e-02
-1.195808798074722290e-01
3.571941051632165909e-03
-3.024953976273536682e-02
2.258273586630821228e-02
2.225564233958721161e-02
-8.815825916826725006e-03
-2.964890934526920319e-02
7.880839519202709198e-03
-1.937554962933063507e-02
-3.896351531147956848e-02
6.421223282814025879e-02
8.214393630623817444e-03
-5.049771070480346680e-02
5.836210027337074280e-02
-2.692716568708419800e-02
-1.135449931025505066e-01
1.044823378324508667e-01
1.234574839472770691e-01
2.055549621582031250e-02
2.501037716865539551e-02
9.165836870670318604e-02
4.571525380015373230e-02
4.393661860376596451e-03
5.775149911642074585e-02
6.427821516990661621e-02
2.342750318348407745e-02
-5.766995996236801147e-02
1.296342071145772934e-02
-5.293228477239608765e-02
-9.057778120040893555e-02
-2.889267355203628540e-02
-2.910041436553001404e-02
-3.392821922898292542e-02
-1.015585288405418396e-02
-3.585709258913993835e-02
-3.502902761101722717e-02
-3.852310776710510254e-02
3.898715227842330933e-02
4.258801043033599854e-02
-4.174641147255897522e-02
-3.409149497747421265e-02
-1.049564313143491745e-02
4.304680600762367249e-02
1.654560118913650513e-02
-2.341679669916629791e-02
-7.236013561487197876e-02
1.266030408442020416e-02
-7.330127060413360596e-02
-1.372041646391153336e-03
1.437988877296447754e-02
2.590799937024712563e-03
4.461890831589698792e-02
-3.027911856770515442e-02
4.911847412586212158e-02
-2.162120491266250610e-02
7.665784657001495361e-02
-1.314355134963989258e-01
5.642281472682952881e-02
-6.083289161324501038e-02
-5.105636268854141235e-02
-2.084334753453731537e-02
6.062281504273414612e-02
6.183761730790138245e-02
-1.485136710107326508e-02
-5.511074140667915344e-02
-9.159389138221740723e-02
-4.393574781715869904e-03
9.377898275852203369e-02
9.173718094825744629e-02
-5.569541826844215393e-03
-6.107353791594505310e-02
-8.712667226791381836e-02
-2.324737235903739929e-02
2.722139842808246613e-02
1.502167582511901855e-01
-3.064511716365814209e-02
-3.845218569040298462e-02
-6.881424784660339355e-02
3.236742224544286728e-03
-2.442539203912019730e-03
-4.425463825464248657e-02
-2.972637489438056946e-02
7.734222710132598877e-02
-7.478210609406232834e-03
-1.140361130237579346e-01
3.184118866920471191e-02
-3.122858703136444092e-02
3.301310166716575623e-02
-2.442680858075618744e-02
-1.312707085162401199e-02
-4.285230115056037903e-02
-1.536337938159704208e-02
-9.219247102737426758e-02
-3.316258639097213745e-02
-3.245134279131889343e-02
6.473432481288909912e-02
4.065253585577011108e-02
2.874342910945415497e-02
5.308178439736366272e-02
6.330288201570510864e-02
4.722633399069309235e-03
2.180012874305248260e-02
5.059772729873657227e-02
-1.121872756630182266e-02
-5.148347932845354080e-03
-2.581471018493175507e-02
-7.336422801017761230e-02
-8.242670446634292603e-02
-3.675637533888220787e-03
-1.073364615440368652e-01
-1.083969920873641968e-01
-1.676423102617263794e-02
-1.063915044069290161e-01
-1.186539009213447571e-01
-2.268771082162857056e-02
-1.003551762551069260e-02
-4.897640645503997803e-02
-4.365700483322143555e-02
-5.642373859882354736e-02
-1.300966590642929077e-01
-7.398474216461181641e-02
-2.098843157291412354e-01
-9.745046496391296387e-02
1.223540492355823517e-02
1.561747305095195770e-02
-2.924118563532829285e-02
-4.042475298047065735e-02
-6.483682245016098022e-02
7.119830697774887085e-02
1.596565395593643188e-01
5.303752049803733826e-02
3.199438750743865967e-02
-2.890755236148834229e-02
9.800386615097522736e-03
5.776973068714141846e-02
3.189591318368911743e-02
4.481337964534759521e-02
7.774075120687484741e-02
2.252975665032863617e-02
2.839099243283271790e-02
5.267735943198204041e-02
1.928146928548812866e-02
9.001770056784152985e-03
3.487370908260345459e-02
1.037912559695541859e-03
1.453813631087541580e-02
-4.256971925497055054e-02
-2.757830731570720673e-02
3.171259909868240356e-02
2.520985901355743408e-02
1.572547666728496552e-02
5.325423553586006165e-02
2.136182598769664764e-02
2.463099360466003418e-02
2.075611427426338196e-02
-1.174949575215578079e-02
-7.177358958870172501e-03
2.902897819876670837e-02
-1.952691189944744110e-02
-1.646538823843002319e-02
-1.321690715849399567e-02
9.817421436309814453e-03
-1.868593879044055939e-02
2.035546302795410156e-02
5.551114305853843689e-02
-9.193473495543003082e-03
7.925443351268768311e-02
4.832762479782104492e-02
-1.010949444025754929e-02
-3.023536689579486847e-02
-9.158742614090442657e-03
4.910610616207122803e-03
-2.031596936285495758e-02
1.237324089743196964e-03
-3.262384096160531044e-03
-1.591562852263450623e-02
1.705813780426979065e-02
-2.064798260107636452e-03
-1.184096839278936386e-02
-1.737560145556926727e-02
-9.630098938941955566e-03
-1.159983780235052109e-02
-7.946986705064773560e-03
-1.880875416100025177e-02
3.656395524740219116e-02
4.346331954002380371e-02
3.802943229675292969e-02
-1.873940974473953247e-02
-2.004232071340084076e-02
-4.636154323816299438e-02
2.357258636038750410e-04
-3.302584588527679443e-02
-5.552405491471290588e-02
2.273820899426937103e-02
3.814104571938514709e-02
1.274251285940408707e-02
-1.149733085185289383e-02
-4.502785392105579376e-03
-1.509668398648500443e-02
2.543610706925392151e-02
-7.475226651877164841e-03
-1.874142326414585114e-02
-2.525056013837456703e-03
-1.841076277196407318e-02
-6.200571078807115555e-03
6.451578438282012939e-02
5.875912681221961975e-02
4.167339950799942017e-02
-7.134625688195228577e-03
-5.292062461376190186e-02
-5.275123938918113708e-02
3.988754376769065857e-02
1.157865487039089203e-02
2.662289701402187347e-02
-4.153218120336532593e-02
-3.711052983999252319e-02
-4.633156582713127136e-02
1.157833449542522430e-02
3.046097420156002045e-02
2.015265077352523804e-02
-7.803374901413917542e-03
-6.846590433269739151e-03
-2.273167110979557037e-02
-9.450346231460571289e-03
-3.724317625164985657e-02
-2.646120823919773102e-02
2.685606107115745544e-02
2.946152165532112122e-02
3.387108445167541504e-02
1.532624848186969757e-02
2.067421004176139832e-02
1.913515850901603699e-02
-5.263912957161664963e-03
-5.898393224924802780e-03
-3.565754741430282593e-02
-8.519661612808704376e-03
-9.997896850109100342e-03
-4.101167991757392883e-02
3.782384796068072319e-03
2.875728532671928406e-02
2.863381430506706238e-02
-6.990396231412887573e-02
-2.245915308594703674e-02
-8.930626325309276581e-03
-5.693082883954048157e-02
-5.570027977228164673e-03
1.559835672378540039e-02
-4.424298927187919617e-02
1.318568177521228790e-02
5.384871736168861389e-02
3.094656392931938171e-02
3.205404430627822876e-02
3.338414244353771210e-03
-1.428971532732248306e-02
-1.664568670094013214e-02
-4.069490358233451843e-02
-3.974292427301406860e-02
-3.805749490857124329e-02
-6.507485359907150269e-02
1.085973624140024185e-02
-4.899820312857627869e-02
-9.238965064287185669e-02
7.262757513672113419e-03
-2.503167651593685150e-02
-3.377600014209747314e-02
-8.079838939011096954e-03
-3.304778784513473511e-02
-6.791508290916681290e-03
-2.007280942052602768e-03
6.316190701909363270e-04
-2.521004341542720795e-02
4.838535096496343613e-03
-8.960058912634849548e-03
3.180889040231704712e-02
2.967990748584270477e-02
3.885657712817192078e-02
2.825257368385791779e-02
-4.379038140177726746e-02
2.718940936028957367e-02
9.617636352777481079e-02
-1.306940149515867233e-02
9.226752817630767822e-02
7.886374741792678833e-02
1.783210784196853638e-03
5.893154814839363098e-02
-6.142471916973590851e-03
2.052033133804798126e-02
-2.017834410071372986e-02
1.325880829244852066e-02
4.114101640880107880e-03
1.158836018294095993e-02
-9.870715439319610596e-02
5.484818294644355774e-02
1.737420633435249329e-02
-2.252567186951637268e-02
2.838218212127685547e-02
6.390265375375747681e-02
1.041977200657129288e-02
6.326984614133834839e-02
2.851264551281929016e-02
-3.333267569541931152e-02
3.867620229721069336e-02
-1.201982516795396805e-02
-5.198290571570396423e-02
-5.539936479181051254e-03
-1.971802860498428345e-02
-1.058518327772617340e-02
-1.327048987150192261e-01
-5.960637703537940979e-02
-4.375895485281944275e-02
-1.169113516807556152e-01
-2.703402377665042877e-02
-1.333572668954730034e-03
-5.341520905494689941e-02
4.920401051640510559e-02
6.859356909990310669e-02
5.080730468034744263e-02
1.244169697165489197e-01
5.704299360513687134e-02
1.287164092063903809e-01
9.793999791145324707e-02
-1.610341295599937439e-02
-9.385461360216140747e-02
-3.234227746725082397e-02
-2.382000209763646126e-03
2.694162912666797638e-02
1.375169456005096436e-01
1.441468447446823120e-01
1.304239779710769653e-01
1.505347639322280884e-01
3.618972748517990112e-02
7.184408605098724365e-02
-1.878114044666290283e-02
-7.735133171081542969e-02
-6.517356727272272110e-03
-7.716680318117141724e-02
-6.614501774311065674e-02
-1.836828701198101044e-02
-1.617487706243991852e-02
7.329729944467544556e-02
-7.827006280422210693e-03
-4.886826500296592712e-02
1.889631897211074829e-02
-2.438859827816486359e-02
-4.766558483242988586e-02
1.409012638032436371e-02
2.995377872139215469e-04
1.666733063757419586e-02
8.365666121244430542e-02
1.891999319195747375e-02
-3.582037240266799927e-02
-1.965225487947463989e-02
1.005536690354347229e-02
-3.824577480554580688e-02
2.631081268191337585e-02
-3.396838903427124023e-02
8.812972228042781353e-04
1.316533051431179047e-02
-5.228419229388237000e-02
6.695928983390331268e-03
5.062954872846603394e-02
2.413096092641353607e-02
6.970714032649993896e-02
1.524076610803604126e-02
3.507556766271591187e-02
4.627522721420973539e-04
-6.581311672925949097e-02
4.185307770967483521e-02
-8.911777287721633911e-03
-7.304889708757400513e-02
-2.168196812272071838e-02
-3.269165009260177612e-02
-3.710123524069786072e-02
-4.081914573907852173e-02
2.912886440753936768e-02
1.067656055092811584e-01
5.864444747567176819e-02
1.353317499160766602e-02
-4.064080491662025452e-02
-2.143956487998366356e-03
-8.100470155477523804e-02
-8.471192419528961182e-02
-2.131953835487365723e-02
-8.410778641700744629e-02
3.748844936490058899e-02
-2.930931560695171356e-02
-1.778272353112697601e-02
4.476895555853843689e-02
7.934092544019222260e-03
1.076033432036638260e-02
2.765499614179134369e-02
5.477153137326240540e-02
2.472107671201229095e-02
-9.485752321779727936e-03
-4.380083084106445312e-02
-3.205437585711479187e-02
-1.133843231946229935e-02
-3.224171325564384460e-02
-1.924590393900871277e-02
1.596957072615623474e-02
-2.220525220036506653e-02
-6.672698538750410080e-03
3.381564095616340637e-02
3.077358379960060120e-02
7.940495014190673828e-02
4.509133845567703247e-02
5.988464131951332092e-02
6.788501888513565063e-02
4.240985494107007980e-03
-2.408784627914428711e-02
4.242070019245147705e-03
4.303198307752609253e-03
-1.279377471655607224e-02
3.476638719439506531e-02
5.876325070858001709e-02
2.663792110979557037e-03
1.430683284997940063e-01
1.111520305275917053e-01
5.510873720049858093e-02
7.871959358453750610e-02
-3.075625374913215637e-02
