-5.050016567111015320e-02
-4.773671552538871765e-02
-1.260307896882295609e-02
5.979837477207183838e-02
-3.556010499596595764e-02
8.465145528316497803e-02
-1.961200870573520660e-02
9.039241075515747070e-02
3.495099022984504700e-02
2.902187034487724304e-02
-7.416898757219314575e-02
-1.085620000958442688e-02
-2.603341639041900635e-02
-1.305975299328565598e-02
7.646206766366958618e-02
-6.082656979560852051e-02
1.569555141031742096e-02
1.788060367107391357e-02
-6.159987300634384155e-03
-2.511560218408703804e-03
-1.300899591296911240e-02
-5.375764518976211548e-02
4.319392889738082886e-02
6.260594353079795837e-03
-9.332229383289813995e-03
-6.679702550172805786e-02
-1.549138873815536499e-02
-1.438028644770383835e-03
-6.482817977666854858e-02
-1.033987104892730713e-01
-1.033157296478748322e-02
-3.866554424166679382e-02
-1.993844471871852875e-02
6.202684342861175537e-02
4.692893102765083313e-02
-4.732783511281013489e-02
-8.678278885781764984e-03
-1.509050559252500534e-02
2.080225013196468353e-02
1.021775510162115097e-02
-1.987632177770137787e-02
-2.325970213860273361e-03
8.795049041509628296e-02
4.337152466177940369e-02
-1.241035200655460358e-02
-2.646380476653575897e-02
1.245302520692348480e-02
5.001087207347154617e-03
3.986016660928726196e-02
3.469965979456901550e-02
8.959057182073593140e-02
-4.453382268548011780e-02
-5.471716821193695068e-02
-3.505280241370201111e-02
4.250936210155487061e-03
1.812194204831030220e-05
-4.288377985358238220e-02
-1.944288797676563263e-02
-3.762695193290710449e-02
-1.507633551955223083e-02
1.908800937235355377e-02
-2.876930497586727142e-02
-5.360921099781990051e-02
-8.978793397545814514e-03
3.567850915715098381e-03
-3.144080936908721924e-02
2.259404212236404419e-02
3.092693537473678589e-02
1.937315426766872406e-02
1.483875885605812073e-02
-7.179237436503171921e-03
2.170081995427608490e-02
-2.812946774065494537e-02
1.462017279118299484e-02
-1.010527461767196655e-02
-2.110220026224851608e-03
-5.284901708364486694e-03
1.230826042592525482e-02
4.097652155905961990e-03
-3.569797426462173462e-02
-8.196173235774040222e-03
-1.298457570374011993e-02
-2.976813353598117828e-02
1.899379567475989461e-04
1.953851431608200073e-02
-3.586757928133010864e-02
-9.680926450528204441e-04
-1.605738513171672821e-02
-1.664279401302337646e-02
-7.649587094783782959e-02
1.395029760897159576e-02
-1.719647273421287537e-02
-4.576806724071502686e-02
7.745839189738035202e-03
3.852655412629246712e-03
2.006043866276741028e-02
1.903556101024150848e-02
-7.974313199520111084e-02
-5.771775543689727783e-02
-5.730420351028442383e-03
-2.689539082348346710e-02
6.039307266473770142e-02
8.447598665952682495e-03
-4.212675150483846664e-03
-9.076628088951110840e-02
5.458415299654006958e-02
-1.781992428004741669e-02
-2.963971905410289764e-02
1.743513345718383789e-02
1.804210804402828217e-02
4.505256190896034241e-02
-3.635167842730879784e-03
-7.828441448509693146e-03
-1.749836653470993042e-02
5.793248116970062256e-02
-2.805504389107227325e-02
-2.721776627004146576e-02
-2.895997837185859680e-02
-3.001675009727478027e-02
-4.953668639063835144e-02
-1.437096041627228260e-03
-6.219585239887237549e-02
-2.170802280306816101e-02
3.074697405099868774e-02
2.570994757115840912e-02
8.720370009541511536e-03
-1.549637597054243088e-02
7.857909426093101501e-03
-7.468727231025695801e-02
3.305448219180107117e-02
3.187873214483261108e-02
-3.852976486086845398e-02
-4.915226623415946960e-02
2.768113650381565094e-02
-3.473150718491524458e-04
3.693657740950584412e-02
4.856813326478004456e-02
2.910405583679676056e-02
-4.242674261331558228e-02
1.759480312466621399e-02
3.748554363846778870e-02
-4.122055321931838989e-02
-2.866165898740291595e-02
-2.285505458712577820e-02
4.403308033943176270e-02
-1.708023808896541595e-02
-3.279719501733779907e-02
-6.464769691228866577e-02
1.135499216616153717e-02
6.008682027459144592e-02
5.210638791322708130e-02
-1.861680112779140472e-02
-4.788872227072715759e-02
1.574728637933731079e-02
-6.937921792268753052e-02
2.342426776885986328e-02
5.815888568758964539e-02
-8.730735629796981812e-02
-7.377416640520095825e-02
8.044637739658355713e-02
8.565719239413738251e-03
-8.631221204996109009e-02
-4.588690027594566345e-02
2.386627718806266785e-02
-7.224085181951522827e-02
3.445460647344589233e-02
1.052872743457555771e-02
3.291633352637290955e-02
1.410383544862270355e-02
-1.445553381927311420e-03
-7.205773890018463135e-02
-2.718553692102432251e-02
1.235032919794321060e-02
-8.203214406967163086e-02
-3.154950682073831558e-03
-9.241809137165546417e-03
-2.544003911316394806e-02
1.078930404037237167e-02
-4.651941731572151184e-02
-2.057283371686935425e-02
1.382412970997393131e-03
3.376606479287147522e-02
1.175789907574653625e-02
9.720188379287719727e-02
-5.944885313510894775e-02
1.087330579757690430e-01
4.361482709646224976e-02
-3.004777804017066956e-02
-3.644985333085060120e-02
-1.579383760690689087e-02
-1.060163304209709167e-01
2.052189595997333527e-02
-1.573609001934528351e-02
-3.045407868921756744e-02
-1.226436346769332886e-02
-2.015799097716808319e-02
-2.729603275656700134e-02
-2.006480842828750610e-02
-6.954969372600317001e-03
-1.621427200734615326e-02
1.501356158405542374e-02
-2.164617553353309631e-02
2.807708457112312317e-02
-5.481592379510402679e-03
2.991272136569023132e-02
-6.180367618799209595e-02
-6.791587453335523605e-03
3.296785801649093628e-02
-6.303876638412475586e-02
-2.422204054892063141e-02
-3.162390366196632385e-02
-7.525219023227691650e-02
3.433556854724884033e-02
-5.349284783005714417e-02
2.921933308243751526e-02
-2.123737707734107971e-02
-4.838177561759948730e-02
3.080772235989570618e-02
-1.759697124361991882e-02
-1.288080774247646332e-02
-5.966488737612962723e-03
8.299811743199825287e-03
-6.115759722888469696e-03
-1.046662963926792145e-02
-2.122756466269493103e-02
-6.333661824464797974e-02
3.348730131983757019e-02
-5.608368292450904846e-02
-2.833280153572559357e-02
-1.467793341726064682e-02
1.433076336979866028e-03
1.520130876451730728e-02
1.487095654010772705e-02
2.204217249527573586e-03
-9.766353294253349304e-03
-2.072043903172016144e-02
5.014911759644746780e-03
1.680130884051322937e-02
7.390644866973161697e-03
1.054253280162811279e-01
2.326243557035923004e-02
3.046512976288795471e-02
1.888638362288475037e-02
1.247331034392118454e-02
-2.793877571821212769e-02
1.123005989938974380e-02
1.022987067699432373e-01
-1.813864149153232574e-02
5.626262724399566650e-02
-5.314651876688003540e-02
-8.790336432866752148e-04
-3.459459915757179260e-02
-3.188494220376014709e-02
-2.509248629212379456e-02
-3.425512462854385376e-02
-5.856819078326225281e-02
3.983304649591445923e-02
-3.375234454870223999e-02
-6.848438084125518799e-02
1.153769791126251221e-01
-1.674441993236541748e-02
3.020377084612846375e-02
2.292835619300603867e-03
-4.875226318836212158e-02
-5.009872466325759888e-02
-6.765127182006835938e-02
-3.128336369991302490e-02
-1.204276643693447113e-02
-5.367491021752357483e-02
-4.958140105009078979e-02
-5.859083309769630432e-02
8.451803028583526611e-02
1.215256974101066589e-01
1.021837666630744934e-01
-2.280987566336989403e-03
-1.079727988690137863e-02
-4.904916509985923767e-02
4.838332533836364746e-02
3.438667627051472664e-04
3.229297325015068054e-02
-2.259514853358268738e-02
1.977470237761735916e-03
4.151343181729316711e-02
-5.646077543497085571e-02
1.149355154484510422e-02
-3.995882347226142883e-02
-2.975844219326972961e-02
-4.212969169020652771e-02
4.254698287695646286e-03
-5.869886279106140137e-02
-1.632792875170707703e-03
-2.356863208115100861e-02
1.647607237100601196e-02
-1.627437584102153778e-02
-4.701644554734230042e-02
-8.981585502624511719e-02
-5.061113275587558746e-03
-1.639937050640583038e-02
2.317878603935241699e-02
1.147159724496304989e-03
1.706930436193943024e-02
-6.408638320863246918e-03
5.724449642002582550e-03
1.329345107078552246e-01
-3.694320470094680786e-02
-2.072719298303127289e-02
-7.254014909267425537e-02
-1.336485706269741058e-02
3.933929279446601868e-02
-2.098024450242519379e-02
-9.119839966297149658e-02
-5.836163833737373352e-02
9.208858013153076172e-03
-2.656750939786434174e-02
-9.318398311734199524e-03
1.579214930534362793e-01
8.014689199626445770e-03
-1.959690591320395470e-03
3.240779333282262087e-04
-1.869928836822509766e-02
-1.754630357027053833e-02
-2.455964311957359314e-02
8.195339702069759369e-03
5.598921328783035278e-02
-3.495862707495689392e-02
1.303067803382873535e-02
-2.264180406928062439e-02
3.441467881202697754e-02
4.797397647053003311e-03
-2.286429330706596375e-02
-6.664123386144638062e-03
2.547788026276975870e-04
-7.000406086444854736e-02
9.603532031178474426e-03
2.858579903841018677e-02
2.509741811081767082e-03
-2.242810837924480438e-02
-9.055084548890590668e-03
-3.530349582433700562e-02
1.916303113102912903e-02
2.727031707763671875e-02
5.208607390522956848e-02
7.848668098449707031e-02
-6.882148236036300659e-02
-1.282277889549732208e-02
-7.055495679378509521e-02
-2.966184914112091064e-02
-3.302543424069881439e-03
1.801056973636150360e-02
-3.334859013557434082e-02
-2.596841566264629364e-02
-6.352203339338302612e-02
-3.282043337821960449e-02
1.415086630731821060e-02
-2.418960630893707275e-02
-8.187217637896537781e-03
-1.473759068176150322e-03
-3.198948661520262249e-06
-1.259042602032423019e-02
2.082142047584056854e-02
-5.498797632753849030e-03
1.078118366422131658e-04
4.785333946347236633e-02
-1.091598812490701675e-02
-3.421566635370254517e-02
2.036353200674057007e-02
-2.256824448704719543e-02
4.189569968730211258e-03
-2.981146611273288727e-02
-1.286951452493667603e-02
-4.755363240838050842e-02
-2.031311579048633575e-02
3.106227517127990723e-02
5.179082043468952179e-03
8.699719328433275223e-04
-4.321520403027534485e-02
-6.476000696420669556e-02
1.045435015112161636e-02
3.645112738013267517e-02
-3.221977502107620239e-02
-3.107564523816108704e-02
-3.442856669425964355e-02
5.951600894331932068e-02
-5.698999762535095215e-02
-7.658836897462606430e-03
9.144093841314315796e-02
3.220614045858383179e-02
9.048081934452056885e-02
-6.703765690326690674e-02
-2.675980515778064728e-02
8.618481457233428955e-03
1.905228197574615479e-02
-1.007373556494712830e-01
-3.002970851957798004e-02
1.132148317992687225e-02
6.307837553322315216e-03
-2.190579660236835480e-02
1.060138735920190811e-02
-5.852483212947845459e-02
3.430407866835594177e-02
-3.369241952896118164e-02
-1.949667744338512421e-02
-4.888549074530601501e-02
-4.061831906437873840e-02
5.519659817218780518e-02
-2.946013025939464569e-02
5.876396223902702332e-02
-7.470538467168807983e-02
-1.396004855632781982e-02
1.023755059577524662e-03
-3.595542535185813904e-02
-1.138595119118690491e-02
-2.507387101650238037e-02
-9.678763453848659992e-04
5.854025110602378845e-02
2.368742227554321289e-02
-4.772680345922708511e-03
-5.596198141574859619e-02
-5.868708342313766479e-02
-1.495643332600593567e-02
-2.707623504102230072e-02
1.486201863735914230e-02
5.483128130435943604e-03
-2.918575191870331764e-03
2.519256807863712311e-02
-5.933364480733871460e-02
-2.823554910719394684e-02
4.079305008053779602e-02
3.222269006073474884e-03
3.310044109821319580e-02
4.547479748725891113e-02
3.765534237027168274e-02
5.039573833346366882e-02
9.499488398432731628e-03
2.311790548264980316e-02
4.385478422045707703e-02
-6.051515042781829834e-02
2.488896995782852173e-02
-4.694663733243942261e-02
-4.361663386225700378e-02
-2.376953698694705963e-02
-1.504632085561752319e-02
2.164810150861740112e-02
-4.154340177774429321e-02
1.603512093424797058e-02
-2.687479183077812195e-02
1.976621337234973907e-02
1.969879493117332458e-02
7.084839046001434326e-02
3.201274946331977844e-02
-6.650040298700332642e-02
3.977901861071586609e-02
-1.204520463943481445e-02
1.535069663077592850e-02
-2.683827094733715057e-02
-4.428343474864959717e-02
9.173529595136642456e-02
2.141017280519008636e-02
-5.598193034529685974e-02
-9.535068273544311523e-02
-8.678399957716464996e-03
3.136194776743650436e-03
-1.077044010162353516e-02
1.743004471063613892e-02
2.265384048223495483e-02
6.161412969231605530e-02
6.421790271997451782e-02
-2.414393797516822815e-02
-2.187256515026092529e-02
-4.564269911497831345e-03
6.867560558021068573e-03
8.730146288871765137e-02
5.353341624140739441e-02
2.567064482718706131e-03
1.052453070878982544e-01
3.431378304958343506e-02
2.287579327821731567e-02
-1.341717131435871124e-02
-1.914097927510738373e-02
1.070744618773460388e-01
-2.042206749320030212e-02
2.230019494891166687e-02
2.197737805545330048e-02
4.208751488476991653e-03
8.453860878944396973e-03
6.075459066778421402e-03
2.531141787767410278e-02
-1.029577292501926422e-02
1.830960065126419067e-02
4.446091502904891968e-02
-7.196240127086639404e-03
3.318042308092117310e-02
-3.186630457639694214e-02
-6.047720089554786682e-02
-2.202233485877513885e-02
-1.951032131910324097e-02
6.848108489066362381e-03
1.326449913904070854e-03
-3.033275902271270752e-02
-5.718535743653774261e-03
2.417740039527416229e-02
-1.752324029803276062e-02
3.831523470580577850e-03
1.382316928356885910e-03
1.532440539449453354e-02
-1.337256003171205521e-02
8.825136348605155945e-03
2.543198689818382263e-02
-1.112610101699829102e-02
-3.020329214632511139e-02
-3.488685935735702515e-02
-1.163358101621270180e-04
-3.988068178296089172e-02
-5.901192780584096909e-03
-8.879529684782028198e-02
3.941371664404869080e-02
1.303906831890344620e-02
-5.609221011400222778e-02
1.029812637716531754e-02
-2.710987068712711334e-02
-9.615701436996459961e-02
-7.509154826402664185e-02
-7.313822954893112183e-02
1.200628746300935745e-02
8.319343626499176025e-02
2.187039703130722046e-02
4.085662588477134705e-02
-3.423630446195602417e-02
5.341043323278427124e-02
2.437474951148033142e-02
6.950998678803443909e-03
-7.261317223310470581e-02
-3.971190191805362701e-03
-2.535537816584110260e-02
4.782695695757865906e-02
9.241169318556785583e-04
-7.607607543468475342e-02
6.479842122644186020e-03
-4.603957012295722961e-02
-1.583193801343441010e-02
1.180076450109481812e-01
5.511509999632835388e-02
3.337149322032928467e-02
5.050010979175567627e-03
-2.797539636958390474e-04
9.486525319516658783e-03
4.286615550518035889e-02
-2.887825481593608856e-02
-1.965169794857501984e-03
-1.580522023141384125e-02
2.283001318573951721e-02
1.225616130977869034e-02
-2.911056578159332275e-02
2.133924514055252075e-02
8.044782280921936035e-02
1.537565048784017563e-02
-3.093516454100608826e-02
-3.257963806390762329e-02
-6.250668782740831375e-03
1.893772184848785400e-02
-5.450614541769027710e-02
6.208382081240415573e-03
6.057122256606817245e-03
5.885395687073469162e-03
-2.585756778717041016e-02
-1.063224300742149353e-02
-3.974954783916473389e-02
2.776389010250568390e-02
1.212958525866270065e-02
1.421661581844091415e-02
-1.854906044900417328e-02
8.214110508561134338e-03
2.193788997828960419e-02
1.290259789675474167e-02
1.327313855290412903e-02
-2.845427580177783966e-02
3.187377750873565674e-02
-3.745902329683303833e-02
-3.517390787601470947e-02
2.745488099753856659e-02
-4.990485310554504395e-02
-7.947612553834915161e-03
-5.449790135025978088e-02
3.457716479897499084e-02
-4.417522624135017395e-02
2.424992620944976807e-02
5.097176879644393921e-02
6.391784548759460449e-02
-4.946517199277877808e-02
4.489155253395438194e-04
4.430879373103380203e-03
2.173951640725135803e-02
-6.413151510059833527e-03
4.078010562807321548e-03
-1.642644591629505157e-02
-3.823131322860717773e-02
3.378230333328247070e-02
2.560306154191493988e-02
8.465511724352836609e-03
3.254578681662678719e-03
3.750010859221220016e-03
1.134156435728073120e-02
4.372211545705795288e-02
1.848920620977878571e-02
-2.642880752682685852e-02
5.190472118556499481e-03
-1.911563239991664886e-02
-9.506091475486755371e-03
5.601219460368156433e-02
-8.060440421104431152e-03
-2.615817263722419739e-02
-3.304308652877807617e-02
-1.498693320900201797e-02
-5.012726411223411560e-03
2.232840517535805702e-03
4.613639786839485168e-02
1.669245213270187378e-02
-4.552690684795379639e-02
-3.539411351084709167e-02
1.822285354137420654e-02
3.275817260146141052e-02
3.256668895483016968e-02
3.900642693042755127e-02
-2.102994360029697418e-02
-5.063345655798912048e-02
-7.234859745949506760e-03
8.777488954365253448e-03
2.421908825635910034e-02
-3.242695331573486328e-02
-2.639355510473251343e-02
-6.155962124466896057e-03
8.245534449815750122e-02
3.530761972069740295e-02
1.998523436486721039e-02
6.822315976023674011e-03
1.232017111033201218e-02
6.371075753122568130e-03
3.803509101271629333e-02
4.798929020762443542e-02
3.299536556005477905e-02
-1.592126674950122833e-02
-1.564328931272029877e-02
2.299410663545131683e-02
-1.879787631332874298e-02
6.085501983761787415e-02
-3.531328961253166199e-02
1.683481596410274506e-02
-2.221332304179668427e-02
2.260345593094825745e-02
1.415623631328344345e-02
-1.077247709035873413e-01
1.500237081199884415e-02
2.630205824971199036e-02
7.074576616287231445e-02
-2.040149271488189697e-02
4.505241755396127701e-03
3.295121341943740845e-02
-1.265762280672788620e-02
1.977939391508698463e-03
-5.258891358971595764e-02
-1.583128236234188080e-03
-1.871602796018123627e-02
-8.888671547174453735e-02
2.042572014033794403e-02
3.795868530869483948e-02
-2.089011686621233821e-04
-2.832238562405109406e-02
-2.817820571362972260e-02
3.518182784318923950e-02
-3.092412650585174561e-02
-5.341017618775367737e-03
-1.090391539037227631e-02
-2.110989578068256378e-02
-3.012014552950859070e-03
-1.540923304855823517e-02
-3.658808767795562744e-02
1.095362007617950439e-02
4.102738946676254272e-02
1.096076425164937973e-02
-1.828753016889095306e-02
-1.339096110314130783e-02
6.078421720303595066e-04
4.524099454283714294e-02
-1.723964232951402664e-03
2.955833217129111290e-03
2.420663461089134216e-02
2.958246320486068726e-02
-2.209605276584625244e-02
2.609105221927165985e-02
-2.172050811350345612e-02
-1.761559024453163147e-02
1.925634779036045074e-02
-8.895138651132583618e-02
-9.896527975797653198e-03
9.085123986005783081e-02
-5.662271380424499512e-02
1.901338063180446625e-02
-3.423015773296356201e-02
-9.965326637029647827e-03
9.262765944004058838e-02
-3.745843190699815750e-03
1.205887738615274429e-02
2.684347517788410187e-02
-1.815345510840415955e-02
3.706809948198497295e-04
1.627082750201225281e-02
6.291595753282308578e-03
5.158868059515953064e-02
1.605618977919220924e-03
-6.235671788454055786e-02
-7.651865482330322266e-03
-5.750636383891105652e-02
-3.583939746022224426e-02
2.250037528574466705e-02
3.720066323876380920e-02
-1.331712584942579269e-02
5.404636263847351074e-03
1.530431676656007767e-02
-4.319259896874427795e-02
3.173761442303657532e-02
-4.581343010067939758e-02
-7.042765617370605469e-02
2.391264401376247406e-02
1.533547788858413696e-02
-1.289637666195631027e-02
-3.367239236831665039e-02
-4.282199777662754059e-03
-2.064632624387741089e-02
6.608423311263322830e-03
3.977773245424032211e-03
1.132002100348472595e-02
-3.620607778429985046e-02
-1.928349770605564117e-02
-2.126485854387283325e-02
-9.058488532900810242e-03
2.936010062694549561e-02
-5.955263227224349976e-02
3.151348233222961426e-02
-4.577586799860000610e-02
-2.832475304603576660e-02
3.339527873322367668e-03
-5.549599882215261459e-03
1.544691435992717743e-02
-3.309741243720054626e-02
-1.207784283906221390e-02
-4.064778238534927368e-02
4.711099714040756226e-02
2.020917460322380066e-02
1.698590442538261414e-02
-3.117285110056400299e-02
3.590011596679687500e-02
-9.925142675638198853e-02
-4.266449436545372009e-02
-2.554848976433277130e-02
5.145473405718803406e-02
-4.722290032077580690e-04
-3.679297119379043579e-02
-5.828377977013587952e-02
1.915369182825088501e-02
-1.759293489158153534e-02
-3.234139829874038696e-02
8.381096273660659790e-02
-1.668019220232963562e-02
9.837967157363891602e-02
-3.175054118037223816e-02
-5.554316937923431396e-02
4.385315999388694763e-02
3.102671913802623749e-02
4.422781988978385925e-02
7.380894571542739868e-02
-3.484471887350082397e-02
-5.650552734732627869e-02
6.260094046592712402e-02
-1.657242327928543091e-02
-4.857915639877319336e-02
2.656574733555316925e-02
-3.061961010098457336e-02
2.310617081820964813e-02
-5.431681871414184570e-02
1.567848958075046539e-02
1.020393297076225281e-01
-1.084251981228590012e-02
-1.697946898639202118e-02
7.650605589151382446e-02
-2.615732885897159576e-02
-4.818042740225791931e-03
-2.373135415837168694e-03
-8.924612402915954590e-02
2.366621606051921844e-02
-2.972231060266494751e-02
7.086437195539474487e-02
-6.302128732204437256e-02
4.209676384925842285e-02
8.570329099893569946e-02
-1.883826218545436859e-02
-1.963047124445438385e-02
6.365080922842025757e-02
1.843825727701187134e-02
1.661435514688491821e-02
2.460896782577037811e-02
-1.501181349158287048e-02
4.774465411901473999e-02
4.010418429970741272e-03
1.841750927269458771e-02
-3.747045993804931641e-02
-9.986022114753723145e-02
5.512509495019912720e-03
-6.169310072436928749e-04
-2.685864828526973724e-02
3.719576075673103333e-02
3.374866396188735962e-02
9.258348494768142700e-02
-4.508603736758232117e-02
1.412047166377305984e-02
-4.014866426587104797e-02
-4.951161891222000122e-02
-2.837586961686611176e-02
-2.215365879237651825e-02
-1.442091725766658783e-02
1.022962406277656555e-01
-4.624740034341812134e-02
-5.049650743603706360e-02
2.070223726332187653e-02
-2.272368222475051880e-02
-1.362686138600111008e-02
-2.089695632457733154e-02
-2.572858519852161407e-02
-2.182289399206638336e-02
-2.936882339417934418e-02
6.364905275404453278e-03
6.500995717942714691e-03
1.141828149557113647e-01
-1.685726456344127655e-02
2.378542348742485046e-02
-4.955344833433628082e-03
-1.323275920003652573e-02
-3.474935144186019897e-02
4.999047145247459412e-02
-5.391913652420043945e-02
3.214260190725326538e-02
-2.021190943196415901e-03
-2.265613898634910583e-02
-8.428704738616943359e-02
-1.387294195592403412e-02
4.255158826708793640e-02
-3.842318058013916016e-02
-5.383600294589996338e-02
1.565793156623840332e-02
2.426024712622165680e-02
1.118023879826068878e-02
3.241189196705818176e-02
1.494781114161014557e-02
4.572416096925735474e-02
2.587532810866832733e-02
-3.740081097930669785e-03
8.859058469533920288e-02
1.404389459639787674e-02
-3.725887462496757507e-02
1.519341301172971725e-02
-2.036366611719131470e-02
4.308595880866050720e-02
-3.036556765437126160e-02
-1.046065334230661392e-02
-7.587500382214784622e-03
-1.994765922427177429e-02
3.691818797960877419e-03
4.660905152559280396e-02
-2.141720056533813477e-02
3.463817015290260315e-02
-3.794849663972854614e-02
-5.341425538063049316e-02
1.408081036061048508e-02
3.382740169763565063e-02
-2.921048924326896667e-02
2.386909164488315582e-02
6.993819028139114380e-03
-4.507148638367652893e-02
-3.751453012228012085e-02
2.124986052513122559e-02
-6.256778538227081299e-02
8.548886515200138092e-03
4.196546599268913269e-02
-8.647957816720008850e-03
1.769210770726203918e-02
5.007083341479301453e-02
3.690220415592193604e-02
3.565124422311782837e-02
7.749427109956741333e-03
-1.818003691732883453e-02
-3.997496142983436584e-02
2.927589230239391327e-02
-2.719697728753089905e-02
9.922172874212265015e-02
-6.272959709167480469e-02
-2.544566430151462555e-02
5.769919604063034058e-02
2.469962835311889648e-02
1.236942410469055176e-02
-1.962544769048690796e-02
-5.298059433698654175e-03
-1.606135815382003784e-02
-1.632606051862239838e-02
1.536992349429056048e-04
-6.074695661664009094e-02
-2.978086099028587341e-02
1.930828019976615906e-02
6.747757550328969955e-03
-6.232922431081533432e-03
1.086204033344984055e-02
-4.408065974712371826e-02
-1.137410057708621025e-03
2.545519545674324036e-02
4.809923097491264343e-02
-1.890785805881023407e-02
-2.073772624135017395e-02
-2.246362343430519104e-02
-8.322021923959255219e-03
-3.024776279926300049e-02
-5.244198255240917206e-03
-3.414225205779075623e-02
2.173277735710144043e-02
-8.056592778302729130e-04
-4.544436559081077576e-02
3.681784123182296753e-02
-5.947777070105075836e-03
1.371156983077526093e-02
4.485668987035751343e-02
2.101349830627441406e-02
-1.886518299579620361e-02
2.627584384754300117e-03
1.491334754973649979e-02
-3.110102191567420959e-02
-7.762501388788223267e-02
-5.958377732895314693e-04
-1.200531423091888428e-02
1.917848922312259674e-02
3.514909883961081505e-03
-2.764620073139667511e-02
3.841551765799522400e-02
4.884283989667892456e-02
3.142844513058662415e-02
-1.678673783317208290e-03
5.352358147501945496e-02
-7.012718915939331055e-02
4.513997584581375122e-02
-1.961861923336982727e-02
-3.343401849269866943e-02
-3.796379547566175461e-03
-1.118397936224937439e-01
-2.810076810419559479e-02
5.469697341322898865e-02
-1.029875129461288452e-02
-4.902496933937072754e-02
6.619783118367195129e-03
-8.257369697093963623e-02
-6.676924228668212891e-02
-9.024161845445632935e-03
-1.596160605549812317e-02
-6.858246773481369019e-02
-2.043407224118709564e-02
-2.897226437926292419e-02
6.714414805173873901e-02
2.220547385513782501e-02
-6.677107885479927063e-03
6.006137467920780182e-03
-5.308267427608370781e-04
-4.391349852085113525e-02
7.178736384958028793e-03
-2.723513729870319366e-02
-1.539770513772964478e-02
4.493369162082672119e-02
-3.198346868157386780e-02
3.729617223143577576e-02
-3.825889434665441513e-04
-5.985065945424139500e-04
3.038980625569820404e-02
1.408055424690246582e-02
-1.917889341711997986e-02
-1.076281443238258362e-02
-1.284813415259122849e-02
-3.428638353943824768e-02
1.838539168238639832e-02
1.707706786692142487e-02
-4.135295003652572632e-02
-7.723104674369096756e-03
-3.771833144128322601e-03
8.003769442439079285e-03
-1.303375139832496643e-02
-5.246195010840892792e-03
7.671361416578292847e-02
3.937562182545661926e-02
3.834696114063262939e-02
-2.799949608743190765e-03
-6.585567444562911987e-02
-1.323211044073104858e-01
-1.932411938905715942e-01
3.900176659226417542e-02
2.116040885448455811e-02
3.571138530969619751e-02
8.125390857458114624e-03
-3.874575346708297729e-02
4.090331867337226868e-02
-8.058572560548782349e-02
3.953238576650619507e-02
-5.983777716755867004e-02
-1.147811561822891235e-01
7.360551506280899048e-02
-1.947134137153625488e-01
4.974697902798652649e-02
1.079661473631858826e-01
3.439882025122642517e-02
8.616383373737335205e-02
1.655422151088714600e-01
3.107040654867887497e-03
7.689089328050613403e-02
-1.760944351553916931e-02
-1.215472370386123657e-01
2.789802150800824165e-03
1.336901634931564331e-01
4.080094397068023682e-02
1.199475862085819244e-02
-5.519397184252738953e-02
-4.864424839615821838e-02
5.488672107458114624e-02
-2.198137529194355011e-02
6.310905516147613525e-02
-6.160906516015529633e-03
9.235233999788761139e-03
-9.983128402382135391e-04
3.082483261823654175e-02
1.564362435601651669e-03
-1.973207294940948486e-02
3.308551385998725891e-03
-1.924286037683486938e-02
1.739969849586486816e-02
6.273392587900161743e-02
-1.830175332725048065e-02
-7.047597318887710571e-02
-1.965579017996788025e-02
4.135765507817268372e-02
2.565033733844757080e-02
-2.142448164522647858e-02
-3.257474303245544434e-02
3.428523615002632141e-02
-2.169634029269218445e-02
1.450240053236484528e-02
1.567769050598144531e-02
-2.862718887627124786e-02
2.582655102014541626e-02
-3.723351657390594482e-02
-1.988450298085808754e-03
9.642885066568851471e-03
1.541992649435997009e-02
1.178526785224676132e-02
-5.429146438837051392e-02
-2.327438071370124817e-02
6.839360296726226807e-02
1.062380522489547729e-02
1.367886271327733994e-02
-5.279506370425224304e-02
-2.263343706727027893e-02
1.165249105542898178e-02
-2.502284245565533638e-03
-6.893146783113479614e-03
6.553772091865539551e-02
-2.233810350298881531e-02
7.622865494340658188e-03
2.804519236087799072e-02
1.068103779107332230e-02
1.582340337336063385e-03
1.046602055430412292e-02
-4.085462540388107300e-02
3.620756417512893677e-02
1.960465917363762856e-03
-2.988710440695285797e-02
-7.035996764898300171e-02
-8.379546552896499634e-02
6.844856590032577515e-02
2.565524540841579437e-02
-2.190652117133140564e-02
1.137092150747776031e-02
2.196062728762626648e-02
-2.616673242300748825e-03
2.880137972533702850e-02
1.625112257897853851e-02
4.004759714007377625e-03
-1.305194664746522903e-02
-6.756633520126342773e-02
8.498406037688255310e-03
-5.404855683445930481e-02
6.479840725660324097e-02
5.306958779692649841e-02
-3.018040396273136139e-02
-1.092480644583702087e-01
1.103685609996318817e-02
-2.663893625140190125e-02
-7.164482492953538895e-03
7.313232123851776123e-02
1.256114542484283447e-01
8.044927567243576050e-02
-7.755942642688751221e-02
-4.408396035432815552e-02
-9.094482660293579102e-02
-6.033233180642127991e-02
1.550855394452810287e-02
-1.015043724328279495e-02
-1.360263861715793610e-02
2.154091186821460724e-02
-8.125931024551391602e-02
2.796179614961147308e-02
2.016840130090713501e-02
-8.572097122669219971e-02
-3.503556922078132629e-02
-2.427797764539718628e-02
-4.361099097877740860e-03
-1.614792644977569580e-02
-8.379470556974411011e-03
1.077514663338661194e-01
3.652288112789392471e-03
7.212600857019424438e-02
-3.022789582610130310e-02
-4.225882887840270996e-02
-9.497286751866340637e-03
-5.968431010842323303e-02
-6.629166007041931152e-02
3.514605760574340820e-02
3.165849670767784119e-02
-3.122152388095855713e-02
5.359386280179023743e-02
5.370876938104629517e-02
-3.307058289647102356e-02
-8.348131179809570312e-02
6.375147495418787003e-03
3.263139724731445312e-02
-2.309763059020042419e-02
-5.037477239966392517e-02
7.404600828886032104e-02
2.337315678596496582e-02
5.905245989561080933e-02
6.856348365545272827e-02
-3.444306924939155579e-02
-3.180869296193122864e-02
3.261812962591648102e-03
-2.091794274747371674e-02
-2.182818949222564697e-02
-6.966540217399597168e-02
4.431878030300140381e-02
3.316239267587661743e-02
4.228869453072547913e-02
-3.092358633875846863e-02
-2.442933432757854462e-02
1.406137272715568542e-02
-4.803543165326118469e-02
-7.373751699924468994e-02
-7.359980046749114990e-02
1.039053406566381454e-02
1.283054612576961517e-02
1.418380998075008392e-03
-1.537456549704074860e-02
-5.157419666647911072e-02
-8.035866171121597290e-02
5.327511951327323914e-02
-4.009919241070747375e-02
-7.816705107688903809e-02
2.983682043850421906e-02
-4.833188652992248535e-02
3.797793760895729065e-02
-5.693102255463600159e-02
6.723853945732116699e-02
-7.026890665292739868e-02
-5.527726933360099792e-02
-1.333069503307342529e-01
2.040149830281734467e-02
-6.210879236459732056e-02
2.502684015780687332e-03
8.027511090040206909e-02
-7.647385448217391968e-02
-1.971632987260818481e-02
-1.122670527547597885e-02
-2.269750460982322693e-02
-3.789030760526657104e-02
-5.146165564656257629e-02
3.539277240633964539e-02
-8.671513758599758148e-03
7.173089776188135147e-03
6.282845046371221542e-03
-9.730398654937744141e-03
-4.614886362105607986e-03
3.052466316148638725e-03
-8.249078877270221710e-03
2.592317946255207062e-02
-3.026433987542986870e-03
-3.681841492652893066e-02
1.612374931573867798e-02
-2.149997465312480927e-02
-2.047181688249111176e-02
5.096378177404403687e-02
-2.596712484955787659e-02
1.570092700421810150e-02
-1.836663670837879181e-02
-1.984256692230701447e-02
-7.427598349750041962e-03
1.386551558971405029e-02
2.421380579471588135e-02
8.218757808208465576e-03
-1.077913679182529449e-02
-8.127473993226885796e-04
1.222939044237136841e-02
-4.561152309179306030e-03
-2.016691118478775024e-02
-1.819623075425624847e-02
-2.360597252845764160e-03
3.178087994456291199e-03
-8.338323794305324554e-03
-2.288508787751197815e-02
3.055434208363294601e-03
-3.004095517098903656e-02
-4.581397026777267456e-02
2.560277283191680908e-02
2.638174220919609070e-02
-1.161968708038330078e-02
1.637332327663898468e-02
-3.256651014089584351e-02
-5.754764191806316376e-03
-1.182738132774829865e-02
6.249248981475830078e-03
1.292333938181400299e-03
3.168204799294471741e-03
-1.310179196298122406e-02
-4.103824496269226074e-03
-1.313189323991537094e-02
4.201522842049598694e-02
3.716686367988586426e-02
1.742380112409591675e-02
-5.417040362954139709e-02
4.490590468049049377e-02
-9.265078231692314148e-03
-4.117726814001798630e-03
-1.067388453520834446e-03
-7.112777791917324066e-03
1.656091026961803436e-02
-1.586824096739292145e-02
4.303679615259170532e-02
-7.870861329138278961e-03
-5.229128152132034302e-02
-2.302314341068267822e-02
1.445866003632545471e-02
-6.990424543619155884e-02
1.452753599733114243e-02
4.836134985089302063e-02
-1.665478572249412537e-02
6.976372562348842621e-03
1.944260299205780029e-02
4.439433664083480835e-02
-7.156200241297483444e-03
-3.044456802308559418e-02
-2.778357593342661858e-03
9.153487160801887512e-03
6.769455969333648682e-03
-6.906499154865741730e-03
1.997153833508491516e-02
2.053864113986492157e-02
1.503449119627475739e-02
-1.331122685223817825e-02
5.106494203209877014e-02
8.224710822105407715e-03
-2.431303635239601135e-02
-2.737505419645458460e-04
-5.262315273284912109e-02
3.636279329657554626e-02
-7.546746730804443359e-02
-7.442840142175555229e-04
1.235791132785379887e-03
1.429431047290563583e-02
2.178679779171943665e-02
-1.051399204879999161e-02
2.231295779347419739e-02
3.639448434114456177e-02
4.156609252095222473e-02
-1.698427833616733551e-02
-5.993089452385902405e-02
-2.615647576749324799e-02
1.426276983693242073e-03
1.464080810546875000e-02
5.730946734547615051e-02
2.355815283954143524e-02
-1.182731520384550095e-02
-2.452052757143974304e-02
-4.441874101758003235e-02
1.058875303715467453e-02
1.240407302975654602e-02
-4.001266136765480042e-02
-1.462353207170963287e-02
-3.137010335922241211e-02
-3.086279332637786865e-02
-6.428448110818862915e-02
1.782865449786186218e-02
-4.572490695863962173e-03
-1.756876334547996521e-02
2.052536606788635254e-02
-4.547176882624626160e-02
3.218992799520492554e-02
-4.618034511804580688e-02
-5.520579591393470764e-02
-1.372108794748783112e-02
1.534201786853373051e-03
1.064131688326597214e-02
1.694259792566299438e-02
-1.767561584711074829e-02
-1.646562851965427399e-02
2.739291638135910034e-02
-6.358142197132110596e-02
-2.442828007042407990e-02
-3.409584984183311462e-02
5.579741671681404114e-03
-4.389543458819389343e-02
-1.426708139479160309e-02
-8.167609572410583496e-03
4.449870437383651733e-03
1.613276638090610504e-02
-1.462412532418966293e-02
-2.308540605008602142e-02
1.615215279161930084e-02
-7.168842852115631104e-02
-5.474046245217323303e-02
1.578316278755664825e-02
-2.948625199496746063e-02
1.662408746778964996e-02
-3.357021138072013855e-02
-5.411981418728828430e-02
2.908393926918506622e-02
3.851245343685150146e-02
-2.855179458856582642e-02
-1.641479320824146271e-02
-3.120541013777256012e-02
1.474110968410968781e-02
-9.380741976201534271e-03
-4.847843945026397705e-02
5.088904127478599548e-02
-2.484718896448612213e-02
-2.734296396374702454e-02
1.827962882816791534e-02
-3.256578370928764343e-02
-1.839484646916389465e-02
2.532237768173217773e-02
-5.063389427959918976e-03
3.156194090843200684e-02
1.276098564267158508e-02
-5.564205348491668701e-02
3.033223561942577362e-02
-1.398560497909784317e-02
7.458830624818801880e-02
-8.599043637514114380e-02
-4.299320653080940247e-02
-4.693625867366790771e-02
-3.743972163647413254e-03
-5.153602454811334610e-03
-9.827467612922191620e-03
3.167476505041122437e-02
-6.863564997911453247e-02
2.087524160742759705e-02
-7.294470909982919693e-03
-2.783858403563499451e-02
3.747272118926048279e-02
-6.258223205804824829e-02
1.605231501162052155e-02
1.978390850126743317e-02
8.070929348468780518e-02
1.841680705547332764e-02
-6.545343250036239624e-02
5.103154107928276062e-02
1.370644383132457733e-02
-8.982435613870620728e-02
-2.709456719458103180e-02
-1.008400926366448402e-03
4.329133778810501099e-02
-5.801570951007306576e-04
-1.164872944355010986e-01
3.504874184727668762e-02
-2.700027823448181152e-02
-3.104313462972640991e-02
1.089817844331264496e-02
-1.559956930577754974e-02
-5.737558007240295410e-02
-1.092539355158805847e-01
-2.001420408487319946e-02
-1.789844967424869537e-02
-4.724752902984619141e-02
-4.419016465544700623e-02
6.347845308482646942e-03
-2.598386071622371674e-02
2.625441178679466248e-02
4.421980679035186768e-02
-3.754078969359397888e-02
-2.675884962081909180e-02
-1.833657175302505493e-02
-8.841518312692642212e-02
1.012187264859676361e-02
5.514418240636587143e-03
-1.412107143551111221e-02
-8.672087453305721283e-03
1.333818398416042328e-02
-3.135948255658149719e-02
-2.344424836337566376e-02
4.050550982356071472e-02
1.107639074325561523e-01
-4.038838669657707214e-02
-2.710803411900997162e-02
5.350326374173164368e-02
2.828053198754787445e-02
3.372104465961456299e-02
-2.835256792604923248e-02
5.360445380210876465e-02
-3.570976108312606812e-02
-5.104258283972740173e-02
-1.411709748208522797e-02
-3.958135843276977539e-02
1.698694750666618347e-02
-8.557738736271858215e-03
-2.825197018682956696e-02
1.207933798432350159e-01
3.320181742310523987e-02
-5.029809474945068359e-02
5.735848098993301392e-02
-5.267588794231414795e-02
-4.225194826722145081e-02
-3.278857097029685974e-02
-7.057270407676696777e-02
1.742320694029331207e-02
1.137262508273124695e-01
8.775131404399871826e-02
6.887791678309440613e-03
7.539089024066925049e-02
-2.798511460423469543e-02
-3.895911201834678650e-02
2.106196805834770203e-02
-1.759835332632064819e-02
-1.401439309120178223e-02
-5.583110265433788300e-03
2.947478555142879486e-02
-2.825515903532505035e-02
-2.270523086190223694e-02
-3.073432110249996185e-02
6.889601051807403564e-02
-3.639796748757362366e-03
-4.685702268034219742e-03
-3.545812563970685005e-03
5.917841941118240356e-02
7.587349391542375088e-04
-7.254072930663824081e-03
-1.169268041849136353e-02
8.509764075279235840e-02
3.600482270121574402e-02
5.435887351632118225e-02
2.858696319162845612e-02
-7.018243521451950073e-02
-2.921818569302558899e-02
-1.326850801706314087e-02
1.457231212407350540e-02
1.536340638995170593e-02
-6.714069098234176636e-02
1.097284257411956787e-02
-5.081640183925628662e-02
3.023077920079231262e-02
-3.618631977587938309e-03
-1.358624920248985291e-02
4.633731674402952194e-03
-6.933280732482671738e-03
-1.383075769990682602e-02
-9.846851229667663574e-03
-1.716079376637935638e-02
-3.411415964365005493e-02
-3.028105571866035461e-02
7.186873699538409710e-04
-6.126029789447784424e-02
-2.957767620682716370e-02
-2.797257713973522186e-02
-3.675827011466026306e-02
2.040391787886619568e-02
3.024446219205856323e-02
-1.917242072522640228e-02
2.787347417324781418e-03
2.191654592752456665e-02
2.646411396563053131e-02
-7.780451327562332153e-02
-1.193169038742780685e-02
4.343479499220848083e-02
-7.143592834472656250e-02
-3.230917081236839294e-02
4.835797101259231567e-02
3.332013636827468872e-02
4.411527514457702637e-02
-4.077511653304100037e-02
2.900458499789237976e-02
-5.774597171694040298e-03
-7.946789264678955078e-03
-1.434714719653129578e-02
-1.456468272954225540e-02
-1.391396112740039825e-02
8.973874151706695557e-03
-3.280304837971925735e-03
-4.957343637943267822e-02
-4.277918860316276550e-02
3.455579513683915138e-03
-1.598337106406688690e-02
-3.976274654269218445e-02
-6.045844405889511108e-02
-3.094328381121158600e-02
-4.161299020051956177e-02
1.244353875517845154e-02
-3.162689507007598877e-02
-5.214453488588333130e-02
-5.042948201298713684e-02
-1.921353861689567566e-03
-1.993807032704353333e-02
2.938294038176536560e-02
2.445874176919460297e-02
-2.959451405331492424e-03
2.960800565779209137e-02
-4.104441031813621521e-02
-2.187269739806652069e-02
2.553757280111312866e-02
-1.024397276341915131e-02
-9.986759396269917488e-04
-3.878065943717956543e-02
-1.552933547645807266e-02
-3.012199699878692627e-02
7.025363296270370483e-02
3.446574788540601730e-03
-2.023968473076820374e-02
-6.135139986872673035e-02
6.749369204044342041e-02
-2.435939945280551910e-02
-2.271744981408119202e-02
-4.313310235738754272e-02
2.825559116899967194e-02
6.867912132292985916e-03
-9.137088805437088013e-02
-3.219688311219215393e-02
6.290201842784881592e-02
5.200223997235298157e-02
-2.314345166087150574e-02
2.542950212955474854e-03
3.111314959824085236e-02
6.906498689204454422e-03
-4.936201497912406921e-02
-4.175687208771705627e-02
-3.867712244391441345e-02
-2.239420264959335327e-02
2.724105678498744965e-02
-4.717959836125373840e-02
5.123009532690048218e-02
4.746224731206893921e-02
-3.304863721132278442e-02
-2.477816678583621979e-02
9.130347520112991333e-02
1.330908238887786865e-01
4.599075019359588623e-02
-8.540863543748855591e-02
3.926127403974533081e-02
5.156777054071426392e-02
8.685408160090446472e-03
3.148092329502105713e-02
4.488635808229446411e-02
-1.527939178049564362e-02
1.155000273138284683e-02
1.337004825472831726e-02
-1.526734977960586548e-02
-1.621323451399803162e-02
9.386406280100345612e-03
2.407446503639221191e-02
-1.095942035317420959e-02
1.180566102266311646e-02
3.919968381524085999e-02
9.128279983997344971e-03
-5.078543350100517273e-02
-1.974482461810112000e-02
5.558698996901512146e-02
5.458052456378936768e-02
3.710176562890410423e-03
1.662548072636127472e-02
2.184537984430789948e-02
-1.646329648792743683e-03
4.246126860380172729e-03
-8.732061833143234253e-03
5.224837735295295715e-02
3.683347627520561218e-02
-6.925816833972930908e-02
-8.890966325998306274e-02
7.013118010945618153e-04
-2.503513172268867493e-02
-1.289785839617252350e-03
7.584422361105680466e-03
-1.815490983426570892e-02
6.387482862919569016e-03
5.165237002074718475e-03
-4.671651870012283325e-02
-1.877950504422187805e-02
2.609712816774845123e-02
1.458302605897188187e-02
2.269801869988441467e-02
6.340316962450742722e-03
-3.781681135296821594e-02
2.729042991995811462e-02
2.822585217654705048e-02
-7.433763705193996429e-03
4.482489824295043945e-02
4.086745157837867737e-02
9.672307409346103668e-03
-1.181753631681203842e-02
2.811225503683090210e-02
5.205769557505846024e-03
-5.775569379329681396e-02
3.827662020921707153e-02
1.403362676501274109e-02
-1.768530160188674927e-02
-3.114312188699841499e-03
1.903477124869823456e-02
9.965265169739723206e-03
-1.710720919072628021e-02
-1.764528080821037292e-02
2.046480961143970490e-02
-2.397804893553256989e-02
1.904259063303470612e-02
3.443877026438713074e-02
3.172872960567474365e-02
-5.747481063008308411e-02
-8.881746907718479633e-04
-2.243395894765853882e-02
2.779702283442020416e-02
-4.289172589778900146e-02
-2.933245152235031128e-02
-1.397408265620470047e-02
3.010199172422289848e-03
-2.245515398681163788e-02
-2.207988873124122620e-03
6.709256768226623535e-02
8.080798201262950897e-03
1.892455387860536575e-03
-4.194298014044761658e-02
-1.181041542440652847e-02
-1.144838333129882812e-02
1.698733679950237274e-02
4.219696298241615295e-02
5.223855841904878616e-03
-8.195844292640686035e-02
-1.965511776506900787e-02
-1.009748280048370361e-01
-5.535701662302017212e-02
4.721547290682792664e-02
1.860996522009372711e-02
-6.119391322135925293e-02
-2.120176889002323151e-02
1.012979354709386826e-02
1.093309745192527771e-02
3.581390157341957092e-02
-9.397639223607257009e-05
-1.171998828649520874e-01
8.776069618761539459e-03
2.200691029429435730e-02
-1.103307772427797318e-02
2.707308344542980194e-02
3.165771067142486572e-02
-5.603010766208171844e-03
1.825325563549995422e-02
-8.574068546295166016e-03
7.677652873098850250e-03
4.264146555215120316e-03
2.252477407455444336e-02
9.793759882450103760e-02
1.343844085931777954e-02
-3.556074574589729309e-02
-9.494910947978496552e-03
1.367536745965480804e-02
1.969828084111213684e-02
-6.442071497440338135e-02
-2.920057624578475952e-02
3.261565789580345154e-02
2.571338973939418793e-02
6.095017492771148682e-02
1.884869672358036041e-02
2.358110621571540833e-02
3.894333168864250183e-02
-5.475351586937904358e-02
-5.276452377438545227e-02
-2.794468030333518982e-02
7.329363841563463211e-03
3.456862270832061768e-02
-1.452131476253271103e-02
7.986505515873432159e-03
-1.361575350165367126e-02
-1.730179972946643829e-02
4.341259133070707321e-03
-1.634270884096622467e-02
-2.468851208686828613e-02
9.019530564546585083e-02
-1.682358793914318085e-02
1.005622092634439468e-02
-2.695230534300208092e-03
1.806187443435192108e-02
1.363560371100902557e-02
2.046375535428524017e-03
-3.135396912693977356e-02
-4.994004219770431519e-02
-1.416312716901302338e-02
-2.474455162882804871e-03
-1.764792576432228088e-02
-2.608085796236991882e-02
1.372227212414145470e-03
-2.179291471838951111e-02
-1.893999613821506500e-02
2.368446998298168182e-02
1.015670225024223328e-02
-4.482353478670120239e-02
-6.634565442800521851e-02
2.008203230798244476e-02
-1.397567149251699448e-02
-1.379701681435108185e-02
-2.837220206856727600e-02
-6.198664754629135132e-02
-1.874525845050811768e-02
-3.255809191614389420e-03
2.710295282304286957e-02
1.803770102560520172e-02
-3.977556154131889343e-02
3.844410181045532227e-02
-1.704223081469535828e-02
-6.970546673983335495e-03
-1.877455227077007294e-02
1.046376600861549377e-01
3.400683403015136719e-02
3.958629816770553589e-02
-4.482881352305412292e-02
-6.543080322444438934e-03
-3.444043546915054321e-02
-1.314921025186777115e-02
-6.364724785089492798e-02
-3.318803757429122925e-02
3.563744574785232544e-02
-4.830873012542724609e-02
-9.069107472896575928e-02
2.842346206307411194e-02
-5.225470662117004395e-02
-2.905134484171867371e-02
-3.975885361433029175e-02
-6.035302579402923584e-02
-3.444731980562210083e-02
-1.536004245281219482e-02
-6.056690961122512817e-02
-1.072122063487768173e-02
-4.285679757595062256e-02
1.347430143505334854e-02
1.601354405283927917e-02
-3.396120294928550720e-02
-2.691355533897876740e-02
-6.263380404561758041e-03
-2.102026343345642090e-02
3.113875538110733032e-02
-1.258478593081235886e-02
9.901714511215686798e-03
5.978912860155105591e-02
8.981695398688316345e-03
-6.573671847581863403e-02
-9.250954724848270416e-03
9.267108142375946045e-02
1.373914349824190140e-02
-3.649062290787696838e-02
-3.315344452857971191e-02
-3.259474039077758789e-02
7.455836236476898193e-02
2.681579254567623138e-02
6.842904537916183472e-02
4.768421873450279236e-02
-2.657278999686241150e-02
3.244916722178459167e-02
3.971659578382968903e-03
-8.987921290099620819e-03
-9.648070670664310455e-03
-6.341023370623588562e-03
-6.864751875400543213e-02
1.917323656380176544e-02
9.485741704702377319e-02
3.557859361171722412e-02
6.923072040081024170e-03
-2.133020572364330292e-02
-1.065831817686557770e-02
-1.987792737782001495e-02
5.248242616653442383e-02
4.917437955737113953e-02
-1.462556049227714539e-02
4.202765878289937973e-03
7.516032084822654724e-03
-2.503303252160549164e-02
-1.176662510260939598e-03
-1.541977049782872200e-03
-1.702319085597991943e-02
-3.798912465572357178e-02
5.167918745428323746e-03
-3.296897932887077332e-02
-2.253244072198867798e-02
1.732576079666614532e-02
-5.003371834754943848e-02
6.336569786071777344e-03
-3.277602046728134155e-02
-1.441367529332637787e-02
3.008439205586910248e-02
-3.749201074242591858e-02
-8.141425997018814087e-02
-4.123696126043796539e-03
1.965093053877353668e-02
2.457875944674015045e-02
-2.006645128130912781e-02
-1.335702277719974518e-02
-4.940487910062074661e-03
2.638852223753929138e-03
5.077535659074783325e-02
2.834712713956832886e-02
-1.649470068514347076e-02
4.095694981515407562e-03
-1.248774398118257523e-02
-1.872345339506864548e-03
1.386082498356699944e-03
-1.424102950841188431e-02
7.159120868891477585e-03
4.442206770181655884e-02
2.560434676706790924e-02
-9.227254241704940796e-02
4.188635572791099548e-02
3.612468019127845764e-03
4.205458238720893860e-02
5.004385858774185181e-02
-4.032211005687713623e-02
-7.187398523092269897e-02
5.316275730729103088e-02
-9.037130512297153473e-04
-1.918428204953670502e-02
-1.280444301664829254e-02
-1.985360682010650635e-02
1.075017079710960388e-01
-4.107054322957992554e-02
4.761989787220954895e-02
3.922245651483535767e-02
4.613226652145385742e-02
-2.263326756656169891e-02
-4.079113900661468506e-02
-3.509662672877311707e-02
-5.228314548730850220e-03
-2.221025153994560242e-02
-1.870219595730304718e-02
-5.461669340729713440e-02
2.181002497673034668e-02
6.212447583675384521e-02
-8.000263944268226624e-03
-1.444001495838165283e-02
5.700863897800445557e-02
2.607608912512660027e-03
-6.805896013975143433e-02
-7.222251594066619873e-02
2.836868353188037872e-02
1.020864918828010559e-01
1.386137213557958603e-02
4.898881912231445312e-02
2.934835478663444519e-02
9.156630374491214752e-03
-3.380428254604339600e-02
2.643390186131000519e-02
2.106095664203166962e-02
2.927077002823352814e-02
-7.683335989713668823e-02
-2.447401359677314758e-02
-5.849513690918684006e-04
-5.384346097707748413e-02
-1.858935132622718811e-02
2.722032926976680756e-02
-1.394018530845642090e-02
-9.537501027807593346e-04
-1.475660968571901321e-02
-5.023121833801269531e-02
8.092015050351619720e-03
-1.005460871965624392e-04
-4.150426760315895081e-02
-4.116963967680931091e-02
1.969737000763416290e-02
-9.822621010243892670e-03
2.536707930266857147e-02
-9.153934568166732788e-02
-6.675787270069122314e-02
8.094456046819686890e-03
-2.367994561791419983e-02
8.391863852739334106e-02
-5.305183678865432739e-02
-2.758463844656944275e-02
-3.669471479952335358e-03
7.697568088769912720e-02
-5.420009419322013855e-02
-5.402877554297447205e-02
-1.498288661241531372e-02
-3.329901769757270813e-02
4.270546510815620422e-02
3.808497684076428413e-03
-3.492236137390136719e-04
-3.054456412792205811e-02
-7.837329991161823273e-03
-5.019934847950935364e-02
-6.985954940319061279e-02
-3.973834961652755737e-02
-4.093247279524803162e-02
-1.052225828170776367e-01
-4.142638295888900757e-02
-1.672678627073764801e-02
1.534676700830459595e-01
4.031664505600929260e-02
-7.314396649599075317e-02
5.099199712276458740e-03
1.900697872042655945e-02
8.905296027660369873e-02
-3.188917785882949829e-02
-2.649399219080805779e-03
-1.495185960084199905e-02
-3.607163205742835999e-03
-2.274149283766746521e-02
5.380859598517417908e-02
-1.598308049142360687e-02
-4.558432474732398987e-02
-5.179513990879058838e-02
1.130578145384788513e-01
4.960119351744651794e-02
2.854193188250064850e-02
5.987718701362609863e-03
2.990547567605972290e-02
2.771558798849582672e-02
2.075998112559318542e-02
3.077241778373718262e-02
7.069415599107742310e-02
-4.650454223155975342e-02
1.030223816633224487e-01
8.865240961313247681e-02
3.029128909111022949e-02
1.577119156718254089e-02
4.880025237798690796e-02
-2.494483254849910736e-03
4.285101965069770813e-02
-4.303241148591041565e-02
-1.035483703017234802e-01
1.893591508269309998e-02
-7.126893848180770874e-02
1.938387192785739899e-02
-6.562721729278564453e-02
3.099026530981063843e-02
-8.403738588094711304e-02
-3.879791125655174255e-02
-5.223662033677101135e-02
4.765462502837181091e-02
5.519689992070198059e-02
1.968141831457614899e-02
-4.085545986890792847e-02
-1.416603010147809982e-02
-5.034053465351462364e-04
-3.447576425969600677e-03
-1.581725664436817169e-02
2.335298806428909302e-02
-2.349021815462037921e-05
3.134924918413162231e-02
-4.684114083647727966e-02
-3.512958437204360962e-02
-1.418862957507371902e-02
1.817870186641812325e-03
4.486019909381866455e-02
-2.461232058703899384e-02
-1.766459085047245026e-02
-2.299501933157444000e-02
-3.557254746556282043e-02
2.801083261147141457e-03
3.210458531975746155e-02
1.693825237452983856e-02
-2.802421152591705322e-02
2.133432775735855103e-02
6.585564464330673218e-02
-3.315124288201332092e-02
-4.388913512229919434e-02
-3.110450319945812225e-02
2.095397748053073883e-02
-1.716895028948783875e-02
-1.353861112147569656e-02
1.099791284650564194e-02
-1.943461783230304718e-02
-3.646129043772816658e-04
3.313717991113662720e-02
1.773738674819469452e-02
8.413167670369148254e-03
3.359331563115119934e-02
-1.923345215618610382e-02
-4.696867242455482483e-02
-3.571633482351899147e-03
5.963549390435218811e-02
-4.858852550387382507e-02
-4.481417685747146606e-02
2.422506734728813171e-02
3.126483410596847534e-02
6.371523439884185791e-02
2.960653975605964661e-02
-2.737431786954402924e-02
3.676726669073104858e-02
1.468480192124843597e-02
-2.510373480618000031e-02
1.653696224093437195e-02
-1.524560060352087021e-02
-1.047990005463361740e-02
-4.403128288686275482e-03
-1.211698539555072784e-02
-2.223806828260421753e-02
-1.744295470416545868e-02
-2.469963580369949341e-02
-7.529814261943101883e-03
-9.075650013983249664e-03
-2.068576961755752563e-02
4.357999656349420547e-03
1.946580479852855206e-03
5.082019791007041931e-02
7.904627919197082520e-02
-5.564153194427490234e-02
2.609087526798248291e-02
-3.694328293204307556e-02
3.481271117925643921e-02
-1.104023773223161697e-02
-3.102623857557773590e-02
-1.961380057036876678e-02
5.498848855495452881e-03
-7.791887968778610229e-02
1.105384528636932373e-01
-2.451552450656890869e-02
3.808591142296791077e-02
1.361804157495498657e-01
5.284371227025985718e-02
5.902667716145515442e-02
8.699687570333480835e-02
2.370317466557025909e-02
-8.978062123060226440e-02
1.736268587410449982e-02
3.178460150957107544e-02
9.281633049249649048e-02
-3.534717112779617310e-02
-5.119792651385068893e-03
-5.207580700516700745e-02
-9.479116648435592651e-03
-4.589261487126350403e-02
6.119803991168737411e-03
3.085279650986194611e-02
