-4.101596027612686157e-02
-4.473311454057693481e-02
1.588154025375843048e-02
4.216697439551353455e-02
4.744933918118476868e-02
4.911835119128227234e-02
3.249919787049293518e-02
9.475863189436495304e-04
-3.088014386594295502e-02
-9.206084907054901123e-02
-4.460477456450462341e-02
-1.643288694322109222e-02
-5.719651654362678528e-02
-5.086334794759750366e-02
1.299877767451107502e-03
-3.798452764749526978e-02
-3.300430998206138611e-02
5.128327757120132446e-02
2.024753717705607414e-03
7.834613323211669922e-02
7.244140654802322388e-02
2.988274022936820984e-02
4.812081530690193176e-02
1.216926332563161850e-02
3.491464629769325256e-02
1.435110438615083694e-02
-2.089269645512104034e-02
1.840290351537987590e-04
3.722722083330154419e-02
4.974927287548780441e-03
5.931045114994049072e-02
2.564240992069244385e-02
-3.814421221613883972e-02
3.680161759257316589e-02
-4.014956206083297729e-02
-5.783499404788017273e-02
4.116167780011892319e-03
4.524232819676399231e-03
-2.678031660616397858e-02
-3.460980206727981567e-02
-1.461772806942462921e-02
-2.174877375364303589e-02
-5.086270347237586975e-02
-9.219572879374027252e-03
4.647346213459968567e-02
4.719625692814588547e-03
-4.229822009801864624e-02
-7.222685217857360840e-02
-3.093631938099861145e-02
-5.118730291724205017e-02
-4.211800172924995422e-02
-1.369746960699558258e-02
-6.631142925471067429e-03
6.648386828601360321e-03
4.742636159062385559e-02
-1.463550049811601639e-02
-8.707395941019058228e-02
1.809305697679519653e-02
-3.608487918972969055e-02
-6.539143621921539307e-02
-3.806894272565841675e-02
-6.213068962097167969e-02
-3.314515948295593262e-02
3.838081145659089088e-03
1.696738786995410919e-02
1.294435746967792511e-02
1.432301290333271027e-02
5.952898063696920872e-04
-2.502419613301753998e-02
5.309890024363994598e-03
-2.107853256165981293e-02
-4.104407504200935364e-02
5.192055180668830872e-02
-8.282761275768280029e-02
-1.093557849526405334e-01
-5.525188054889440536e-03
-8.316982537508010864e-02
-3.269008919596672058e-02
-8.151328563690185547e-02
-8.130182325839996338e-02
3.242961829528212547e-03
-3.023621253669261932e-02
3.630449250340461731e-02
-1.418947521597146988e-02
-1.195221301168203354e-02
3.106168657541275024e-02
1.145449373871088028e-02
1.171057764440774918e-02
3.531698510050773621e-02
9.184307418763637543e-04
-6.205256655812263489e-02
2.799879200756549835e-02
4.430348426103591919e-02
1.964222081005573273e-02
4.081417992711067200e-02
6.016612052917480469e-02
1.282901968806982040e-02
3.104676119983196259e-02
1.784069091081619263e-02
4.335264116525650024e-02
-2.710382826626300812e-02
-3.431296348571777344e-02
-9.677642025053501129e-03
-3.506191447377204895e-02
-2.263219654560089111e-02
-4.400772601366043091e-02
-1.646761223673820496e-02
-2.639701217412948608e-02
-1.858686469495296478e-02
9.203020599670708179e-04
3.532140702009201050e-02
-1.017890498042106628e-02
1.613041199743747711e-02
2.927993237972259521e-02
1.892713457345962524e-02
2.784795686602592468e-02
2.901163697242736816e-02
-6.727928668260574341e-02
-1.016847863793373108e-01
-5.112313106656074524e-02
-1.356774568557739258e-02
8.260521106421947479e-03
1.788055524230003357e-02
-3.160447999835014343e-02
-8.242435008287429810e-02
-5.288564413785934448e-02
-2.054710537195205688e-01
-7.641094177961349487e-02
1.224622875452041626e-01
-1.962002962827682495e-01
3.195685520768165588e-02
1.832581162452697754e-01
-8.714760839939117432e-02
8.557718247175216675e-02
6.931814551353454590e-02
-6.769501138478517532e-03
2.591481804847717285e-02
-3.159796446561813354e-02
-1.101323217153549194e-02
1.987549662590026855e-02
-6.794672459363937378e-02
-5.967525765299797058e-03
-1.333453319966793060e-02
-4.780716821551322937e-02
4.119299817830324173e-03
5.969249084591865540e-02
-1.380936335772275925e-02
2.312988415360450745e-02
9.490037336945533752e-03
9.260628372430801392e-03
3.587538003921508789e-02
4.748699069023132324e-02
4.070746526122093201e-02
-5.892696604132652283e-02
3.205444198101758957e-03
-9.610641747713088989e-02
-9.343760460615158081e-02
1.607775501906871796e-02
-7.887422293424606323e-02
-1.857487559318542480e-01
7.699643820524215698e-02
-1.437529176473617554e-01
-1.729890145361423492e-02
-4.223682731389999390e-02
-1.444137375801801682e-02
-8.380880206823348999e-02
5.146434903144836426e-02
-8.354632183909416199e-03
1.787211862392723560e-03
2.506065554916858673e-02
-1.137879956513643265e-02
5.926697328686714172e-02
-3.848671447485685349e-03
1.697218976914882660e-02
3.053894452750682831e-02
-2.387687098234891891e-03
6.953807920217514038e-02
-2.919944189488887787e-02
4.426028206944465637e-02
5.256848782300949097e-02
3.754983842372894287e-02
-1.593722850084304810e-01
8.360678330063819885e-03
-5.442132428288459778e-02
9.956998378038406372e-02
-6.761080771684646606e-02
8.767828345298767090e-02
-1.431541591882705688e-01
4.120973870158195496e-02
3.219919651746749878e-02
-4.475574567914009094e-02
1.933925785124301910e-02
4.020991548895835876e-02
-6.098429672420024872e-03
2.619638293981552124e-02
1.101020257920026779e-02
3.108185902237892151e-02
4.995315149426460266e-02
-1.796399243175983429e-02
2.537862956523895264e-02
4.205754026770591736e-02
-6.695520877838134766e-02
-1.371245644986629486e-02
-1.870123296976089478e-02
-7.611108571290969849e-02
-5.852521397173404694e-03
-6.156705692410469055e-02
-1.316580269485712051e-02
1.429064013063907623e-02
-1.025488972663879395e-02
-1.705855503678321838e-02
-2.804830856621265411e-02
7.107114419341087341e-03
1.453932374715805054e-02
-1.980393938720226288e-02
-3.815990686416625977e-02
-2.764048054814338684e-03
-2.276982180774211884e-02
1.070121023803949356e-02
2.883312106132507324e-02
-4.600648209452629089e-02
3.324479609727859497e-02
-2.388827688992023468e-02
-5.816981941461563110e-02
4.281290248036384583e-02
6.677299737930297852e-02
-1.237237639725208282e-02
1.141685340553522110e-02
4.335971549153327942e-03
1.033428404480218887e-02
-2.158823795616626740e-02
1.231086719781160355e-02
-5.235768482089042664e-02
-1.071447208523750305e-01
2.365037798881530762e-02
8.858953416347503662e-02
-3.204307705163955688e-02
-5.681598559021949768e-02
5.649245157837867737e-02
-9.736683219671249390e-02
5.327709950506687164e-04
-8.903770707547664642e-03
7.145071029663085938e-02
4.126378148794174194e-02
-1.588491909205913544e-02
3.563477843999862671e-02
7.340141385793685913e-02
-5.360257625579833984e-02
4.315225407481193542e-02
-1.708779856562614441e-02
-4.538913816213607788e-02
6.016266997903585434e-03
-4.934107139706611633e-02
-1.486386656761169434e-01
-5.215024575591087341e-02
-9.081725031137466431e-02
-5.149402096867561340e-02
-7.641212642192840576e-02
-7.562041282653808594e-02
-3.054513782262802124e-02
-7.351183891296386719e-02
-1.568657346069812775e-02
9.333477355539798737e-03
1.051162928342819214e-02
-3.075321763753890991e-02
-7.720109075307846069e-02
2.809769660234451294e-02
-4.840406775474548340e-02
3.871776908636093140e-02
-1.238562446087598801e-02
3.440360724925994873e-02
2.126535214483737946e-02
7.794506102800369263e-02
1.453398820012807846e-02
-2.301508374512195587e-02
-7.590323220938444138e-03
-5.571701005101203918e-02
-1.039678137749433517e-02
-3.787320479750633240e-02
-1.925172097980976105e-02
-7.938912510871887207e-02
-9.424780495464801788e-03
1.959325373172760010e-02
5.705374758690595627e-03
1.001681853085756302e-02
-2.964815124869346619e-02
5.717632174491882324e-02
-5.353110656142234802e-02
1.762671768665313721e-02
-1.811194582842290401e-03
6.834764499217271805e-03
-3.454712918028235435e-03
-5.991327576339244843e-03
3.427279181778430939e-03
5.912853404879570007e-03
-1.432933099567890167e-02
-3.096261434257030487e-02
3.210731968283653259e-02
5.066167097538709641e-03
-2.355452440679073334e-02
2.530503273010253906e-02
1.295483205467462540e-02
1.594979688525199890e-02
9.835041128098964691e-04
-1.160132978111505508e-02
3.334143012762069702e-02
1.863016164861619473e-03
-3.727993369102478027e-02
2.327961660921573639e-02
1.540872734040021896e-03
-1.106107980012893677e-02
-6.000685039907693863e-03
2.147561125457286835e-02
9.838335216045379639e-03
-7.740047294646501541e-04
1.109599228948354721e-02
4.806265234947204590e-02
6.492185592651367188e-02
-1.868173421826213598e-04
-1.709935627877712250e-02
-1.368923019617795944e-02
2.803258784115314484e-02
2.397562377154827118e-03
-1.801586896181106567e-02
-1.976769231259822845e-02
-2.942299284040927887e-02
2.815561182796955109e-02
-2.416107244789600372e-02
-5.165865179151296616e-03
9.742821566760540009e-03
4.378656297922134399e-02
-1.104538887739181519e-02
-1.082123164087533951e-02
-7.184668630361557007e-02
-8.044979721307754517e-02
-4.897780343890190125e-02
-5.310558155179023743e-02
-5.224439874291419983e-02
-2.612453885376453400e-02
-1.533305924385786057e-02
-2.463841810822486877e-02
-1.127401366829872131e-02
5.815734155476093292e-03
3.467823937535285950e-02
2.205090038478374481e-02
-3.250259533524513245e-02
-1.135432440787553787e-02
1.537094730883836746e-02
-7.911776751279830933e-02
-7.596179097890853882e-02
-4.175955802202224731e-02
3.419937193393707275e-02
-5.925546400249004364e-03
-5.332407355308532715e-02
1.246930472552776337e-02
1.922805793583393097e-02
-1.611361838877201080e-02
-5.225875228643417358e-02
-1.376773789525032043e-02
-3.903243318200111389e-02
-1.072189770638942719e-02
-2.718205563724040985e-02
-1.798649691045284271e-02
-5.297803785651922226e-03
-4.066902026534080505e-02
-1.407560892403125763e-02
3.683983907103538513e-02
-2.961494214832782745e-02
1.315454137511551380e-03
5.183624569326639175e-03
-2.505415864288806915e-02
-2.469977922737598419e-02
2.076029963791370392e-02
-3.148865699768066406e-02
-2.920603193342685699e-02
2.117087505757808685e-02
-7.888480089604854584e-03
-4.199242219328880310e-02
3.321337979286909103e-03
-2.301220968365669250e-02
-7.454372476786375046e-03
-1.190838753245770931e-03
-9.000093676149845123e-03
2.913526073098182678e-02
2.341477945446968079e-02
1.030266005545854568e-02
4.753262735903263092e-03
-1.545173395425081253e-02
-4.245268553495407104e-02
-1.538582891225814819e-02
-4.165369272232055664e-02
-7.469096034765243530e-02
-5.039944127202033997e-02
-1.402735151350498199e-02
-3.708881884813308716e-02
-3.067891485989093781e-02
1.038870029151439667e-02
-2.078803442418575287e-02
-1.774802431464195251e-02
-7.964616641402244568e-03
-3.447559475898742676e-02
-2.753722853958606720e-02
-2.307773567736148834e-02
-6.231264024972915649e-02
-3.477805107831954956e-02
1.249553821980953217e-02
-7.093485910445451736e-03
5.591433146037161350e-04
-1.822162233293056488e-02
-4.875084385275840759e-02
2.780408412218093872e-02
-4.561388492584228516e-02
-3.932504728436470032e-02
2.115141227841377258e-02
-1.419451981782913208e-01
-1.147021427750587463e-01
-1.350938379764556885e-01
-7.688286900520324707e-02
-5.046442523598670959e-02
-9.727515280246734619e-02
2.679508738219738007e-02
5.761368200182914734e-02
-9.317470714449882507e-03
4.951517656445503235e-02
1.862366124987602234e-02
9.379150345921516418e-03
-2.689467510208487511e-03
-1.045640185475349426e-02
-4.251209087669849396e-03
-2.011958509683609009e-03
-1.335907611064612865e-03
3.822753205895423889e-03
-6.634639948606491089e-02
-3.340349718928337097e-02
5.740968883037567139e-02
-8.131649345159530640e-02
-1.069735363125801086e-01
-4.084334149956703186e-02
-5.906334612518548965e-03
-5.526627600193023682e-02
-8.610644936561584473e-02
1.512510515749454498e-02
1.017529331147670746e-02
7.905793190002441406e-02
9.640711359679698944e-04
-4.768167436122894287e-02
3.799972683191299438e-02
-6.691452115774154663e-03
-7.551946491003036499e-02
2.248144522309303284e-02
-3.857894614338874817e-02
-7.432407885789871216e-02
-1.089436747133731842e-02
2.057284303009510040e-02
-7.217928022146224976e-02
-9.728587418794631958e-02
4.935176670551300049e-02
-4.972679167985916138e-02
-9.122501313686370850e-02
-4.827694967389106750e-02
-4.228852316737174988e-02
7.674772758036851883e-03
7.668526843190193176e-03
1.629582978785037994e-02
1.269829273223876953e-02
-4.080781713128089905e-02
6.364621222019195557e-02
4.573588818311691284e-02
4.637327976524829865e-03
-3.693415969610214233e-02
-4.868179932236671448e-02
7.468421757221221924e-02
1.472316868603229523e-02
2.430331148207187653e-02
9.936591610312461853e-03
-2.753562666475772858e-02
1.010656356811523438e-01
-7.874060422182083130e-02
5.239946302026510239e-03
6.707669049501419067e-02
-2.838588133454322815e-02
-4.626794159412384033e-02
-4.145848006010055542e-02
3.673788160085678101e-02
-2.574490755796432495e-02
-6.500405818223953247e-02
-6.436879932880401611e-02
-1.889934390783309937e-02
1.541735976934432983e-02
-4.706649482250213623e-02
-2.804122120141983032e-02
-2.829645387828350067e-02
-2.049911394715309143e-02
-1.866538263857364655e-02
-4.352166131138801575e-02
-5.485147237777709961e-02
3.212302178144454956e-02
9.801401197910308838e-02
-1.040667016059160233e-02
-6.625553965568542480e-02
4.193092510104179382e-02
6.129099428653717041e-02
-4.739698395133018494e-02
-1.028784271329641342e-02
4.713705927133560181e-02
-5.940878018736839294e-02
-1.990913450717926025e-01
6.331218034029006958e-02
1.781905293464660645e-01
-6.448020786046981812e-02
-7.798115909099578857e-02
1.308833509683609009e-01
1.830962486565113068e-02
-8.300913870334625244e-02
2.686508372426033020e-02
1.161079015582799911e-02
4.067290201783180237e-02
1.563049480319023132e-02
3.248776867985725403e-02
1.050604972988367081e-02
-4.499487578868865967e-02
3.418322280049324036e-02
7.036887109279632568e-02
8.483465760946273804e-02
4.517686367034912109e-02
6.090187653899192810e-02
2.693604491651058197e-02
8.316226303577423096e-02
-3.035041736438870430e-03
-4.289079457521438599e-02
1.526943314820528030e-02
1.314506586641073227e-02
3.856128081679344177e-02
2.267910912632942200e-02
-3.810381889343261719e-02
-4.643970355391502380e-02
-5.289526656270027161e-02
6.935668177902698517e-03
-7.805389817804098129e-03
-1.724332198500633240e-02
-1.759674213826656342e-02
1.849056221544742584e-02
8.197043836116790771e-02
-4.607563093304634094e-02
-5.676083639264106750e-02
5.603554099798202515e-02
1.273189991479739547e-04
-6.789632141590118408e-02
-1.539128646254539490e-02
4.785342607647180557e-03
-2.092843502759933472e-02
1.039704903960227966e-01
-5.583642423152923584e-02
-1.173289939761161804e-01
-1.395390555262565613e-02
1.053721904754638672e-01
-1.109171062707901001e-01
-4.503672942519187927e-02
-7.864139974117279053e-02
6.288421154022216797e-02
1.640662848949432373e-01
-8.908477425575256348e-02
-1.341487318277359009e-01
5.651681870222091675e-02
3.407750651240348816e-02
-1.581502705812454224e-01
-6.071841716766357422e-02
-4.148375988006591797e-02
-1.631364412605762482e-02
1.622562296688556671e-02
-3.645941615104675293e-02
-3.685998544096946716e-02
4.876222461462020874e-03
2.578281797468662262e-03
-4.258203506469726562e-02
-3.345850855112075806e-02
2.263783104717731476e-02
-5.055718868970870972e-02
-6.932604592293500900e-03
-3.957078978419303894e-02
-2.174579538404941559e-02
5.426131188869476318e-02
-4.257664456963539124e-02
3.236111626029014587e-02
6.893738359212875366e-02
5.005729943513870239e-02
-1.287536323070526123e-02
-5.215207487344741821e-02
4.875639453530311584e-02
-7.305519282817840576e-02
-7.961004972457885742e-02
6.380146951414644718e-04
-8.345480263233184814e-02
-2.686503715813159943e-02
-4.721167683601379395e-02
3.278092667460441589e-02
6.362248957157135010e-02
-8.623414672911167145e-03
6.657915562391281128e-02
4.003135859966278076e-02
1.218864321708679199e-01
-1.310835685580968857e-02
-8.652528747916221619e-03
-5.288193002343177795e-02
8.674805052578449249e-03
5.396375805139541626e-02
2.654933184385299683e-02
6.368952989578247070e-02
2.452978864312171936e-02
6.765539199113845825e-02
5.115819349884986877e-02
2.285009063780307770e-02
3.022671490907669067e-02
-2.470121718943119049e-02
3.811363130807876587e-02
1.886846870183944702e-02
-1.001008786261081696e-02
9.263680875301361084e-02
5.048706009984016418e-02
2.438966743648052216e-02
2.248819544911384583e-02
-8.990670554339885712e-03
1.399532146751880646e-02
4.226225428283214569e-03
-6.604534573853015900e-03
1.290979608893394470e-02
-3.628271166235208511e-03
-2.404387341812252998e-03
-1.813516393303871155e-02
-1.283899135887622833e-02
-5.854770541191101074e-02
-4.231828823685646057e-02
-3.270080685615539551e-02
-8.191298693418502808e-02
-6.021936982870101929e-02
7.612715475261211395e-03
-5.001375451683998108e-02
-7.348650251515209675e-04
7.492928206920623779e-02
-3.795329108834266663e-02
-1.413577497005462646e-01
-6.146859377622604370e-02
-1.483196765184402466e-01
-1.021675467491149902e-01
6.582648307085037231e-02
-9.491889923810958862e-02
4.787255823612213135e-02
1.712915003299713135e-01
1.107978448271751404e-01
1.202479824423789978e-01
-1.168030202388763428e-01
1.222204789519309998e-01
-6.446884572505950928e-02
-2.078567892313003540e-01
-1.037808414548635483e-02
-1.777330338954925537e-01
-1.274254769086837769e-01
3.086332045495510101e-02
4.230196774005889893e-02
3.507240489125251770e-02
-4.008376505225896835e-03
-2.617747336626052856e-02
-1.636858098208904266e-02
-3.087290562689304352e-02
-5.112671852111816406e-02
-3.381081670522689819e-02
-1.803435571491718292e-02
-6.071289069950580597e-03
1.543840300291776657e-02
-8.178143762052059174e-03
1.505388971418142319e-02
-3.599325427785515785e-03
-5.178354214876890182e-03
3.564884886145591736e-02
-7.611033972352743149e-03
2.439769171178340912e-02
-3.365381434559822083e-02
1.873181387782096863e-02
-4.139161482453346252e-02
-5.138601362705230713e-02
-5.377599736675620079e-04
-4.244177415966987610e-02
-2.845597919076681137e-03
8.108918555080890656e-03
8.376915357075631618e-04
-2.009961754083633423e-02
-2.381327934563159943e-02
-3.937242552638053894e-02
-2.189951576292514801e-02
-2.413321658968925476e-02
5.109332967549562454e-03
1.149815041571855545e-02
1.476477738469839096e-02
7.106200605630874634e-02
6.008231639862060547e-02
-3.855985030531883240e-02
-4.126485809683799744e-02
2.742034615948796272e-03
-6.141237542033195496e-02
-3.579952940344810486e-02
-1.757728401571512222e-03
-1.187774259597063065e-02
-4.477660357952117920e-02
-1.472477465867996216e-01
-5.655661225318908691e-02
-8.960277587175369263e-02
-3.349824994802474976e-02
9.778071194887161255e-02
-5.020471289753913879e-02
4.326108470559120178e-02
-7.627102546393871307e-03
-4.864948242902755737e-02
1.227918080985546112e-02
1.219012588262557983e-02
-5.667480453848838806e-02
4.472935106605291367e-03
-3.420036286115646362e-02
-6.919517368078231812e-02
-5.024299398064613342e-02
-8.667492121458053589e-02
-5.592997744679450989e-02
-7.922139763832092285e-02
-8.391523361206054688e-02
-1.526813507080078125e-01
-1.212010011076927185e-01
-9.365653991699218750e-02
-7.589221745729446411e-02
-6.711490452289581299e-02
-5.748708918690681458e-02
2.553512528538703918e-02
3.787072375416755676e-02
-1.301057823002338409e-02
-2.300085686147212982e-02
9.707191027700901031e-03
-6.939301639795303345e-02
-1.913432776927947998e-02
3.471719846129417419e-02
-6.903740018606185913e-02
-5.457432940602302551e-03
-2.321705222129821777e-02
-1.672562770545482635e-02
2.576805278658866882e-02
3.467621281743049622e-02
-1.632787846028804779e-02
4.056960344314575195e-02
1.930280402302742004e-02
4.351715371012687683e-02
1.004601493477821350e-01
1.381745040416717529e-01
8.078511804342269897e-02
5.964927002787590027e-02
6.892839074134826660e-02
3.377418220043182373e-02
4.110960289835929871e-02
-4.022064059972763062e-02
-7.020565867424011230e-02
-4.823816940188407898e-02
-1.712319068610668182e-02
-1.829320006072521210e-02
4.128257185220718384e-02
5.336346104741096497e-02
4.091353714466094971e-02
-4.792005568742752075e-02
-1.127624232321977615e-02
7.698760926723480225e-02
7.357770204544067383e-02
5.344806239008903503e-02
4.858461674302816391e-03
-1.446068781660869718e-04
1.022846344858407974e-02
-2.511270157992839813e-02
-8.392091840505599976e-02
-6.222590804100036621e-02
-5.591269955039024353e-02
-1.283856015652418137e-02
1.779332570731639862e-02
1.313370186835527420e-02
-4.728510230779647827e-02
2.428451366722583771e-02
3.390681743621826172e-02
-6.271058320999145508e-02
-1.608294434845447540e-02
1.092143636196851730e-02
-1.451544184237718582e-02
-1.813613623380661011e-02
-4.975335299968719482e-02
-3.149520978331565857e-02
4.402962327003479004e-02
4.246877133846282959e-02
-4.386060684919357300e-02
1.505276840180158615e-02
3.126912936568260193e-02
-2.255425415933132172e-02
-1.493219658732414246e-02
-7.530427072197198868e-03
-1.045512151904404163e-03
-2.480715513229370117e-02
-1.465727575123310089e-02
1.894691400229930878e-02
5.904358625411987305e-02
7.228969782590866089e-02
-7.748697698116302490e-02
-8.425982296466827393e-02
-5.587112903594970703e-02
-8.745029568672180176e-02
-1.309562176465988159e-01
-5.321355909109115601e-02
-8.354064077138900757e-02
-1.172459274530410767e-01
3.471267595887184143e-02
2.237395942211151123e-02
4.136092215776443481e-02
-8.871693862602114677e-04
-2.139262668788433075e-02
-1.899596303701400757e-02
-1.005147248506546021e-01
-5.676813051104545593e-02
-8.931546658277511597e-02
-8.599343895912170410e-02
-8.227211982011795044e-02
-6.301666796207427979e-02
1.406186912208795547e-02
-8.230733126401901245e-02
8.423066698014736176e-03
9.399504959583282471e-02
-2.286691404879093170e-02
3.270376846194267273e-02
5.777323246002197266e-02
5.137570668011903763e-03
-3.019733354449272156e-02
-2.861681953072547913e-02
-2.297787927091121674e-02
-3.756516054272651672e-02
1.942454255186021328e-04
-1.820651255548000336e-02
-2.853848040103912354e-02
3.603385016322135925e-02
-1.791938953101634979e-02
3.602352365851402283e-02
6.047371029853820801e-02
3.710000542923808098e-03
5.864713713526725769e-02
-6.312133744359016418e-03
6.598675996065139771e-02
5.983845517039299011e-02
-8.086506277322769165e-02
-2.793872542679309845e-02
4.529652372002601624e-02
8.651459217071533203e-02
-1.397698651999235153e-02
2.138241939246654510e-02
4.499570280313491821e-02
2.196337655186653137e-02
-9.944450110197067261e-03
8.266873657703399658e-03
-2.148918807506561279e-02
-6.362974643707275391e-02
-7.551019638776779175e-02
-2.779694087803363800e-02
-5.396777763962745667e-02
-3.322749212384223938e-02
-2.850808436051011086e-03
-4.237777367234230042e-02
2.009525522589683533e-02
-3.649160265922546387e-02
1.628577709197998047e-02
-3.397317230701446533e-02
-3.155151382088661194e-02
-9.777195751667022705e-03
-3.256921842694282532e-02
-1.144151389598846436e-02
7.287391927093267441e-03
-3.809642046689987183e-03
4.908776283264160156e-02
-2.345342189073562622e-02
2.654723078012466431e-02
6.098110973834991455e-02
8.152740076184272766e-03
5.014108866453170776e-02
9.746024385094642639e-03
3.997159376740455627e-02
-9.692708961665630341e-03
-8.196438848972320557e-02
-4.289733618497848511e-02
-4.332317784428596497e-02
-3.722127526998519897e-02
-1.059742271900177002e-02
-2.659210562705993652e-02
-5.535649135708808899e-02
5.913159251213073730e-02
1.198483351618051529e-02
-5.229525268077850342e-02
-9.491252899169921875e-02
-5.867597833275794983e-02
-1.146526932716369629e-01
-1.192558184266090393e-01
-1.127837225794792175e-01
-1.478989273309707642e-01
-1.083495914936065674e-01
-1.043693497776985168e-01
2.901969291269779205e-02
1.317446213215589523e-02
5.461966991424560547e-02
-1.036561932414770126e-02
4.467790201306343079e-02
-1.140832807868719101e-02
-8.411303907632827759e-02
-4.323086887598037720e-02
-5.014737322926521301e-02
-2.872267179191112518e-02
-4.036007449030876160e-02
-2.810193225741386414e-02
1.565144397318363190e-02
2.728339098393917084e-02
6.332240882329642773e-04
4.271961003541946411e-02
3.427179530262947083e-02
-1.049521286040544510e-02
-2.512405253946781158e-02
-1.777331531047821045e-02
-4.303538240492343903e-03
1.216473896056413651e-02
7.220223546028137207e-03
9.764917194843292236e-03
3.582718223333358765e-02
7.698744069784879684e-03
-1.151751639554277062e-04
5.161376670002937317e-02
4.519545286893844604e-02
1.509191282093524933e-02
4.659092426300048828e-02
4.492752195801585913e-04
4.363415297120809555e-03
1.076331641525030136e-02
-6.339083611965179443e-02
-8.865764364600181580e-03
-5.105679854750633240e-02
-2.598647400736808777e-02
-1.247881501913070679e-01
2.335938625037670135e-02
7.483746111392974854e-02
-8.187700994312763214e-03
5.200871825218200684e-02
5.197186768054962158e-02
-3.497381135821342468e-02
-5.139335244894027710e-02
-9.342411532998085022e-03
4.197701811790466309e-02
7.678383961319923401e-03
4.932098556309938431e-03
4.495250992476940155e-03
-1.579925045371055603e-02
-8.296548388898372650e-03
-6.433458626270294189e-02
5.533005576580762863e-03
-1.664358563721179962e-02
-2.856441028416156769e-02
-5.985519289970397949e-02
-4.026436060667037964e-02
-6.076565012335777283e-02
7.144041359424591064e-03
3.122124355286359787e-03
-2.306289039552211761e-02
-6.026626378297805786e-02
3.019853122532367706e-02
2.780110575258731842e-02
1.948533020913600922e-02
4.522392526268959045e-02
3.385868296027183533e-02
-4.993684962391853333e-02
-6.947073340415954590e-02
-5.430004000663757324e-02
1.707524619996547699e-02
-2.406127285212278366e-03
2.969194948673248291e-02
-4.810492973774671555e-03
-3.500407561659812927e-02
-3.738026320934295654e-02
5.508221685886383057e-02
7.672083377838134766e-02
4.375774785876274109e-02
-2.561653032898902893e-02
-2.081990614533424377e-02
-5.142072960734367371e-02
-2.457142807543277740e-02
-8.861726522445678711e-02
-6.770820915699005127e-02
-7.004369795322418213e-02
2.376083098351955414e-02
2.227590978145599365e-02
1.466346159577369690e-02
7.120053470134735107e-02
7.785321772098541260e-02
6.572939455509185791e-02
6.276182085275650024e-02
4.659022763371467590e-02
-8.953467011451721191e-02
-1.155827194452285767e-01
-9.781476110219955444e-02
3.449715301394462585e-02
2.652255818247795105e-02
3.582221269607543945e-02
-2.920433878898620605e-02
-3.510314598679542542e-02
-9.878431446850299835e-03
-8.914105594158172607e-03
-6.434171926230192184e-03
-1.779799535870552063e-02
8.411987684667110443e-03
9.369582869112491608e-03
4.722306504845619202e-02
-6.705895066261291504e-03
-7.828237116336822510e-02
6.227282062172889709e-02
6.976744160056114197e-03
-4.120634496212005615e-02
-1.010134932585060596e-03
-2.773473970592021942e-03
-1.520290672779083252e-01
-3.134011849761009216e-02
9.248111397027969360e-02
-1.724789589643478394e-01
1.793686747550964355e-01
-7.405380904674530029e-02
-7.652138918638229370e-02
-5.246856063604354858e-02
2.174795418977737427e-02
-1.120394691824913025e-01
4.805903881788253784e-02
4.684040695428848267e-02
-1.531794518232345581e-01
-8.192620426416397095e-02
-4.215981066226959229e-02
-2.194598130881786346e-02
-8.449105918407440186e-02
-2.765791304409503937e-02
3.475660085678100586e-02
-6.858484447002410889e-02
-4.419325292110443115e-02
-7.995035499334335327e-03
4.426574707031250000e-02
-1.159545965492725372e-02
-1.343447566032409668e-01
1.687433011829853058e-02
5.352465435862541199e-02
-6.412620842456817627e-02
-2.799698151648044586e-02
1.512784790247678757e-02
1.257037967443466187e-01
-1.095959618687629700e-01
-9.061665832996368408e-02
-4.398206248879432678e-02
-7.888901047408580780e-03
-3.011914156377315521e-02
6.195898354053497314e-02
4.964571073651313782e-02
3.925273567438125610e-02
4.714893177151679993e-02
2.601666003465652466e-02
-1.504118903540074825e-03
6.164296716451644897e-02
-1.376100257039070129e-02
-3.937085717916488647e-02
-6.726813316345214844e-02
-4.851118195801973343e-03
-3.454237431287765503e-02
-9.583834558725357056e-02
-3.375747054815292358e-02
1.965263485908508301e-02
-2.317706495523452759e-02
-2.759848721325397491e-02
3.720539808273315430e-02
-2.901067212224006653e-02
9.228104725480079651e-03
7.325021177530288696e-02
1.283866539597511292e-02
2.083035185933113098e-02
5.134898237884044647e-03
3.492005541920661926e-02
3.856506431475281715e-03
-1.004243362694978714e-02
-3.062706999480724335e-02
2.854476310312747955e-02
5.188100039958953857e-02
-1.918486668728291988e-03
4.285180196166038513e-02
-1.445591449737548828e-02
-4.544276278465986252e-03
4.261013865470886230e-02
-2.005576156079769135e-02
-5.099646002054214478e-02
-1.496373862028121948e-02
-3.945796936750411987e-02
7.246778905391693115e-02
9.313399344682693481e-02
-2.812627702951431274e-02
1.483616139739751816e-02
-9.970964491367340088e-02
-3.478727117180824280e-02
-1.168597042560577393e-01
-2.363477833569049835e-02
-1.106882244348526001e-01
-6.522111594676971436e-02
5.097576230764389038e-02
-7.469968497753143311e-02
-7.495963014662265778e-03
1.658430881798267365e-02
2.625793591141700745e-02
4.270743951201438904e-02
-5.012364313006401062e-02
4.572923481464385986e-02
6.530525535345077515e-02
-5.160279199481010437e-02
5.471237818710505962e-04
8.976129814982414246e-03
3.440506057813763618e-03
-3.531504794955253601e-02
-7.202835381031036377e-02
-2.919102087616920471e-03
-2.738930983468890190e-03
-1.072693169116973877e-01
2.506465278565883636e-02
-3.890807926654815674e-02
-7.414189726114273071e-02
-1.275353282690048218e-01
3.835946321487426758e-02
-6.297402083873748779e-02
-8.022432774305343628e-02
4.460887983441352844e-02
-1.731312572956085205e-01
6.151096895337104797e-03
7.425279822200536728e-03
-6.148297712206840515e-02
-7.871411740779876709e-02
-2.251932956278324127e-02
-4.961655661463737488e-02
-1.309521589428186417e-02
1.092119701206684113e-02
-2.166448347270488739e-02
3.517995402216911316e-02
-1.134315039962530136e-02
2.856773138046264648e-02
-3.581102564930915833e-02
2.991271764039993286e-02
2.888387627899646759e-02
-3.599018231034278870e-02
-1.325942017138004303e-02
-2.584038488566875458e-02
-2.300804108381271362e-02
1.595196872949600220e-02
7.383806258440017700e-02
-2.244898863136768341e-02
-9.703944623470306396e-02
-9.103361517190933228e-02
-7.315921783447265625e-02
-6.198779121041297913e-02
-7.450646162033081055e-02
-9.669850021600723267e-02
-4.029162228107452393e-02
1.674045622348785400e-02
-9.941278956830501556e-03
8.302744477987289429e-02
-3.000063821673393250e-02
4.184551164507865906e-02
9.407018125057220459e-02
-2.355294860899448395e-02
7.334594428539276123e-02
-1.133139710873365402e-02
4.149776324629783630e-02
-5.522178485989570618e-02
5.218976642936468124e-03
-3.851408138871192932e-02
2.960350364446640015e-03
5.654915049672126770e-02
-2.854611910879611969e-02
-5.431069433689117432e-02
-3.336522355675697327e-02
-8.602528832852840424e-03
2.797716669738292694e-02
5.743684247136116028e-02
4.471596330404281616e-02
-5.364571884274482727e-02
8.560765534639358521e-02
3.692792728543281555e-02
4.142478480935096741e-02
-1.090096123516559601e-02
-7.844646275043487549e-02
-6.614935398101806641e-02
-8.360699564218521118e-02
-1.551979780197143555e-01
-1.166518107056617737e-01
-4.645654186606407166e-02
1.402257531881332397e-01
-5.031812936067581177e-03
-4.412167891860008240e-02
-1.450888067483901978e-01
-9.210513532161712646e-02
2.919811196625232697e-02
2.164005674421787262e-02
1.804502867162227631e-02
4.251865670084953308e-02
3.607507422566413879e-02
2.584582939743995667e-02
6.759956944733858109e-03
2.385617420077323914e-02
-7.016882766038179398e-03
2.589651569724082947e-02
2.480848506093025208e-02
7.001660764217376709e-02
8.265468478202819824e-02
7.646299898624420166e-02
7.430878281593322754e-02
5.817539617419242859e-02
3.324041515588760376e-02
1.296922843903303146e-02
-3.637542948126792908e-02
1.322169229388237000e-02
-4.910218715667724609e-02
-4.713181778788566589e-02
-9.303160011768341064e-03
-4.095654189586639404e-02
-4.699851572513580322e-02
5.810889881104230881e-03
2.892410941421985626e-02
8.434509858489036560e-03
-1.009461190551519394e-02
2.780778333544731140e-02
2.182296290993690491e-02
1.922683231532573700e-02
3.201512619853019714e-02
-2.971727028489112854e-02
-5.271786078810691833e-02
-9.244814515113830566e-02
-6.496960669755935669e-02
-4.990975186228752136e-02
-1.649806462228298187e-02
-4.309287294745445251e-02
6.472121179103851318e-02
3.020486421883106232e-02
2.621685527265071869e-02
8.086257427930831909e-02
3.430157154798507690e-02
7.157223671674728394e-02
2.994426526129245758e-02
5.123854428529739380e-02
-7.152747362852096558e-02
-4.486295953392982483e-02
-6.187077239155769348e-02
-9.757594205439090729e-03
3.237909078598022461e-02
-1.986720040440559387e-02
-4.800128564238548279e-02
3.100937977433204651e-02
2.384700812399387360e-02
1.391858235001564026e-02
3.042163699865341187e-02
-7.630840875208377838e-03
-7.578050252050161362e-03
-1.431838516145944595e-02
-1.991891302168369293e-02
4.379984457045793533e-03
-1.485343724489212036e-01
-2.702770568430423737e-02
2.048993296921253204e-02
-7.101888954639434814e-02
1.254279911518096924e-02
-5.126352887600660324e-03
-1.382517628371715546e-02
-9.070856124162673950e-02
1.853742823004722595e-02
-1.374728628434240818e-03
2.538088709115982056e-02
7.597301155328750610e-03
-1.463979482650756836e-01
-1.141354218125343323e-01
-7.317523937672376633e-03
4.413391649723052979e-02
-1.463559921830892563e-02
2.712063305079936981e-02
2.579045481979846954e-02
-4.124156665056943893e-03
-1.971041969954967499e-02
-1.082892343401908875e-02
-1.532794442027807236e-02
-1.246380899101495743e-02
3.044612333178520203e-02
-3.036607056856155396e-02
-1.097286120057106018e-02
-7.310929149389266968e-02
-2.635278180241584778e-02
-1.200800482183694839e-02
-5.056358128786087036e-02
-5.465286970138549805e-02
-8.189090527594089508e-03
-1.617602305486798286e-03
-1.756386645138263702e-02
-3.352025896310806274e-02
-1.223978549242019653e-01
-8.373185992240905762e-02
-9.136597812175750732e-02
-3.878432139754295349e-02
-9.645128250122070312e-02
-1.363031268119812012e-01
-1.244670227169990540e-01
-1.540285795927047729e-01
4.172448243480175734e-04
6.474329531192779541e-02
-5.601740255951881409e-02
-1.113617569208145142e-01
3.343969210982322693e-02
-7.144280523061752319e-02
3.769503161311149597e-02
-4.140526056289672852e-03
3.579858317971229553e-02
-3.137140721082687378e-02
4.316724464297294617e-02
8.076997473835945129e-03
-4.867990314960479736e-02
1.938460953533649445e-02
3.537480533123016357e-02
1.311735659837722778e-01
-3.146777302026748657e-02
-3.071700595319271088e-02
2.114795893430709839e-02
2.503243461251258850e-02
-1.088742259889841080e-02
-3.957906737923622131e-02
6.705021858215332031e-02
2.572141401469707489e-02
-5.983424559235572815e-02
2.180690178647637367e-03
7.346508651971817017e-02
-6.095863878726959229e-02
-1.780073717236518860e-02
3.078142739832401276e-02
-2.631226554512977600e-02
-1.893166154623031616e-01
-1.726345419883728027e-01
-3.738299757242202759e-02
1.273703873157501221e-01
5.007005110383033752e-02
1.015085913240909576e-02
2.003313042223453522e-02
-6.722673424519598484e-04
-2.890534000471234322e-03
3.389951959252357483e-02
7.519269827753305435e-03
3.524113446474075317e-02
8.728464017622172832e-04
-3.406294062733650208e-02
-2.226563729345798492e-02
-3.824840858578681946e-02
-4.207158833742141724e-02
-2.557636611163616180e-02
-3.316942229866981506e-02
-2.292825281620025635e-02
8.854405023157596588e-03
5.507687106728553772e-02
4.057515040040016174e-02
4.482924193143844604e-02
-2.610167115926742554e-02
-1.155633851885795593e-02
-1.171364635229110718e-02
-6.802701205015182495e-02
-1.976394280791282654e-02
3.019339963793754578e-02
7.052202522754669189e-02
6.038520485162734985e-02
3.085999563336372375e-02
-1.198503468185663223e-02
1.985117979347705841e-02
1.454127952456474304e-03
-3.506153076887130737e-02
2.026432193815708160e-03
1.217725686728954315e-02
8.805860765278339386e-03
-1.397507963702082634e-03
2.398850023746490479e-02
7.249035686254501343e-02
2.697920054197311401e-02
7.573600392788648605e-03
6.232762709259986877e-02
-1.413973420858383179e-02
7.240809965878725052e-03
-6.890068948268890381e-02
6.571356952190399170e-02
-7.084988802671432495e-02
-7.494735717773437500e-02
-8.170031011104583740e-02
2.950901351869106293e-02
8.431072533130645752e-02
4.394755512475967407e-02
-1.088627800345420837e-02
-5.408665910363197327e-02
-3.790497779846191406e-02
4.089963063597679138e-02
-4.413632303476333618e-02
5.947174970060586929e-03
-2.784251992125064135e-04
-3.077856078743934631e-02
2.873779833316802979e-02
-3.040905296802520752e-02
2.913076896220445633e-03
4.257291182875633240e-02
-3.603216633200645447e-02
2.941608801484107971e-02
5.131159443408250809e-03
3.546449122950434685e-03
4.291861504316329956e-02
1.568243466317653656e-02
2.292678691446781158e-02
1.555767748504877090e-02
9.433460980653762817e-02
2.097655832767486572e-02
-5.295345187187194824e-02
-5.743728205561637878e-02
-5.961757525801658630e-02
1.482588499784469604e-01
8.216691762208938599e-02
1.568879932165145874e-02
1.803778670728206635e-02
-1.410481333732604980e-02
2.561800181865692139e-02
3.436875715851783752e-02
-1.586031867191195488e-03
1.278483105124905705e-04
-3.230653470382094383e-03
-1.559500116854906082e-02
-3.274969989433884621e-03
-4.292150586843490601e-02
9.111660532653331757e-03
9.978299960494041443e-03
1.193875260651111603e-02
4.342422634363174438e-02
-6.035517528653144836e-02
7.163008674979209900e-03
-1.520306244492530823e-02
5.393304862082004547e-03
2.915624529123306274e-02
1.640803739428520203e-02
-3.400553390383720398e-02
-7.972571998834609985e-03
-3.021497651934623718e-02
-5.057664960622787476e-02
4.040883108973503113e-02
-6.174417957663536072e-02
-7.083238661289215088e-02
-4.848809912800788879e-02
-9.338217973709106445e-02
-2.032517082989215851e-02
1.408754661679267883e-02
-6.383329746313393116e-04
2.335331402719020844e-02
1.024103909730911255e-01
-7.428870885632932186e-04
5.151341110467910767e-02
5.426925420761108398e-02
1.838863641023635864e-02
-1.111721061170101166e-02
1.587787270545959473e-02
-4.624183848500251770e-02
-1.408271044492721558e-01
-9.949908405542373657e-02
-1.090675145387649536e-01
-1.309216171503067017e-01
-1.754472702741622925e-01
-4.738968238234519958e-02
-5.026723816990852356e-02
-5.285438522696495056e-02
7.176932878792285919e-03
7.960152812302112579e-03
4.636064916849136353e-02
2.277322299778461456e-02
5.745460465550422668e-02
8.481065928936004639e-02
7.524699717760086060e-02
-4.329977184534072876e-02
5.706524103879928589e-02
-4.182869568467140198e-02
-2.572161145508289337e-02
-9.910125285387039185e-02
2.939577959477901459e-02
-1.719756051898002625e-02
8.219388872385025024e-02
2.600521780550479889e-02
4.473264515399932861e-02
7.798082381486892700e-02
4.309356585144996643e-02
1.701857522130012512e-02
4.030720517039299011e-02
-1.556701958179473877e-03
-3.884711116552352905e-02
-7.648386806249618530e-02
-5.903003737330436707e-02
-4.047534987330436707e-02
-6.028189137578010559e-02
-3.423479571938514709e-02
1.543788705021142960e-02
-1.528394501656293869e-02
-6.263008341193199158e-03
7.891579717397689819e-02
5.404393002390861511e-02
3.813016694039106369e-03
5.308217834681272507e-03
-2.458567544817924500e-02
5.661487579345703125e-02
5.547124519944190979e-02
8.589741773903369904e-03
8.213054388761520386e-02
-2.603793889284133911e-02
-6.280395388603210449e-02
-2.056903205811977386e-02
-1.426446735858917236e-01
-6.702533364295959473e-02
-4.888932779431343079e-02
-9.317803382873535156e-02
-9.844245389103889465e-03
-4.233215376734733582e-02
1.100132018327713013e-01
1.307661682367324829e-01
-6.490225438028573990e-03
-2.135007642209529877e-02
-4.419019445776939392e-02
-2.113019861280918121e-02
-1.831323839724063873e-02
-5.283119529485702515e-02
-3.952914103865623474e-02
-4.588425531983375549e-02
-4.961232841014862061e-02
4.190404713153839111e-02
7.987126708030700684e-03
-2.394603937864303589e-02
-2.844197116792201996e-02
4.521112889051437378e-02
3.236720338463783264e-02
2.024858258664608002e-03
-5.609660968184471130e-02
-6.390243023633956909e-02
-1.237752567976713181e-02
-5.118844285607337952e-02
-3.427827358245849609e-02
-1.579549163579940796e-02
1.768591254949569702e-02
1.353429816663265228e-02
1.699592731893062592e-02
-2.346538379788398743e-02
-9.327008388936519623e-03
-1.393322087824344635e-02
-2.964284271001815796e-03
-6.006907206028699875e-03
-2.347592823207378387e-02
7.484524045139551163e-03
-1.386637613177299500e-02
-1.986107416450977325e-02
1.116974931210279465e-02
-1.904138736426830292e-02
-1.834788359701633453e-02
1.106574572622776031e-02
2.026470564305782318e-02
-4.211999010294675827e-03
-4.584633745253086090e-03
8.309184759855270386e-02
1.419510785490274429e-02
-6.284420937299728394e-02
-6.391803920269012451e-02
-3.267576172947883606e-02
2.460086531937122345e-02
1.145213693380355835e-01
5.406738445162773132e-02
4.100018739700317383e-02
5.222961679100990295e-02
-5.907749757170677185e-02
-1.373102962970733643e-01
-1.400211304426193237e-01
-8.542247116565704346e-02
3.660366311669349670e-02
8.723008446395397186e-03
-1.631549559533596039e-03
-1.338925492018461227e-02
-1.932658068835735321e-02
-7.321355864405632019e-03
-4.237985610961914062e-02
-6.777507718652486801e-03
6.689499132335186005e-03
-4.259337484836578369e-02
-8.947463333606719971e-02
-4.360755160450935364e-02
-8.897706866264343262e-02
-1.097751706838607788e-01
-8.287139236927032471e-02
5.265302490442991257e-03
-5.005537346005439758e-02
-7.028438895940780640e-02
-9.047123044729232788e-02
-2.740171365439891815e-02
-1.359301991760730743e-02
-1.321251839399337769e-01
2.017842233180999756e-02
-2.704378962516784668e-02
-1.028209552168846130e-01
-2.851665578782558441e-02
-3.592776507139205933e-02
-7.445112615823745728e-02
-5.906804278492927551e-02
-5.597065016627311707e-02
-1.354977637529373169e-01
-1.453974545001983643e-01
2.933396771550178528e-02
2.421000227332115173e-02
-3.909058496356010437e-02
4.636675491929054260e-02
2.869381196796894073e-02
-1.090838015079498291e-02
2.651226241141557693e-03
3.357619047164916992e-02
4.829212278127670288e-02
-1.061453763395547867e-02
-7.706165313720703125e-02
-4.288441315293312073e-02
-4.355182871222496033e-02
-4.295196011662483215e-02
-7.579855620861053467e-03
6.978285033255815506e-03
1.138581186532974243e-01
1.005456745624542236e-01
-2.941094897687435150e-02
7.572904694825410843e-03
-4.762751236557960510e-02
-2.454913593828678131e-02
5.436727032065391541e-02
1.989225856959819794e-02
6.145620346069335938e-02
5.361548438668251038e-02
-8.840936236083507538e-03
2.211626432836055756e-02
5.389420688152313232e-02
-2.420841902494430542e-02
-2.714767120778560638e-02
6.243986543267965317e-03
1.618278585374355316e-02
-7.099262904375791550e-03
1.458245143294334412e-02
5.856486503034830093e-03
8.039813837967813015e-04
1.333141326904296875e-02
3.055838681757450104e-02
-2.669804031029343605e-03
9.524219669401645660e-03
1.063196547329425812e-02
-1.454247348010540009e-02
5.803890526294708252e-02
2.199570462107658386e-02
-9.541721083223819733e-03
-1.190071459859609604e-02
1.144877355545759201e-02
-7.903139106929302216e-03
-1.936411298811435699e-02
-2.244488708674907684e-02
-8.865585550665855408e-03
1.300326175987720490e-02
4.795692488551139832e-02
1.599921286106109619e-02
-2.748378366231918335e-02
-9.613216854631900787e-03
-1.931605115532875061e-02
-3.184445202350616455e-02
-1.449850760400295258e-02
-5.372622236609458923e-02
6.921904627233743668e-03
9.766669571399688721e-02
-2.291988208889961243e-02
-3.628720715641975403e-02
2.242845855653285980e-02
-4.598592594265937805e-02
-5.224658548831939697e-02
9.842709638178348541e-03
1.285847183316946030e-02
-9.415356069803237915e-02
-7.017570547759532928e-03
2.942039631307125092e-03
-3.240460157394409180e-02
1.467932667583227158e-02
-1.467998977750539780e-02
3.506284579634666443e-02
2.004906162619590759e-02
-1.426899805665016174e-02
8.746980130672454834e-02
1.894940622150897980e-02
-6.681092083454132080e-02
8.805119432508945465e-03
-2.681479416787624359e-02
-4.954167827963829041e-02
-9.063116461038589478e-02
-7.898352295160293579e-02
-2.187640406191349030e-02
-1.080608591437339783e-01
-6.120243296027183533e-02
-2.061301609501242638e-03
-5.187397077679634094e-02
-8.025998622179031372e-02
-9.425165131688117981e-03
-6.710676848888397217e-02
1.139350049197673798e-02
-3.646466135978698730e-02
-1.325823962688446045e-01
-8.838393539190292358e-02
-1.287818420678377151e-02
-3.597664460539817810e-02
-5.583359673619270325e-02
-4.116225987672805786e-03
-2.577145025134086609e-02
2.094360440969467163e-02
-1.252173725515604019e-02
-2.811550162732601166e-02
3.434176789596676826e-03
-1.834451593458652496e-02
4.006230086088180542e-02
2.344632893800735474e-02
-2.533074654638767242e-02
-5.744052585214376450e-03
-3.441561013460159302e-03
2.440509200096130371e-02
-4.984463565051555634e-03
-4.286435618996620178e-02
9.822096675634384155e-03
9.885670617222785950e-03
-2.116222493350505829e-02
7.105309516191482544e-03
4.634201992303133011e-03
-2.311839722096920013e-02
-4.753571003675460815e-03
-2.418386284261941910e-03
-3.830891475081443787e-02
-2.171977236866950989e-02
-1.980652846395969391e-02
-6.567455828189849854e-02
-1.017018314450979233e-02
-5.766423046588897705e-02
9.695922024548053741e-03
-3.062243573367595673e-03
-4.351264610886573792e-02
7.027138955891132355e-03
-2.547078579664230347e-02
-4.169217497110366821e-02
-2.001157775521278381e-02
-2.762916311621665955e-02
-8.909869194030761719e-02
-1.075114496052265167e-02
-5.506422743201255798e-02
-1.893089711666107178e-02
4.200640693306922913e-02
1.009666547179222107e-02
-4.410963878035545349e-02
2.762589044868946075e-02
-4.897922743111848831e-03
-1.875073462724685669e-02
-4.529416188597679138e-02
-2.717500366270542145e-02
-6.700866855680942535e-03
-7.988266646862030029e-02
-4.730537533760070801e-02
7.953871041536331177e-02
-3.547470644116401672e-02
-9.790962189435958862e-02
-9.378566406667232513e-03
-3.296799259260296822e-03
2.571483375504612923e-03
-2.872022800147533417e-02
6.018128246068954468e-03
4.746240749955177307e-02
-2.807473391294479370e-02
-1.291074883192777634e-02
-2.382051199674606323e-02
-2.355095371603965759e-02
-2.001368254423141479e-02
-1.384811010211706161e-02
5.530990660190582275e-02
2.107626385986804962e-02
-2.810922823846340179e-02
1.718609593808650970e-02
1.607402518857270479e-04
-3.709297254681587219e-02
-4.143337905406951904e-02
-7.601658999919891357e-02
-2.245085500180721283e-02
-2.519434690475463867e-02
-7.209712266921997070e-02
-4.804405942559242249e-02
1.518532633781433105e-02
-3.839450702071189880e-02
-4.210790619254112244e-02
-8.098025806248188019e-03
3.694032505154609680e-02
1.021609306335449219e-01
-7.068401575088500977e-02
-3.481524065136909485e-02
9.718943387269973755e-02
-2.205040119588375092e-02
-3.067072108387947083e-02
3.545196726918220520e-02
1.023702174425125122e-01
-1.366585791110992432e-01
-1.830727010965347290e-01
2.123102694749832153e-01
-7.167109753936529160e-03
-1.992955654859542847e-01
9.569096565246582031e-02
7.771294564008712769e-02
-9.250087291002273560e-02
-1.346236467361450195e-02
-2.055628784000873566e-02
-2.016476914286613464e-02
1.489697583019733429e-02
-4.775278270244598389e-02
-5.906489118933677673e-02
3.352233767509460449e-02
-3.262590616941452026e-02
-5.008169636130332947e-02
2.606112509965896606e-02
9.571363031864166260e-02
5.061041563749313354e-03
2.885974477976560593e-03
6.751371920108795166e-02
2.767208218574523926e-02
-6.725637940689921379e-04
3.656393662095069885e-02
6.407710164785385132e-02
-4.546509310603141785e-02
-2.858106419444084167e-02
-6.569221150130033493e-03
-4.722636565566062927e-02
3.632006992120295763e-04
5.347412079572677612e-02
-3.735653311014175415e-02
-2.589904516935348511e-02
8.824951015412807465e-03
5.795441102236509323e-04
2.614487148821353912e-02
-5.477694794535636902e-03
4.137364774942398071e-02
6.128003448247909546e-02
1.821467466652393341e-02
-1.291206292808055878e-02
2.923372760415077209e-02
5.555233731865882874e-02
-1.195092219859361649e-02
1.968754455447196960e-02
-4.139582742936909199e-04
1.472983858548104763e-03
2.485965937376022339e-02
-1.340508460998535156e-02
2.692818269133567810e-02
1.629835180938243866e-02
-3.403928130865097046e-02
-8.904372900724411011e-02
8.046081662178039551e-02
5.933652073144912720e-02
-1.376323550939559937e-01
5.298132449388504028e-02
1.263756006956100464e-01
-1.427269577980041504e-01
-6.031669676303863525e-02
3.972199559211730957e-02
-1.895976625382900238e-02
1.485765539109706879e-02
-3.293300420045852661e-02
-7.767043542116880417e-03
2.711963653564453125e-02
-3.990830853581428528e-02
-1.572029292583465576e-02
-6.019166205078363419e-03
-6.076926365494728088e-02
-7.140976842492818832e-03
-1.438570022583007812e-02
1.682213693857192993e-02
-2.467613294720649719e-02
-2.088413201272487640e-02
-1.287323050200939178e-02
-9.118427522480487823e-03
-1.892042346298694611e-02
-6.089039146900177002e-03
-7.655411493033170700e-03
9.872292168438434601e-03
-4.085685685276985168e-02
1.397816557437181473e-02
8.223786950111389160e-03
-2.432363294064998627e-02
-2.111744135618209839e-02
-4.016456753015518188e-02
-5.655968561768531799e-02
1.098742708563804626e-02
1.243968773633241653e-02
-1.902888156473636627e-02
4.130384698510169983e-02
9.479246102273464203e-03
-2.436736971139907837e-02
3.346579521894454956e-02
-1.848463527858257294e-02
-3.211399540305137634e-02
-3.132221847772598267e-02
3.850126871839165688e-03
1.093734055757522583e-02
1.065098028630018234e-02
9.158622473478317261e-03
-6.991443224251270294e-03
-1.660062372684478760e-02
-3.938345611095428467e-02
-4.536751285195350647e-02
-2.111194282770156860e-02
8.401500061154365540e-03
3.501564962789416313e-03
-2.405965328216552734e-02
1.923653297126293182e-02
2.208993956446647644e-02
-6.373046198859810829e-04
-6.629467941820621490e-03
-1.410765666514635086e-02
2.150956168770790100e-02
2.941928617656230927e-02
6.524500902742147446e-03
3.608844801783561707e-02
4.474316909909248352e-02
2.091677859425544739e-02
-5.772158503532409668e-02
-4.267704859375953674e-02
-5.270705744624137878e-02
2.200228860601782799e-03
-1.664998475462198257e-03
8.522672578692436218e-03
-1.339906826615333557e-03
2.280223125126212835e-04
-7.951130392029881477e-04
-2.419966971501708031e-03
2.387545537203550339e-03
-5.813339259475469589e-03
3.771709452848881483e-04
-1.481331512331962585e-02
-6.750044878572225571e-03
1.455693709431216121e-04
-4.708468448370695114e-03
6.723277620039880276e-04
1.775320619344711304e-02
3.116406034678220749e-03
8.761779405176639557e-03
-1.471928879618644714e-02
-7.874739356338977814e-03
2.343849278986454010e-02
-3.004627116024494171e-02
2.594982506707310677e-03
1.703700795769691467e-02
-2.022303640842437744e-02
1.037797052413225174e-02
2.836184576153755188e-02
-1.125766895711421967e-02
-2.921515144407749176e-03
2.297869138419628143e-02
-3.462110459804534912e-02
-8.561640046536922455e-03
5.852323025465011597e-02
-5.450133979320526123e-02
-4.289567470550537109e-02
3.240195289254188538e-02
-1.277632080018520355e-02
-3.783890604972839355e-02
-5.081635341048240662e-02
-6.501181423664093018e-02
-4.930264502763748169e-02
-3.943058475852012634e-02
-5.048150941729545593e-02
-5.373122170567512512e-02
-4.617622587829828262e-03
-2.123635075986385345e-02
2.898239530622959137e-02
2.347080223262310028e-02
-5.860192328691482544e-02
1.727234385907649994e-02
1.993176154792308807e-02
-3.847214952111244202e-02
2.172634750604629517e-02
1.724654994904994965e-02
-4.095209296792745590e-03
8.159116655588150024e-02
1.047511398792266846e-01
3.664664551615715027e-02
9.348133206367492676e-02
1.087101250886917114e-01
2.913367189466953278e-02
6.540469825267791748e-02
7.170011848211288452e-02
-3.821190446615219116e-02
-3.725848509930074215e-04
-9.254348464310169220e-03
-1.112364791333675385e-02
1.395931001752614975e-02
-2.103304676711559296e-02
2.240380458533763885e-02
-7.194481790065765381e-03
3.593527479097247124e-03
1.750924624502658844e-02
-1.459842734038829803e-02
5.477257072925567627e-04
1.906720176339149475e-02
4.789392405655235052e-04
1.877427659928798676e-02
1.772323064506053925e-02
3.038054099306464195e-03
2.278626710176467896e-02
3.124366980046033859e-03
3.251755982637405396e-02
2.498950250446796417e-02
4.418255016207695007e-02
7.550102472305297852e-02
8.529683947563171387e-02
1.428064610809087753e-02
5.938158184289932251e-02
8.072648197412490845e-02
-6.620208173990249634e-02
5.036117509007453918e-02
2.860553748905658722e-02
2.640362642705440521e-02
5.139334127306938171e-02
1.748148538172245026e-02
-3.682224312797188759e-03
-2.672683633863925934e-02
9.687223471701145172e-03
-8.743071556091308594e-02
7.710180431604385376e-02
2.330226823687553406e-02
-2.308911643922328949e-03
9.425146877765655518e-02
-7.778623700141906738e-02
1.156238466501235962e-01
5.355911701917648315e-02
-2.960767410695552826e-02
-4.593511670827865601e-02
-2.925155125558376312e-02
-7.298597693443298340e-02
-2.847761847078800201e-02
-2.581234835088253021e-02
-3.746973350644111633e-02
-1.346188504248857498e-02
3.135100752115249634e-02
9.198802523314952850e-03
-4.041195847094058990e-03
-3.934972919523715973e-03
2.862780354917049408e-02
7.595163770020008087e-03
7.677337620407342911e-03
1.692928187549114227e-02
1.232043839991092682e-02
2.406094688922166824e-03
4.708128422498703003e-02
9.609099477529525757e-02
-1.433278527110815048e-02
-9.935693442821502686e-02
-1.017096824944019318e-02
-1.022765338420867920e-01
4.288743808865547180e-02
-8.432750403881072998e-02
1.582168787717819214e-01
9.748647361993789673e-02
-1.617988944053649902e-02
-5.540870130062103271e-02
-7.996725291013717651e-02
-2.551325224339962006e-02
-5.474186688661575317e-02
-1.810085587203502655e-02
-3.607335686683654785e-02
-2.590597234666347504e-02
2.380634099245071411e-02
-2.321451529860496521e-02
-3.972482308745384216e-02
-3.628150746226310730e-02
-8.478093892335891724e-03
-1.938264258205890656e-02
-3.350220993161201477e-02
-3.848657384514808655e-02
-3.168715164065361023e-02
-1.426046621054410934e-02
3.710440918803215027e-02
2.213495783507823944e-02
3.838023915886878967e-02
6.446339935064315796e-02
9.853162919171154499e-05
-4.249969869852066040e-02
1.295662485063076019e-02
-4.046597331762313843e-02
-3.434114530682563782e-02
-5.992962047457695007e-02
-1.997077837586402893e-02
3.952036425471305847e-02
-4.074028506875038147e-02
-6.561356130987405777e-04
5.537589266896247864e-02
5.411628168076276779e-03
3.770399838685989380e-02
4.812578484416007996e-02
-3.622539341449737549e-02
5.651832371950149536e-02
5.345001351088285446e-03
-7.856858894228935242e-03
-1.080503128468990326e-02
-3.999739140272140503e-02
4.030994139611721039e-03
8.704947307705879211e-03
1.508932653814554214e-02
-7.104347459971904755e-03
8.566860109567642212e-02
5.419041961431503296e-03
7.616645842790603638e-02
2.171912416815757751e-02
-6.092146411538124084e-02
-1.183314062654972076e-02
-3.690313547849655151e-02
4.894657433032989502e-02
2.543741278350353241e-02
-3.333509340882301331e-02
-8.327758312225341797e-02
-5.016761645674705505e-02
-7.281748950481414795e-02
-1.214251480996608734e-02
-7.578270137310028076e-02
-5.264433473348617554e-02
1.011855062097311020e-02
-4.693896509706974030e-03
8.624076098203659058e-02
-5.069248378276824951e-02
4.136236011981964111e-02
6.459217518568038940e-02
-5.536237359046936035e-02
2.365909330546855927e-02
7.140702102333307266e-03
-4.161981493234634399e-02
-3.513493388891220093e-02
4.808485507965087891e-02
8.780333399772644043e-02
-2.877794671803712845e-03
1.383648812770843506e-01
-2.435133978724479675e-02
3.426906093955039978e-02
1.874733529984951019e-02
-8.912880718708038330e-02
2.044621855020523071e-02
1.633107289671897888e-02
-5.213955789804458618e-02
-6.324946880340576172e-02
-4.676651582121849060e-02
4.334650933742523193e-03
-2.184120193123817444e-02
1.774875447154045105e-03
8.000047504901885986e-02
-6.960304826498031616e-02
-3.106141276657581329e-02
1.593537628650665283e-02
-3.978450968861579895e-02
1.446987316012382507e-02
8.546769618988037109e-03
-3.565374761819839478e-02
3.362555522471666336e-03
1.908568432554602623e-03
7.710664719343185425e-02
2.011642046272754669e-02
1.045230496674776077e-02
3.786998987197875977e-02
-1.143928691744804382e-01
-4.464040324091911316e-02
-3.593952581286430359e-02
-6.090803816914558411e-02
1.507822307758033276e-03
-5.939457193017005920e-02
-4.281051084399223328e-02
-4.867927171289920807e-03
1.195120513439178467e-01
-1.320243775844573975e-01
4.213034734129905701e-02
-6.482660770416259766e-02
-1.358225047588348389e-01
-2.731105126440525055e-02
3.728267177939414978e-02
-9.970440715551376343e-02
-1.989794336259365082e-02
3.225355222821235657e-02
-6.948459148406982422e-02
-1.045985333621501923e-02
-5.871969088912010193e-02
-1.274363324046134949e-02
8.488703751936554909e-04
-1.605828478932380676e-02
1.205467246472835541e-02
-2.256327541545033455e-03
3.410426434129476547e-03
-3.517965227365493774e-02
6.959793623536825180e-03
-1.439262833446264267e-02
-7.348600029945373535e-02
3.242416772991418839e-03
6.641348451375961304e-02
-1.091233640909194946e-01
5.959306284785270691e-02
-1.091378778219223022e-01
1.758553460240364075e-02
4.975391924381256104e-02
5.418453738093376160e-02
-4.141645506024360657e-02
-4.492285847663879395e-02
5.900809168815612793e-02
2.671960182487964630e-02
-3.657834604382514954e-02
9.421263635158538818e-02
1.079302001744508743e-02
-4.069337621331214905e-02
3.353685885667800903e-02
4.668205231428146362e-02
-1.009722426533699036e-02
4.137262701988220215e-03
-1.866848021745681763e-02
-3.508038818836212158e-03
-2.889968687668442726e-03
-5.780530720949172974e-02
-6.751453876495361328e-02
-6.145508959889411926e-03
-4.258712753653526306e-02
-7.893994450569152832e-02
7.831833511590957642e-02
-7.330326363444328308e-03
1.949654333293437958e-02
2.412574738264083862e-02
-4.037262871861457825e-02
7.204685360193252563e-02
4.086501523852348328e-02
-4.993496090173721313e-02
3.773223215830512345e-05
-3.926656767725944519e-02
4.024581983685493469e-02
1.996093057096004486e-02
5.366373341530561447e-03
6.200899556279182434e-02
4.863917361944913864e-03
-2.375037409365177155e-02
2.226145379245281219e-02
5.548965651541948318e-03
-7.235065102577209473e-02
-7.456786930561065674e-02
-4.294146224856376648e-02
-9.042984247207641602e-02
-1.350015103816986084e-01
-1.352705806493759155e-01
-9.530436247587203979e-02
-7.081416994333267212e-02
-1.911529302597045898e-01
-6.669788807630538940e-02
-4.269606620073318481e-02
4.360057413578033447e-03
-9.859427809715270996e-03
-8.922781795263290405e-02
-4.161131009459495544e-02
-8.919015526771545410e-02
6.663023028522729874e-03
-6.304511427879333496e-02
-6.967975944280624390e-02
-8.109068498015403748e-03
1.476032659411430359e-02
-6.334198266267776489e-02
6.319693289697170258e-03
6.292768567800521851e-02
-3.188420832157135010e-02
-2.373384311795234680e-02
2.932984754443168640e-02
-3.848667815327644348e-02
-8.394647738896310329e-04
-1.421195920556783676e-02
6.412379443645477295e-02
-7.129848003387451172e-02
1.748142763972282410e-02
-3.794005885720252991e-02
-3.396038338541984558e-02
-6.832125945948064327e-04
-1.324390247464179993e-02
-4.830735549330711365e-02
-6.425135582685470581e-02
2.487280815839767456e-01
4.561733826994895935e-02
-4.396939650177955627e-02
9.474702924489974976e-02
-7.462061196565628052e-02
-2.988117188215255737e-02
1.098026987165212631e-02
-5.866402760148048401e-02
-7.997865229845046997e-02
8.713006973266601562e-03
-4.965725541114807129e-02
-2.560931816697120667e-02
4.321158677339553833e-02
4.522072896361351013e-02
2.931063808500766754e-02
2.139983698725700378e-02
9.833584772422909737e-04
-2.372755296528339386e-02
4.571564495563507080e-02
-9.614930301904678345e-02
-7.025300711393356323e-02
5.058630183339118958e-02
-2.305979654192924500e-02
4.263408482074737549e-02
