-8.827473968267440796e-02
-1.782943122088909149e-02
-7.884109020233154297e-02
-5.019340664148330688e-03
9.095831215381622314e-02
3.789794072508811951e-02
-1.548940986394882202e-01
-7.842127233743667603e-02
-1.644732505083084106e-01
3.920353949069976807e-02
-2.146022953093051910e-02
2.020800858736038208e-02
-5.114116892218589783e-02
-3.111554682254791260e-02
-7.640300318598747253e-03
4.079056158661842346e-02
3.166755661368370056e-02
1.395509298890829086e-02
2.981478720903396606e-02
1.115829497575759888e-01
-1.436388865113258362e-02
-2.761984430253505707e-02
2.890803106129169464e-02
4.811159893870353699e-02
-2.730806916952133179e-02
-9.912123531103134155e-02
-9.785475581884384155e-02
-1.056134849786758423e-01
-1.022186204791069031e-01
-8.735842257738113403e-02
-3.175861388444900513e-02
-6.367999594658613205e-03
-1.089163869619369507e-01
8.584818243980407715e-02
1.474815309047698975e-01
8.699258416891098022e-02
-4.635572433471679688e-02
1.357296854257583618e-01
1.560549587011337280e-01
-7.624539732933044434e-02
-2.759935855865478516e-01
-1.797068119049072266e-01
-1.621044799685478210e-02
1.040104478597640991e-01
-1.826742314733564854e-03
7.783805951476097107e-03
6.771964579820632935e-02
2.281815931200981140e-02
3.899295628070831299e-02
7.908553630113601685e-02
6.332346051931381226e-02
-4.894627258181571960e-02
-8.940924704074859619e-02
-7.697381079196929932e-02
7.669340353459119797e-03
-2.895773760974407196e-02
2.432388067245483398e-02
5.837728828191757202e-02
-1.906296983361244202e-02
-2.665149979293346405e-02
-1.505262218415737152e-03
3.165148198604583740e-02
-3.337657824158668518e-02
2.244194038212299347e-02
6.502692401409149170e-02
3.718076646327972412e-02
1.005880441516637802e-02
5.250259768217802048e-03
9.374275803565979004e-03
-3.954930603504180908e-02
-6.181379035115242004e-02
-3.425306081771850586e-02
2.454006671905517578e-02
2.456836216151714325e-02
5.862475186586380005e-02
-9.724746644496917725e-02
-5.719571933150291443e-02
-4.164839535951614380e-02
-1.009067893028259277e-02
-1.781980507075786591e-02
-1.343945413827896118e-02
-6.933937221765518188e-02
-4.652154445648193359e-02
-2.358133718371391296e-02
-1.314875856041908264e-02
3.474202752113342285e-02
-6.161770783364772797e-03
3.596479445695877075e-02
2.185021154582500458e-02
6.752300262451171875e-02
-2.137211337685585022e-02
-4.057503864169120789e-02
-8.235072344541549683e-02
1.000469550490379333e-01
8.978763222694396973e-02
7.545649074018001556e-03
-5.151990056037902832e-02
5.255019292235374451e-02
1.483057159930467606e-02
-4.035010188817977905e-02
-1.039989944547414780e-02
2.367632649838924408e-02
-3.352530300617218018e-02
-7.514984160661697388e-02
-7.025215029716491699e-02
5.571830272674560547e-02
3.446965292096138000e-02
-5.452230572700500488e-03
-4.006091877818107605e-02
-1.025729700922966003e-01
-9.156852215528488159e-02
4.189432132989168167e-03
6.793525815010070801e-02
1.372733991593122482e-02
4.123269114643335342e-03
-4.114233329892158508e-02
8.408732712268829346e-02
-3.094496577978134155e-02
-1.177030205726623535e-01
-6.634411215782165527e-02
8.567115664482116699e-02
1.830590516328811646e-01
1.318881660699844360e-01
-7.376580685377120972e-02
-1.820303499698638916e-01
-4.484160989522933960e-02
2.043282240629196167e-02
-1.326669007539749146e-02
-9.637129493057727814e-03
3.326375782489776611e-02
4.799854010343551636e-02
1.962188445031642914e-02
-4.566189274191856384e-02
-3.579416498541831970e-02
-6.552416365593671799e-03
5.135752260684967041e-02
-4.295848775655031204e-03
-9.829068556427955627e-03
1.918074302375316620e-02
-2.903015352785587311e-03
1.023192424327135086e-02
-3.415706334635615349e-03
-1.780142262578010559e-02
1.680118590593338013e-02
-2.361682616174221039e-02
-3.149765357375144958e-02
-9.314991766586899757e-04
-1.942129805684089661e-02
3.179756924510002136e-02
-1.623471453785896301e-02
-3.583526983857154846e-02
-2.402170747518539429e-02
-3.708777576684951782e-02
7.673471700400114059e-03
6.948351860046386719e-02
4.296425264328718185e-03
-6.275122612714767456e-02
1.020790040493011475e-01
-9.697255492210388184e-02
1.404904723167419434e-01
-1.258040219545364380e-01
1.492237001657485962e-01
-7.521627098321914673e-02
-1.078982255421578884e-03
-8.899831771850585938e-02
3.954043984413146973e-02
-1.112335100769996643e-01
2.687047049403190613e-02
1.076678745448589325e-03
-8.052355051040649414e-02
4.827418178319931030e-02
-1.741439849138259888e-02
7.281689345836639404e-02
-4.161152243614196777e-02
-9.279501438140869141e-02
6.764862686395645142e-02
-3.863935917615890503e-02
-1.141905039548873901e-01
3.591509163379669189e-02
4.332460521254688501e-04
-8.502543717622756958e-02
-1.660830527544021606e-02
-7.606067508459091187e-02
3.767887875437736511e-02
-1.828759461641311646e-01
1.030071750283241272e-01
-1.943167857825756073e-02
7.513481378555297852e-02
-7.223436236381530762e-02
1.264788489788770676e-02
-8.879923261702060699e-03
3.831160021945834160e-03
1.592713780701160431e-02
1.472393982112407684e-02
9.156617452390491962e-04
-1.641670987010002136e-02
-3.226266428828239441e-02
5.465173162519931793e-04
5.291868001222610474e-02
-9.029196202754974365e-02
2.513172104954719543e-02
-2.187790907919406891e-02
-2.454651892185211182e-02
-4.946927726268768311e-02
-1.081041321158409119e-01
8.191180974245071411e-02
-1.393391042947769165e-01
2.530359476804733276e-02
4.635386914014816284e-02
-3.439200809225440025e-03
3.192243725061416626e-02
-2.279701270163059235e-02
-1.559097133576869965e-02
4.467543214559555054e-02
-5.068127065896987915e-02
3.070006519556045532e-02
-6.106324959546327591e-03
-3.036070987582206726e-02
-1.325991470366716385e-02
-3.527114912867546082e-02
9.546264074742794037e-03
1.772992312908172607e-02
4.529207653831690550e-04
3.705795854330062866e-02
2.250187844038009644e-02
4.417642205953598022e-02
4.572545364499092102e-02
-4.567658901214599609e-02
3.030182234942913055e-02
-7.133710198104381561e-03
6.075466424226760864e-02
-7.882472872734069824e-02
-1.327465660870075226e-02
3.652575612068176270e-02
-6.351888924837112427e-02
-1.688980683684349060e-02
-9.774291515350341797e-02
1.068461872637271881e-02
-6.943134218454360962e-02
2.695424668490886688e-02
8.585166186094284058e-02
-1.013759672641754150e-01
6.279772520065307617e-02
3.416194021701812744e-02
-2.567453309893608093e-02
5.472030863165855408e-02
-2.461845241487026215e-02
-6.711606681346893311e-02
-1.157926302403211594e-02
1.383162220008671284e-03
-4.499488044530153275e-03
4.368736594915390015e-02
-6.558415293693542480e-02
6.870391219854354858e-02
-7.392873615026473999e-02
-7.169059664011001587e-02
9.231483191251754761e-02
-1.549349445849657059e-02
1.065022125840187073e-01
-6.337979435920715332e-02
1.871752589941024780e-01
-4.343442991375923157e-02
3.266052529215812683e-02
1.838810741901397705e-02
-5.231835320591926575e-02
1.834149509668350220e-01
-8.685492724180221558e-02
6.701671332120895386e-02
-5.670813098549842834e-02
6.187840923666954041e-02
4.331866279244422913e-03
2.203191444277763367e-02
6.820563226938247681e-03
2.360495179891586304e-02
4.563125595450401306e-02
-4.552794992923736572e-02
1.005092542618513107e-02
-3.883647173643112183e-02
-4.963323939591646194e-03
-5.838439241051673889e-02
1.195713970810174942e-02
-5.762398988008499146e-02
1.341594196856021881e-02
2.355396747589111328e-02
-2.132831327617168427e-02
5.919000133872032166e-02
2.551987767219543457e-02
-1.952453516423702240e-02
1.201485749334096909e-02
5.314964801073074341e-03
-1.796777546405792236e-02
-9.274711459875106812e-02
-7.130242884159088135e-02
-3.082560747861862183e-02
-2.244531922042369843e-02
6.796209514141082764e-02
4.012917727231979370e-02
3.060433454811573029e-02
-1.014145016670227051e-01
4.608773440122604370e-02
-8.566524088382720947e-02
1.530480198562145233e-02
8.908395469188690186e-02
-3.384593501687049866e-02
6.181752681732177734e-02
-9.283889085054397583e-02
-3.164085745811462402e-02
-5.401087552309036255e-02
-1.910502440296113491e-03
-5.925041064620018005e-02
-4.549792408943176270e-02
9.582877159118652344e-03
-4.134962335228919983e-02
-1.134004909545183182e-03
-2.474106475710868835e-02
4.350894317030906677e-02
-1.148931309580802917e-02
-6.148996762931346893e-03
-3.217970952391624451e-02
-7.499396055936813354e-02
1.226853393018245697e-02
-8.403088152408599854e-02
-6.066544726490974426e-02
2.379428967833518982e-02
-1.258065700531005859e-01
4.380979016423225403e-02
5.451318994164466858e-02
5.495594441890716553e-02
2.334518916904926300e-02
-1.699539124965667725e-01
4.234563931822776794e-02
-2.070169150829315186e-01
-1.493297051638364792e-02
3.372207283973693848e-02
8.194362744688987732e-03
1.802819967269897461e-02
-9.334034286439418793e-03
-1.015996001660823822e-02
-2.423100546002388000e-02
-2.568096481263637543e-02
-1.482950430363416672e-02
1.706609874963760376e-02
-5.449467152357101440e-02
-5.590223241597414017e-03
-8.811560273170471191e-02
6.368926167488098145e-02
-6.270334124565124512e-02
-9.194521605968475342e-02
-8.361080288887023926e-02
-1.141951140016317368e-02
-3.886539489030838013e-02
7.366965711116790771e-02
4.577611759305000305e-02
-1.645681820809841156e-02
1.849028281867504120e-02
-3.735537081956863403e-02
-1.029165741056203842e-02
-5.118621978908777237e-03
-3.355970606207847595e-02
3.381894528865814209e-02
-5.887331441044807434e-02
9.272624156437814236e-04
1.208635140210390091e-02
1.691725477576255798e-02
9.436699748039245605e-02
-3.481652960181236267e-02
7.466311007738113403e-02
-2.475930936634540558e-02
-9.309072792530059814e-02
-9.659835696220397949e-02
-9.207060188055038452e-02
4.666254669427871704e-02
-8.895299583673477173e-02
1.015452146530151367e-01
4.142490401864051819e-02
1.009797398000955582e-02
9.390024840831756592e-02
-6.181164830923080444e-02
-4.432566836476325989e-02
-8.077149838209152222e-02
3.399596363306045532e-02
-1.105426847934722900e-01
1.726765632629394531e-01
-5.831224098801612854e-02
6.952914595603942871e-02
-1.902002468705177307e-02
-2.517794258892536163e-02
-2.333352528512477875e-02
1.069446466863155365e-02
1.603611744940280914e-02
2.452585846185684204e-02
-5.868988111615180969e-03
-1.551475003361701965e-02
3.403776511549949646e-02
-3.156260028481483459e-02
8.820453658699989319e-04
6.006600335240364075e-02
-8.122513443231582642e-02
7.935553789138793945e-02
-5.079100281000137329e-02
3.115101531147956848e-02
7.821677625179290771e-02
2.250459417700767517e-02
5.469965934753417969e-02
-3.484705463051795959e-02
1.177802905440330505e-01
-6.490655243396759033e-02
-1.019560024142265320e-01
-4.385615512728691101e-02
-1.261744499206542969e-01
1.122930869460105896e-01
-1.070583835244178772e-01
1.623571217060089111e-01
1.059159487485885620e-01
4.676621407270431519e-02
-1.417742483317852020e-02
-3.289492800831794739e-02
-1.886764913797378540e-02
-1.787563785910606384e-02
-1.318936794996261597e-02
2.810596302151679993e-02
-7.143128663301467896e-03
8.999302983283996582e-03
-1.411986164748668671e-02
-3.541509807109832764e-02
-2.001106366515159607e-02
-1.326316129416227341e-02
-1.239170599728822708e-02
4.458652436733245850e-02
-5.132187530398368835e-02
7.018373906612396240e-02
2.063910849392414093e-02
1.467738393694162369e-02
8.677813224494457245e-03
5.482995510101318359e-02
-6.630861759185791016e-02
-8.258190751075744629e-02
-1.892009004950523376e-02
-8.195317350327968597e-03
5.902919801883399487e-04
5.265751108527183533e-02
6.967904418706893921e-02
-4.285223409533500671e-02
-6.772216409444808960e-02
7.178658246994018555e-02
-3.838564455509185791e-02
-7.594221085309982300e-02
4.859782382845878601e-02
-4.532750695943832397e-02
-5.254267901182174683e-02
-1.150863338261842728e-02
-4.518030956387519836e-02
-1.967871934175491333e-02
-1.875176094472408295e-02
-1.150201633572578430e-02
-1.747387461364269257e-02
7.752221543341875076e-03
5.023430287837982178e-02
-2.872922644019126892e-02
-1.323561929166316986e-02
1.373646594583988190e-02
1.030413061380386353e-02
-7.773637026548385620e-02
-2.244963124394416809e-02
1.771737076342105865e-02
-4.227081313729286194e-02
5.780390929430723190e-04
-2.169372746720910072e-03
-7.222802937030792236e-02
-1.801100559532642365e-02
-2.995246276259422302e-02
-5.771224945783615112e-02
2.341285115107893944e-03
8.224364370107650757e-02
-3.367381542921066284e-02
2.912594005465507507e-02
2.226833440363407135e-02
1.072768308222293854e-02
-1.269230339676141739e-02
-2.569924341514706612e-03
2.316085994243621826e-02
-2.524493634700775146e-02
-2.186699584126472473e-02
2.526872046291828156e-02
4.930796101689338684e-03
-1.220344007015228271e-02
-7.416974008083343506e-02
-6.967356055974960327e-02
-9.169413708150386810e-03
-2.426045248284935951e-03
-2.845294773578643799e-02
-2.362399920821189880e-02
5.103317275643348694e-02
2.964627556502819061e-02
-3.171179816126823425e-02
5.229225847870111465e-03
-1.452949130907654762e-03
-2.640328370034694672e-02
-3.719057142734527588e-02
2.629224397242069244e-02
2.009956911206245422e-02
-3.824019059538841248e-02
3.968284279108047485e-02
1.662185601890087128e-02
4.506785050034523010e-02
2.086281031370162964e-02
-4.509900137782096863e-02
6.177794560790061951e-02
3.433980047702789307e-02
-1.497298013418912888e-02
4.190827906131744385e-02
1.136808190494775772e-02
-2.831008285284042358e-02
-2.838064683601260185e-03
-4.489668831229209900e-02
-6.359017640352249146e-02
-1.261930819600820541e-02
-6.125411391258239746e-02
-1.254403889179229736e-01
6.506049539893865585e-03
7.130708545446395874e-03
-1.367213577032089233e-01
5.493018776178359985e-02
1.812537945806980133e-02
1.433277223259210587e-02
4.432594776153564453e-02
-4.831563308835029602e-02
-2.665915712714195251e-02
2.201859839260578156e-02
-9.205590933561325073e-03
5.095566436648368835e-02
-1.042908802628517151e-01
-2.962866798043251038e-02
8.315501362085342407e-02
-7.273520529270172119e-02
-1.178604643791913986e-02
1.247411891818046570e-01
-9.162087738513946533e-02
-6.544785201549530029e-02
3.327080234885215759e-02
1.341281924396753311e-02
-3.815839812159538269e-02
-1.789048686623573303e-02
7.001551985740661621e-02
-3.989757224917411804e-02
-5.045685172080993652e-02
5.328114330768585205e-02
-5.388575047254562378e-02
-8.523394167423248291e-02
-4.123453795909881592e-02
4.248021170496940613e-03
2.501842379570007324e-02
1.630234159529209137e-02
7.686480879783630371e-02
4.135964810848236084e-02
-4.049640148878097534e-03
-2.431564591825008392e-02
1.131589990109205246e-02
-1.911570876836776733e-02
-4.385375604033470154e-02
7.056063506752252579e-03
-8.473552763462066650e-03
-3.721639979630708694e-03
3.405340760946273804e-02
-2.285562641918659210e-02
-1.653311308473348618e-03
2.370132133364677429e-02
2.777418820187449455e-03
1.479274779558181763e-02
-1.091387495398521423e-02
8.589216507971286774e-03
-4.363980516791343689e-02
-9.047785401344299316e-02
-4.526376724243164062e-03
-8.568397164344787598e-02
-9.177764505147933960e-02
3.103488124907016754e-02
6.236534938216209412e-02
3.558014333248138428e-02
8.891240693628787994e-03
-8.427617698907852173e-02
1.137585658580064774e-02
1.470306515693664551e-02
-8.695805817842483521e-02
5.052293837070465088e-02
-6.109663518145680428e-04
-1.421491056680679321e-01
-1.081370189785957336e-02
7.374946773052215576e-02
-1.978922486305236816e-01
1.088709533214569092e-01
-2.871589548885822296e-02
-1.647457331418991089e-01
1.022960692644119263e-01
-2.698751911520957947e-02
-4.863963276147842407e-02
2.490117680281400681e-03
1.380741130560636520e-02
-1.129373833537101746e-01
5.016761645674705505e-02
-2.407334558665752411e-02
-5.206663161516189575e-02
4.419191554188728333e-02
1.800636574625968933e-02
-7.184579223394393921e-02
4.561985377222299576e-03
-1.058410387486219406e-03
-3.243297711014747620e-02
1.901936717331409454e-02
6.061155349016189575e-03
3.550660610198974609e-02
3.487337753176689148e-02
2.915195561945438385e-02
-3.893329203128814697e-02
5.940578877925872803e-02
-5.193096026778221130e-02
1.419419888406991959e-02
9.910994209349155426e-03
-1.665919646620750427e-02
7.559777703136205673e-03
-3.029318526387214661e-02
-2.358742617070674896e-02
8.091380004771053791e-04
1.356174983084201813e-02
-4.489846900105476379e-02
-3.798399120569229126e-02
2.440629340708255768e-02
8.194627240300178528e-03
1.131946127861738205e-02
4.319457709789276123e-02
-1.586160361766815186e-01
-2.845259197056293488e-02
-1.430301368236541748e-01
-9.483699500560760498e-02
8.858344703912734985e-02
-1.148274615406990051e-01
-1.366618126630783081e-01
6.463001668453216553e-02
-1.495974063873291016e-01
9.322272986173629761e-02
4.502595216035842896e-02
2.817076258361339569e-02
8.137108385562896729e-02
-2.590058743953704834e-02
-1.612383313477039337e-02
6.986643373966217041e-02
-3.305047750473022461e-02
-8.124817162752151489e-03
1.637937687337398529e-02
4.594697430729866028e-02
2.565440721809864044e-02
-1.885474473237991333e-02
2.602442353963851929e-02
7.180497050285339355e-03
1.377958245575428009e-02
4.477554187178611755e-02
-2.669407799839973450e-02
-3.265676554292440414e-03
-9.718763083219528198e-02
2.210401697084307671e-03
-2.449649944901466370e-02
-8.075420558452606201e-02
1.311199963092803955e-01
-7.899149507284164429e-02
9.107325226068496704e-03
5.028016865253448486e-02
1.143223047256469727e-02
-9.410121291875839233e-02
-2.257634513080120087e-02
-8.004260249435901642e-03
-1.917695254087448120e-01
1.208461672067642212e-01
-4.223749041557312012e-02
-1.126379445195198059e-01
2.523424290120601654e-02
3.246852755546569824e-02
-8.141313679516315460e-03
-8.538846857845783234e-03
-1.714237034320831299e-03
2.883301861584186554e-02
-2.004213072359561920e-02
-1.616352051496505737e-02
1.107365917414426804e-02
-2.465639449656009674e-02
3.205968812108039856e-02
-1.468022316694259644e-01
3.054522350430488586e-02
1.308109313249588013e-01
-2.172560542821884155e-01
1.219562813639640808e-01
5.333147943019866943e-02
-2.254092693328857422e-01
1.107942759990692139e-01
3.689668700098991394e-02
3.074713237583637238e-02
-5.935303866863250732e-03
1.787756383419036865e-01
1.648561656475067139e-02
9.026613086462020874e-03
1.243916749954223633e-01
7.152289617806673050e-04
3.180496394634246826e-02
5.129876360297203064e-02
-1.804532855749130249e-02
-3.998261410742998123e-03
3.832016512751579285e-02
-2.333595417439937592e-02
2.311812713742256165e-02
-2.524516545236110687e-02
-7.221263647079467773e-02
-2.803831174969673157e-02
-2.341400273144245148e-02
-2.224864438176155090e-02
-4.228617995977401733e-02
-2.584245987236499786e-03
-1.025091111660003662e-02
-3.238348662853240967e-02
-1.577158458530902863e-02
-2.105996012687683105e-03
1.092680497094988823e-03
-2.142744511365890503e-02
-1.844139397144317627e-02
-1.798328303266316652e-04
-2.412251755595207214e-02
-3.122927621006965637e-02
-1.420153491199016571e-02
-3.868123749271035194e-03
6.725690513849258423e-02
1.721918210387229919e-02
-3.076829947531223297e-02
2.757665142416954041e-02
-1.094416603446006775e-01
-6.756102293729782104e-02
1.776628345251083374e-01
-1.036446541547775269e-01
-1.681389063596725464e-01
1.055312454700469971e-01
-5.718519445508718491e-03
-1.472556032240390778e-02
3.118999302387237549e-02
-2.697334624826908112e-02
-1.050325259566307068e-01
1.185601130127906799e-01
-2.334712771698832512e-03
-1.088356003165245056e-01
-1.124334335327148438e-02
4.399415105581283569e-02
4.817303270101547241e-02
-1.034209690988063812e-02
2.467416052240878344e-04
1.110563874244689941e-01
-4.656984284520149231e-02
-9.556283056735992432e-02
3.883583098649978638e-02
1.387997064739465714e-02
-9.043424576520919800e-02
-3.093006648123264313e-02
2.431833185255527496e-02
-1.597429439425468445e-02
-1.649206131696701050e-02
-5.868046730756759644e-02
7.168055325746536255e-02
2.779760770499706268e-02
2.862134948372840881e-03
6.479018833488225937e-03
-2.739250101149082184e-02
-1.827652193605899811e-02
-3.072505444288253784e-02
-5.391961429268121719e-03
4.689281433820724487e-02
-1.220679469406604767e-02
3.275290876626968384e-02
6.194838881492614746e-02
-9.434440871700644493e-04
-9.675436466932296753e-02
-9.923319518566131592e-02
3.760226070880889893e-02
-4.572297260165214539e-02
-3.491088747978210449e-02
2.727595157921314240e-02
-8.494660258293151855e-02
-6.447979807853698730e-02
-5.762097239494323730e-02
1.089936941862106323e-01
-1.072377897799015045e-02
-3.812334686517715454e-02
1.036705747246742249e-01
4.790557548403739929e-03
-3.677165135741233826e-02
9.261289238929748535e-02
3.647464513778686523e-02
-3.286323323845863342e-02
-6.143237650394439697e-02
-7.160768145695328712e-04
6.389927119016647339e-02
-3.437247872352600098e-02
-2.261703275144100189e-02
3.377219289541244507e-02
-5.302327498793601990e-02
1.224079541862010956e-02
8.192453533411026001e-02
5.854113399982452393e-02
-5.020182579755783081e-02
-1.580789238214492798e-01
1.826054751873016357e-01
2.631454961374402046e-03
-1.823806762695312500e-01
9.293513745069503784e-02
9.997969493269920349e-03
-1.141878142952919006e-01
-9.725632146000862122e-03
4.748916625976562500e-02
-8.524422347545623779e-02
3.489314764738082886e-02
3.256867453455924988e-02
3.165079280734062195e-02
-2.957965247333049774e-02
-5.792676284909248352e-02
2.532587572932243347e-02
1.430490612983703613e-02
-4.584199562668800354e-02
3.599353134632110596e-02
1.179135777056217194e-02
-8.406890183687210083e-02
4.683915153145790100e-02
4.813891276717185974e-02
-4.610639065504074097e-02
3.787443041801452637e-02
3.565638512372970581e-02
5.291831120848655701e-02
-7.720996439456939697e-02
4.607919603586196899e-03
1.402829736471176147e-01
-1.207485273480415344e-01
-5.914830043911933899e-02
1.245537847280502319e-01
-8.609680086374282837e-02
-4.452162608504295349e-02
4.126522317528724670e-02
5.580111965537071228e-02
-9.615218639373779297e-02
1.181994229555130005e-01
5.735545605421066284e-02
-1.354485005140304565e-01
1.686953753232955933e-02
6.628299504518508911e-02
2.730276063084602356e-02
-5.259230360388755798e-02
-7.391773164272308350e-02
1.559236459434032440e-02
-4.154473077505826950e-03
-1.861905492842197418e-02
1.981679722666740417e-02
-8.132255636155605316e-03
-3.696376085281372070e-02
-6.831277161836624146e-02
5.377026274800300598e-02
5.737684294581413269e-02
-6.161399185657501221e-02
4.556283354759216309e-02
5.286724492907524109e-02
-2.182519063353538513e-02
2.641637995839118958e-02
-1.210603211075067520e-02
8.435154706239700317e-02
4.252583160996437073e-02
2.939872257411479950e-02
1.597471907734870911e-02
-6.461158394813537598e-02
-2.599435485899448395e-02
-6.749965995550155640e-02
-9.090575389564037323e-03
2.949866838753223419e-02
6.710204482078552246e-02
-1.105117425322532654e-02
-9.656404703855514526e-02
5.246581509709358215e-02
-8.615463227033615112e-02
-7.333607226610183716e-02
-4.750458896160125732e-02
-1.079381108283996582e-01
-7.841826230287551880e-02
5.790350958704948425e-02
1.292833033949136734e-02
9.020064957439899445e-03
-1.652604900300502777e-02
-6.614646315574645996e-02
-9.465038776397705078e-03
-3.755035623908042908e-02
-2.924862084910273552e-03
2.184189110994338989e-02
-2.188260108232498169e-02
5.507640168070793152e-02
2.007028833031654358e-02
1.025562658905982971e-01
6.745008379220962524e-02
6.584262102842330933e-02
1.104175075888633728e-01
3.672680258750915527e-02
1.147863175719976425e-02
-3.107519634068012238e-02
-2.702072635293006897e-02
2.332888171076774597e-02
3.131966665387153625e-02
8.687067776918411255e-02
7.792997360229492188e-02
6.058394908905029297e-02
1.811116375029087067e-02
5.743326619267463684e-03
9.373025596141815186e-02
4.801504546776413918e-04
-3.412714600563049316e-02
9.963400661945343018e-03
-4.205878078937530518e-02
-3.474956750869750977e-02
-2.072168700397014618e-02
-2.901095524430274963e-02
-2.957320073619484901e-03
-2.546667493879795074e-02
-9.621758945286273956e-03
2.163016796112060547e-02
-5.141349509358406067e-02
-2.073693461716175079e-02
-4.150588810443878174e-02
-1.382904499769210815e-02
-2.744152769446372986e-02
-2.951707504689693451e-02
-1.451143994927406311e-02
-2.731484733521938324e-02
-3.003163449466228485e-02
-1.296534389257431030e-02
5.072247702628374100e-03
6.204038858413696289e-03
-1.941755600273609161e-02
2.187326364219188690e-02
1.286265440285205841e-03
1.362902857363224030e-02
1.168343122117221355e-03
-1.010226923972368240e-02
7.776698563247919083e-03
-1.728945970535278320e-02
-5.158865079283714294e-02
1.111908908933401108e-02
-9.297424927353858948e-03
-4.756190255284309387e-02
-1.065522059798240662e-02
-6.371605396270751953e-02
-8.415066450834274292e-02
-9.314856678247451782e-02
-9.510774910449981689e-02
-8.844145387411117554e-02
-3.434645384550094604e-02
-6.528238207101821899e-02
-1.880532689392566681e-02
1.288482844829559326e-01
5.003439262509346008e-02
-2.332071214914321899e-02
2.347875386476516724e-02
-3.702025488018989563e-02
-6.051019579172134399e-02
-5.499553307890892029e-02
-4.588871821761131287e-02
-8.488091081380844116e-02
-4.629691690206527710e-02
-2.941166236996650696e-02
5.391108989715576172e-02
-6.989661604166030884e-02
-5.645742174237966537e-03
6.058149784803390503e-02
-4.163457453250885010e-02
-1.809539459645748138e-02
4.529931116849184036e-03
-2.302874624729156494e-02
-3.705180436372756958e-02
-6.961851567029953003e-02
1.515915710479021072e-02
-4.812687262892723083e-02
3.677717596292495728e-02
-4.438623040914535522e-02
-7.038121693767607212e-04
7.051668316125869751e-02
6.592633575201034546e-02
1.269053071737289429e-01
-5.913024023175239563e-02
1.623577028512954712e-01
5.098028853535652161e-02
-6.846056878566741943e-02
-4.336264729499816895e-02
-1.127630472183227539e-01
-2.495659887790679932e-02
-4.157982394099235535e-02
-2.781722880899906158e-02
5.132544320076704025e-03
-5.955130234360694885e-02
-1.022591348737478256e-02
3.404192253947257996e-02
-3.629588987678289413e-03
5.470713973045349121e-02
-6.596192717552185059e-03
-6.615351885557174683e-02
-1.596589339897036552e-03
-2.486579865217208862e-02
1.797904260456562042e-02
1.578299514949321747e-02
-3.308396041393280029e-02
2.470386400818824768e-02
-1.990991644561290741e-02
-1.732821203768253326e-02
-4.584114626049995422e-02
-4.243987426161766052e-02
-2.667174860835075378e-02
-5.075887218117713928e-02
-5.332497134804725647e-02
-4.549744725227355957e-02
-7.040375843644142151e-03
-8.854719810187816620e-03
-1.045727171003818512e-02
-8.032901212573051453e-03
-2.267262665554881096e-03
3.431235440075397491e-03
1.883878023363649845e-03
1.669728755950927734e-02
2.411920763552188873e-02
2.564329188317060471e-03
9.577595628798007965e-03
2.758626360446214676e-03
-2.261240268126130104e-03
-1.551936101168394089e-02
5.181923042982816696e-04
-2.186348289251327515e-02
-1.198982819914817810e-02
-6.600394845008850098e-03
-5.476057156920433044e-02
-4.847891628742218018e-02
-3.248021751642227173e-02
-3.506100270897150040e-03
1.662581600248813629e-02
1.309185940772294998e-02
2.221808768808841705e-02
-1.358476816676557064e-03
-1.368030067533254623e-02
5.441342666745185852e-02
7.194826751947402954e-02
4.411125555634498596e-02
-2.150050364434719086e-02
1.374334283173084259e-02
1.053120288997888565e-02
5.464996676892042160e-03
3.592642722651362419e-03
-7.411499507725238800e-03
-2.977839484810829163e-02
-6.173129752278327942e-02
-3.714277595281600952e-02
2.953261695802211761e-02
5.240451544523239136e-02
2.744969353079795837e-02
5.939603969454765320e-02
8.888637274503707886e-02
7.954060286283493042e-02
3.176984563469886780e-02
3.858553245663642883e-02
3.816777840256690979e-02
1.129517983645200729e-02
-7.343430770561099052e-04
-1.291136536747217178e-02
1.321911439299583435e-02
1.224601361900568008e-02
-2.180065959692001343e-02
-2.136769704520702362e-03
1.206082850694656372e-02
-3.544006124138832092e-02
-7.271292060613632202e-02
-2.435408160090446472e-02
-3.799477964639663696e-02
-3.619765117764472961e-02
2.584512811154127121e-03
-2.554123848676681519e-02
-2.742343768477439880e-02
2.798577770590782166e-03
-3.419589623808860779e-02
1.091430429369211197e-02
1.880323514342308044e-02
2.149157598614692688e-02
5.075899139046669006e-02
1.114887967705726624e-01
9.277630597352981567e-02
3.984693903475999832e-03
5.089338868856430054e-02
1.239610090851783752e-02
-8.954450488090515137e-03
5.327445105649530888e-04
3.931483253836631775e-03
-2.318819984793663025e-02
-2.355328015983104706e-02
-3.893743082880973816e-02
-4.394556954503059387e-02
-3.956456482410430908e-02
-4.216463863849639893e-02
-2.207756415009498596e-02
-3.083414025604724884e-02
-2.626954950392246246e-02
-2.259366400539875031e-02
-1.600295864045619965e-02
-2.086380869150161743e-02
-1.488180831074714661e-03
-3.008450008928775787e-02
-3.917970508337020874e-02
6.479579024016857147e-03
2.026691846549510956e-02
1.604167511686682701e-03
5.460742861032485962e-02
6.712689250707626343e-02
5.661427602171897888e-02
5.133447051048278809e-02
5.566529557108879089e-02
4.514424875378608704e-02
1.184423640370368958e-02
2.579963802418205887e-05
7.218318060040473938e-03
1.559200044721364975e-02
-7.171226665377616882e-03
-1.797700859606266022e-02
-1.963858492672443390e-02
-2.173672989010810852e-02
-3.757848218083381653e-02
-1.792602054774761200e-02
7.082690019160509109e-03
1.682177372276782990e-02
-9.302899241447448730e-03
-1.736930012702941895e-02
-2.023364044725894928e-02
-1.341201830655336380e-02
1.034078095108270645e-02
-1.280291657894849777e-02
-4.527527466416358948e-02
6.513187545351684093e-04
-1.523008011281490326e-02
-1.128964219242334366e-02
1.203966420143842697e-02
-1.130899973213672638e-02
-1.312562543898820877e-02
-1.522210333496332169e-02
-2.928893081843852997e-02
3.185877576470375061e-02
-1.789574325084686279e-02
-5.654151737689971924e-02
1.607882976531982422e-02
-2.073585428297519684e-02
-3.903409093618392944e-02
3.331113234162330627e-02
2.048363164067268372e-02
1.449342234991490841e-03
1.551326736807823181e-02
-9.736675769090652466e-03
-1.930057257413864136e-02
-4.431951418519020081e-02
-3.856837749481201172e-02
-5.911833047866821289e-02
-5.165647342801094055e-02
-1.679586432874202728e-02
6.834054365754127502e-03
2.141750883311033249e-03
-7.165530323982238770e-02
-5.517482012510299683e-02
4.857573658227920532e-02
-1.910146325826644897e-02
-3.015981428325176239e-02
7.117528002709150314e-04
1.970054954290390015e-02
1.014420576393604279e-02
-5.173187330365180969e-02
-6.631152331829071045e-02
-1.048573777079582214e-01
2.492379583418369293e-02
3.969139419496059418e-03
-7.861871272325515747e-02
8.926207572221755981e-02
3.677821531891822815e-02
-3.048352152109146118e-02
-5.132493004202842712e-02
-4.745206981897354126e-02
7.702970504760742188e-02
-1.575632393360137939e-01
-1.340785324573516846e-01
-7.003191858530044556e-02
-3.341069445013999939e-02
-1.186290755867958069e-01
-1.082824468612670898e-01
-1.814550161361694336e-02
4.365577176213264465e-02
8.859839290380477905e-04
-1.077712420374155045e-02
1.377469580620527267e-02
7.712392508983612061e-02
-7.068283110857009888e-02
-4.414842277765274048e-02
-7.985236495733261108e-02
-5.947164818644523621e-02
-3.458755463361740112e-02
-2.821588702499866486e-02
1.940616406500339508e-02
1.334641035646200180e-02
-2.992913872003555298e-02
6.139103695750236511e-02
4.280462116003036499e-02
-1.594892935827374458e-03
-7.530661672353744507e-02
-3.505243919789791107e-03
-9.163441136479377747e-03
4.445163940545171499e-04
4.796134307980537415e-03
2.988695725798606873e-02
-2.672587987035512924e-03
-9.786467999219894409e-03
4.513443261384963989e-02
3.464003279805183411e-02
5.052858591079711914e-02
5.136458203196525574e-02
-4.453793540596961975e-02
1.448567956686019897e-02
9.641759097576141357e-02
-4.822443053126335144e-02
-4.849405959248542786e-02
1.865075714886188507e-02
3.249038755893707275e-02
-1.182823404669761658e-01
-6.404867023229598999e-02
1.016791015863418579e-01
-1.280528586357831955e-02
-1.051446720957756042e-01
3.329961001873016357e-02
7.184047251939773560e-02
5.313529632985591888e-03
2.161710150539875031e-02
9.746309369802474976e-03
8.557728677988052368e-02
-3.797904029488563538e-02
-1.046218723058700562e-01
-8.085898309946060181e-02
-4.777707904577255249e-02
-6.786621361970901489e-02
-7.413951307535171509e-02
1.075887233018875122e-01
4.456589370965957642e-02
9.273840487003326416e-02
7.644186262041330338e-03
3.789147129282355309e-03
4.692272469401359558e-02
-4.907567426562309265e-02
-1.461574714630842209e-02
1.256288401782512665e-02
-2.942226640880107880e-02
1.288803480565547943e-02
2.790696732699871063e-02
-3.043493069708347321e-02
3.224328160285949707e-02
1.084651872515678406e-01
-4.844205453991889954e-02
-2.956406399607658386e-02
3.903530538082122803e-02
-4.976385086774826050e-02
-6.354551017284393311e-02
-1.660618372261524200e-02
-3.818916529417037964e-02
-6.712116301059722900e-02
-4.937732964754104614e-02
3.667390346527099609e-02
1.711284741759300232e-02
-2.437089569866657257e-02
-3.746655210852622986e-02
-5.987533926963806152e-02
-1.192897334694862366e-01
1.724825799465179443e-02
7.650343701243400574e-03
-6.542973965406417847e-02
9.299044311046600342e-02
2.705440856516361237e-02
2.990011824294924736e-03
-2.268971875309944153e-02
3.295300528407096863e-02
-2.268614806234836578e-02
-7.875917851924896240e-02
2.274181693792343140e-02
3.036249987781047821e-02
-5.116014182567596436e-02
1.856096647679805756e-02
6.141411513090133667e-02
2.456395886838436127e-02
-1.819117553532123566e-02
-6.958924699574708939e-03
1.404142286628484726e-02
-3.938631340861320496e-02
1.823206990957260132e-02
-4.540360346436500549e-02
-1.958266831934452057e-02
2.869063429534435272e-02
-2.996908687055110931e-02
2.018403261899948120e-02
5.514294374734163284e-03
-7.756056636571884155e-02
-3.868264704942703247e-02
-5.728778243064880371e-02
-3.150833072140812874e-03
1.538048963993787766e-02
-1.886964216828346252e-02
1.428521797060966492e-02
-1.530960551463067532e-03
6.000658962875604630e-03
1.341698504984378815e-02
-1.550632528960704803e-02
-1.488233916461467743e-02
2.333073690533638000e-02
7.477615959942340851e-03
-4.057493526488542557e-03
-2.177257277071475983e-02
-1.976113207638263702e-02
-4.992954432964324951e-02
-4.771620780229568481e-02
6.166195496916770935e-03
-2.625916153192520142e-02
-4.105521366000175476e-02
-4.576457664370536804e-02
-5.095399171113967896e-02
-6.804914027452468872e-02
-3.512992337346076965e-02
-3.191832825541496277e-02
7.625537365674972534e-02
1.205221563577651978e-01
8.475299179553985596e-02
-1.706722774542868137e-03
2.602065913379192352e-02
3.023449517786502838e-02
-2.034331299364566803e-02
-5.108560249209403992e-02
-7.284694164991378784e-02
2.268884330987930298e-02
-4.362821951508522034e-02
5.560229998081922531e-03
4.926700145006179810e-02
7.005567848682403564e-02
3.294956684112548828e-02
5.903852730989456177e-02
8.274956792593002319e-02
5.285424739122390747e-02
-1.132137421518564224e-02
-3.612904623150825500e-02
-4.617257416248321533e-02
-8.195064961910247803e-02
-9.324888139963150024e-02
-8.830731362104415894e-02
4.229711368680000305e-02
5.484780296683311462e-02
2.751434780657291412e-02
1.788533292710781097e-02
4.372727498412132263e-02
2.928988076746463776e-03
-3.020615689456462860e-02
-2.452727034687995911e-02
-7.351686805486679077e-02
-1.140185147523880005e-01
-8.790789544582366943e-02
-6.939811259508132935e-02
1.679805666208267212e-02
2.135340683162212372e-02
-2.597071789205074310e-02
6.164891645312309265e-02
9.240450710058212280e-02
5.644524842500686646e-02
1.245938315987586975e-01
1.763012111186981201e-01
5.500068888068199158e-02
-4.831305891275405884e-02
1.642648503184318542e-02
-2.770248241722583771e-02
-1.015393882989883423e-01
-1.074168086051940918e-01
-1.002693250775337219e-01
-1.776296831667423248e-02
-2.597249578684568405e-03
-3.502171859145164490e-02
-3.885282436385750771e-03
6.820293143391609192e-03
-2.211080864071846008e-02
5.285313352942466736e-03
1.319253817200660706e-02
-3.018205461557954550e-04
-1.936018280684947968e-02
2.940511517226696014e-02
-4.028569906949996948e-03
3.294628486037254333e-02
5.477088689804077148e-02
3.552972152829170227e-02
-3.350309561938047409e-03
2.719161473214626312e-02
1.547156716696918011e-04
-1.682507805526256561e-02
9.597744792699813843e-03
3.306903177872300148e-03
-7.625597715377807617e-02
-7.262719422578811646e-02
-5.209450051188468933e-02
-8.867270313203334808e-03
4.325645416975021362e-02
4.137163236737251282e-02
1.849371194839477539e-02
2.812229096889495850e-02
-5.015535280108451843e-02
1.155387237668037415e-02
2.009566500782966614e-02
4.346782714128494263e-02
3.215830773115158081e-02
6.932776421308517456e-02
6.589288264513015747e-02
4.022492468357086182e-02
2.647817507386207581e-02
4.624980967491865158e-03
-2.347378060221672058e-02
-2.814004942774772644e-02
-4.817706998437643051e-03
-1.988690532743930817e-02
3.212406998500227928e-03
-1.588461175560951233e-02
-1.028273701667785645e-01
-8.977358788251876831e-02
-4.539483785629272461e-02
-5.462175607681274414e-02
-9.234167635440826416e-02
-4.640735313296318054e-02
1.140730679035186768e-01
9.723312407732009888e-02
1.016512662172317505e-01
-1.788424886763095856e-02
-6.449825316667556763e-02
-3.687795251607894897e-02
9.218259714543819427e-03
4.728451371192932129e-03
2.300030179321765900e-02
-9.560081176459789276e-03
-4.246352985501289368e-02
-3.520248457789421082e-02
3.557444736361503601e-02
3.710236866027116776e-03
-5.542949214577674866e-02
4.833536595106124878e-02
-4.258026182651519775e-02
-1.213457509875297546e-01
-7.150834053754806519e-02
1.374571770429611206e-02
7.759566605091094971e-02
1.312130391597747803e-01
8.760557323694229126e-02
-9.542243182659149170e-02
-2.264851331710815430e-02
-7.167562842369079590e-03
-1.692363619804382324e-02
-1.105675399303436279e-01
-1.335513591766357422e-01
1.022039651870727539e-01
6.214209366589784622e-03
6.528744474053382874e-03
-7.444671541452407837e-02
-7.212016731500625610e-02
-1.185213178396224976e-01
1.196951046586036682e-01
-1.453983783721923828e-01
-1.360714286565780640e-01
4.015129804611206055e-02
2.234586328268051147e-02
3.611803427338600159e-02
-1.382753998041152954e-01
1.110239997506141663e-01
-3.617930412292480469e-02
-2.119478583335876465e-01
1.706670671701431274e-01
5.690617486834526062e-02
-1.077273190021514893e-01
-5.461126100271940231e-03
-1.449382957071065903e-02
7.521820068359375000e-02
-1.023752614855766296e-02
2.265769988298416138e-02
1.668645739555358887e-01
7.597865164279937744e-02
9.973374195396900177e-03
-1.101597622036933899e-01
6.030881777405738831e-02
-1.631098613142967224e-02
-4.782333597540855408e-02
-6.862173974514007568e-02
-8.263663388788700104e-03
8.489533513784408569e-02
-1.406648755073547363e-01
-2.248997986316680908e-02
1.311134994029998779e-01
-6.766037642955780029e-02
-8.039867877960205078e-02
4.316939786076545715e-02
-2.295522950589656830e-02
-3.765724599361419678e-02
-5.273735895752906799e-02
1.202668645419180393e-03
3.823668882250785828e-02
-5.467407777905464172e-02
-1.306127756834030151e-02
1.672952063381671906e-02
3.745966404676437378e-02
-1.725094206631183624e-02
-2.459094300866127014e-02
2.046265080571174622e-02
4.325778037309646606e-02
1.070893369615077972e-02
4.072212427854537964e-02
1.260945387184619904e-02
2.814791165292263031e-02
1.343918219208717346e-02
-3.058071248233318329e-02
2.716262359172105789e-03
2.669372409582138062e-02
6.687384843826293945e-02
3.602860495448112488e-02
-4.920963943004608154e-02
-1.191087961196899414e-01
-1.835751831531524658e-01
-1.434996128082275391e-01
-4.301095008850097656e-02
-6.353355944156646729e-03
3.596478700637817383e-02
-1.197477453388273716e-03
1.331881731748580933e-01
2.179847657680511475e-01
5.282117053866386414e-03
-6.420541554689407349e-02
-8.030430972576141357e-02
-6.413518637418746948e-02
-1.477452069520950317e-01
-1.022531986236572266e-01
-3.079826198518276215e-02
-1.772000640630722046e-02
5.146460980176925659e-02
-2.673784270882606506e-02
1.310619898140430450e-02
8.968263864517211914e-02
-5.412074178457260132e-02
-1.338630565442144871e-03
3.743534535169601440e-02
-2.853079698979854584e-02
-3.551830723881721497e-02
-2.744028158485889435e-02
6.299215555191040039e-02
3.973626717925071716e-02
-6.242577731609344482e-02
8.087047189474105835e-02
1.137373894453048706e-01
6.951486319303512573e-02
7.766707241535186768e-02
6.775957345962524414e-02
1.498294919729232788e-01
4.905800521373748779e-02
7.154271751642227173e-02
1.361081190407276154e-02
5.085099115967750549e-02
1.319457292556762695e-01
-7.374172657728195190e-02
-1.359544694423675537e-01
-1.630509197711944580e-01
2.983374148607254028e-02
-2.511813305318355560e-02
-1.485138200223445892e-02
-1.872941292822360992e-02
-3.450316563248634338e-02
5.021151737309992313e-04
1.411557942628860474e-02
-4.397530108690261841e-03
-5.638166796416044235e-03
5.181721225380897522e-02
7.442310452461242676e-02
1.402118522673845291e-02
-7.908004336059093475e-03
3.467809408903121948e-03
-9.211064316332340240e-03
-3.536797687411308289e-02
-2.346603944897651672e-02
-7.593565434217453003e-02
-6.029628962278366089e-02
-1.559167285449802876e-03
-3.035856876522302628e-03
-7.537942379713058472e-03
2.381246164441108704e-02
2.088962495326995850e-02
2.711012773215770721e-02
-3.694721311330795288e-02
-4.528107866644859314e-02
-4.166707396507263184e-02
-3.871845826506614685e-02
-2.647577784955501556e-02
-1.034321635961532593e-02
-5.207559838891029358e-02
-4.553828015923500061e-02
-4.432550445199012756e-02
-2.467679232358932495e-02
-2.672073617577552795e-02
-1.556130684912204742e-02
-2.014263533055782318e-02
-2.140612341463565826e-02
2.603764878585934639e-03
3.851253911852836609e-02
2.477879449725151062e-02
3.491097688674926758e-02
-1.977969333529472351e-02
3.806279739364981651e-03
1.311454921960830688e-02
-2.708625979721546173e-02
-2.165932953357696533e-02
-2.943777479231357574e-02
1.259474083781242371e-02
1.902977377176284790e-02
3.464700654149055481e-02
2.005420066416263580e-02
1.125047169625759125e-02
4.290832579135894775e-02
2.551507018506526947e-02
1.467343140393495560e-02
1.285985857248306274e-02
1.440113130956888199e-02
-3.539291210472583771e-03
-1.136715151369571686e-02
1.472249533981084824e-02
9.812840260565280914e-03
7.830588147044181824e-03
-5.686467047780752182e-03
3.166381269693374634e-02
1.431515906006097794e-02
6.056723184883594513e-03
3.682878240942955017e-02
1.555494125932455063e-02
-3.846624866127967834e-02
-8.426101412624120712e-04
-3.175196796655654907e-02
-9.047791361808776855e-03
-6.905675400048494339e-03
-9.050060994923114777e-03
-2.297346945852041245e-03
1.588694984093308449e-03
1.293471432290971279e-03
1.701561361551284790e-02
7.584757171571254730e-03
3.875266388058662415e-02
-1.251420937478542328e-02
2.921145223081111908e-02
-1.745722442865371704e-02
-7.260857149958610535e-03
4.754751548171043396e-02
4.086488857865333557e-03
-2.187143452465534210e-02
2.669940330088138580e-02
-2.216508798301219940e-02
1.088989526033401489e-02
-2.742597367614507675e-03
3.336081048473715782e-03
-4.210928454995155334e-03
-3.470784286037087440e-04
1.315868087112903595e-02
1.262787543237209320e-02
-6.277920212596654892e-03
5.617692600935697556e-03
1.590299420058727264e-02
-3.312817588448524475e-02
-4.131304100155830383e-02
-2.391470037400722504e-02
-6.443863362073898315e-02
-6.344843655824661255e-02
1.628157123923301697e-02
-3.518087044358253479e-02
-5.436897650361061096e-02
-1.760629378259181976e-02
-2.896158210933208466e-02
-3.313750028610229492e-02
-3.604488819837570190e-02
-2.425787784159183502e-02
-1.817639172077178955e-02
-1.771128363907337189e-02
-1.654665544629096985e-02
-2.153119817376136780e-02
7.532524876296520233e-03
-1.187727227807044983e-02
-9.483350440859794617e-03
-1.545263081789016724e-02
-3.716852515935897827e-02
-3.737868368625640869e-02
-1.682846993207931519e-02
-4.066721722483634949e-02
-3.077162802219390869e-02
8.682675659656524658e-03
-3.024997189640998840e-02
1.853932440280914307e-02
2.656064182519912720e-02
-2.580302581191062927e-02
2.573631331324577332e-02
2.417612448334693909e-02
-3.357558324933052063e-02
-4.404628649353981018e-03
-4.665634408593177795e-02
-3.375012427568435669e-02
-1.604722812771797180e-02
-3.997641056776046753e-02
-6.908516585826873779e-02
-6.556359678506851196e-02
-4.070905596017837524e-02
-3.588338941335678101e-02
-2.192182093858718872e-02
1.452599186450242996e-02
2.603041380643844604e-02
2.995057438965886831e-04
7.794832810759544373e-03
1.346119400113821030e-02
-1.030773296952247620e-02
4.485233221203088760e-04
9.054148569703102112e-03
-1.270024664700031281e-02
6.340006832033395767e-03
1.736865751445293427e-02
1.418180391192436218e-02
5.183093622326850891e-02
5.711188912391662598e-02
4.718780890107154846e-02
-5.619644653052091599e-03
1.784908026456832886e-02
2.188535220921039581e-02
9.375720284879207611e-03
-3.383212164044380188e-02
-5.426140129566192627e-02
-2.010081149637699127e-02
-4.528817161917686462e-02
6.682980805635452271e-03
3.158770874142646790e-02
-5.981185007840394974e-03
-3.555190563201904297e-02
-4.863185063004493713e-02
-1.203854009509086609e-01
1.032689586281776428e-01
1.401781439781188965e-01
-8.159658312797546387e-02
2.109569497406482697e-02
-3.706345707178115845e-02
3.948153927922248840e-02
-2.191836200654506683e-02
7.395637035369873047e-02
-1.176561936736106873e-01
-7.199097424745559692e-02
2.047568559646606445e-02
1.198884174227714539e-01
-1.093916073441505432e-01
-1.633572727441787720e-01
-1.167123019695281982e-02
1.169367320835590363e-02
-8.659795671701431274e-02
5.499760806560516357e-02
1.223642602562904358e-01
-8.971324190497398376e-03
-4.115798324346542358e-02
8.694109320640563965e-02
3.196970373392105103e-02
-8.787871152162551880e-02
-6.647438555955886841e-02
1.442916989326477051e-01
4.612555354833602905e-02
-1.972925364971160889e-01
-1.345989853143692017e-01
7.770161330699920654e-02
4.468044266104698181e-02
-2.493233233690261841e-02
-1.892575770616531372e-01
6.894002854824066162e-02
3.172528743743896484e-02
-2.256057783961296082e-02
2.298645302653312683e-02
4.654353018850088120e-03
-1.009555347263813019e-02
-4.063425585627555847e-02
-1.381741464138031006e-02
1.629072614014148712e-02
4.185211379081010818e-03
-1.213542148470878601e-01
6.385523825883865356e-02
-1.375291496515274048e-01
-1.358842104673385620e-01
2.047406136989593506e-02
5.145993083715438843e-02
-2.156252227723598480e-02
-4.522547498345375061e-02
-4.468926042318344116e-02
-3.928071632981300354e-02
1.048936042934656143e-02
2.486998587846755981e-02
-1.772527210414409637e-02
-1.169729139655828476e-02
-1.660574693232774734e-03
1.553279999643564224e-02
-3.261667117476463318e-02
3.005556296557188034e-03
4.263148456811904907e-02
1.471669971942901611e-02
3.750634938478469849e-02
2.906780224293470383e-03
-1.169326249510049820e-03
3.516630455851554871e-02
1.069323811680078506e-02
-2.024047821760177612e-02
-6.080788094550371170e-03
-4.152596741914749146e-02
5.968482699245214462e-03
1.074782162904739380e-01
-1.062741037458181381e-02
-1.085303276777267456e-01
-4.256079345941543579e-02
3.812391310930252075e-02
2.289173007011413574e-02
-6.171358376741409302e-02
5.684035830199718475e-03
-1.291595585644245148e-02
-5.471751838922500610e-02
-4.721834324300289154e-03
-4.906280711293220520e-02
1.413904037326574326e-02
4.139458015561103821e-02
-2.241487801074981689e-02
-5.496379733085632324e-02
4.408819600939750671e-02
3.193303942680358887e-02
-4.081136733293533325e-02
4.099579062312841415e-03
-2.453109715133905411e-03
1.118621230125427246e-02
-4.026760905981063843e-02
-4.063937813043594360e-02
4.928507655858993530e-02
-8.917275071144104004e-02
-5.355069413781166077e-02
1.297038048505783081e-01
1.300802975893020630e-01
-6.504666060209274292e-02
-7.542148232460021973e-02
2.037306688725948334e-02
1.106868162751197815e-01
-2.583869546651840210e-02
-2.879325672984123230e-02
-1.456467062234878540e-01
1.220702007412910461e-01
1.647257804870605469e-01
-8.586036041378974915e-03
-1.551669836044311523e-01
-4.981449618935585022e-02
1.586935073137283325e-01
-1.497680507600307465e-02
-6.291247159242630005e-02
-5.743430927395820618e-02
-1.501408591866493225e-02
1.202037557959556580e-02
1.492180768400430679e-02
3.714358806610107422e-02
2.037671208381652832e-02
6.209408864378929138e-02
6.688722968101501465e-02
-4.797360301017761230e-02
-8.344219624996185303e-02
-5.906474962830543518e-02
-5.509972944855690002e-02
-5.403851345181465149e-02
-6.579679995775222778e-02
5.171227268874645233e-03
5.757767939940094948e-04
-2.897877246141433716e-03
-6.979779340326786041e-03
-8.918794244527816772e-02
-8.156109601259231567e-02
-6.757358461618423462e-02
-3.961736336350440979e-02
-8.781021833419799805e-02
1.189947873353958130e-02
-2.024831250309944153e-02
-1.099533289670944214e-01
9.580468758940696716e-03
-1.430866681039333344e-02
3.449619933962821960e-02
-3.314163535833358765e-02
5.357602983713150024e-02
-7.400615606456995010e-03
-2.472603321075439453e-02
-4.737124592065811157e-02
2.804045379161834717e-02
-1.970800384879112244e-02
2.142086252570152283e-02
-4.473900794982910156e-02
-3.076039254665374756e-02
-7.833530753850936890e-02
4.530082270503044128e-02
4.244985431432723999e-02
7.240600138902664185e-02
-5.784216523170471191e-02
3.367330878973007202e-02
-8.325562812387943268e-03
3.784042596817016602e-02
1.090908888727426529e-02
4.272389784455299377e-02
-9.144638665020465851e-03
6.930323783308267593e-03
-3.160330653190612793e-02
2.131634578108787537e-02
-1.404667347669601440e-01
1.080715209245681763e-01
-6.211591884493827820e-02
6.889823079109191895e-02
-2.426632791757583618e-01
9.058829164132475853e-05
-1.836259514093399048e-01
1.300464421510696411e-01
-4.899280890822410583e-02
-1.756751351058483124e-02
-2.431546337902545929e-02
5.709185265004634857e-03
9.913894347846508026e-03
1.426954753696918488e-02
1.805242337286472321e-02
-7.566861342638731003e-03
-4.163644462823867798e-02
-2.030061185359954834e-02
-8.366060443222522736e-03
-5.350837018340826035e-04
3.758454322814941406e-02
2.005861140787601471e-02
-1.491924561560153961e-02
7.819426245987415314e-03
-3.216331079602241516e-02
-4.071751981973648071e-02
1.473959907889366150e-02
1.157624274492263794e-02
2.492353692650794983e-02
1.893450622446835041e-03
1.528006861917674541e-03
-2.661135047674179077e-03
-1.105418242514133453e-02
-3.796628490090370178e-02
-1.867627166211605072e-02
1.813022419810295105e-02
-4.559200629591941833e-02
-6.175356684252619743e-04
6.416903436183929443e-02
2.584543265402317047e-02
-1.006537955254316330e-02
-4.315248224884271622e-04
-8.168716914951801300e-03
8.389016613364219666e-03
-2.067943336442112923e-03
-4.202118515968322754e-02
1.726823300123214722e-02
4.396190866827964783e-02
4.802286997437477112e-02
7.577683776617050171e-02
-5.873778834939002991e-02
-1.187018901109695435e-01
-8.245002478361129761e-02
1.653977669775485992e-02
-8.761866390705108643e-02
-4.981511086225509644e-02
5.784547887742519379e-03
8.739469945430755615e-02
4.601639136672019958e-02
-3.300296887755393982e-02
-1.458377242088317871e-01
-3.290825337171554565e-02
1.005057059228420258e-02
-2.354323491454124451e-02
-8.140618354082107544e-02
-3.334605693817138672e-02
-6.622776389122009277e-03
-5.087586492300033569e-02
-3.092364221811294556e-02
1.760709448717534542e-03
-1.142694335430860519e-02
-9.073029272258281708e-03
2.384534850716590881e-02
-4.615714401006698608e-02
1.929275691509246826e-02
-9.662929922342300415e-03
6.591749936342239380e-02
-2.422122471034526825e-02
2.097936160862445831e-02
-6.875519454479217529e-02
2.663172781467437744e-02
1.130084469914436340e-01
-5.159284174442291260e-02
-2.480168640613555908e-02
-1.987486332654953003e-01
1.393638104200363159e-01
3.764978051185607910e-02
1.164371818304061890e-01
-1.225064024329185486e-01
-4.652242735028266907e-02
-2.668099105358123779e-02
-2.949903719127178192e-02
4.143485799431800842e-03
3.567964583635330200e-02
3.722948580980300903e-02
1.778376661241054535e-02
3.471822710707783699e-03
-5.239767022430896759e-03
4.939278587698936462e-02
-1.094400137662887573e-02
-1.428889762610197067e-02
-1.725098490715026855e-02
-9.785283356904983521e-03
3.469058126211166382e-02
4.265086725354194641e-03
1.934874989092350006e-02
-1.474508736282587051e-02
-1.802293770015239716e-02
-7.687124609947204590e-02
3.560996055603027344e-02
-1.138118654489517212e-01
-2.657616510987281799e-02
-8.736589225009083748e-04
-1.088877841830253601e-01
-4.747931286692619324e-02
9.456590563058853149e-02
1.280859694816172123e-03
4.035140946507453918e-02
6.917028874158859253e-02
2.452902682125568390e-02
7.554052770137786865e-02
-3.971865028142929077e-02
4.018645733594894409e-02
-2.109655179083347321e-03
-1.467818487435579300e-02
1.707747951149940491e-02
-5.912806466221809387e-02
-2.787150628864765167e-02
-5.137750506401062012e-02
-7.482895307475700974e-05
2.456717379391193390e-02
-8.793471381068229675e-03
1.117541920393705368e-02
3.676488995552062988e-02
4.085449129343032837e-02
7.864411920309066772e-02
1.437971293926239014e-01
1.117802038788795471e-01
5.966594070196151733e-02
-5.302027333527803421e-03
-2.309680567122995853e-04
-1.186582148075103760e-01
-1.249263361096382141e-01
-1.335427016019821167e-01
-1.333320885896682739e-01
-1.573228836059570312e-01
2.057703956961631775e-02
1.936407014727592468e-02
2.520845830440521240e-01
3.788346424698829651e-02
-2.190134860575199127e-02
-2.341086566448211670e-01
-1.404117345809936523e-01
2.426893822848796844e-02
-4.656223207712173462e-02
-4.954157024621963501e-02
-4.797450453042984009e-02
-1.315914443694055080e-03
2.206994220614433289e-02
-1.137013314291834831e-03
6.300074607133865356e-02
6.771652400493621826e-02
-4.464179649949073792e-02
-1.482860092073678970e-02
8.997587137855589390e-04
-1.653677225112915039e-02
6.801972165703773499e-03
-5.127428099513053894e-02
-6.909746676683425903e-03
1.096745207905769348e-02
3.918294608592987061e-02
-6.676133722066879272e-02
1.449930481612682343e-03
6.342028733342885971e-03
2.121196873486042023e-02
7.801494747400283813e-02
4.321250692009925842e-02
-1.383380591869354248e-02
-4.832862876355648041e-03
-2.408375963568687439e-02
-8.756519109010696411e-02
-8.575533330440521240e-02
-7.106665521860122681e-02
-8.598340675234794617e-03
4.142522066831588745e-02
8.715546876192092896e-02
9.214397519826889038e-02
4.241341352462768555e-02
-1.675206050276756287e-02
-2.066706679761409760e-02
-3.483298048377037048e-02
-6.614900380373001099e-02
3.992670401930809021e-02
2.739681117236614227e-02
9.411927312612533569e-02
2.718193829059600830e-02
5.310558900237083435e-02
1.514624152332544327e-02
1.133842915296554565e-01
4.550487920641899109e-02
-9.393800795078277588e-02
-1.069851815700531006e-01
-1.044152379035949707e-01
-3.393191471695899963e-02
1.046804897487163544e-02
9.263896942138671875e-02
-1.310965325683355331e-02
-2.958160638809204102e-02
1.159064099192619324e-02
4.175411164760589600e-02
4.122805222868919373e-02
1.011438965797424316e-01
3.473201766610145569e-02
-4.767302051186561584e-02
-4.986989870667457581e-02
-7.193446904420852661e-02
-1.615002378821372986e-02
-3.645276650786399841e-02
2.576149255037307739e-02
8.404496125876903534e-03
1.103483047336339951e-02
6.645635515451431274e-02
-9.054174646735191345e-03
-5.796862766146659851e-03
-9.643691591918468475e-03
6.972405314445495605e-02
1.930372565984725952e-01
7.823030464351177216e-03
-6.729544606059789658e-03
-1.597245484590530396e-01
-1.603974401950836182e-01
2.848143631126731634e-04
5.949019268155097961e-02
1.356451809406280518e-01
6.923344917595386505e-03
-6.965155154466629028e-02
-3.204972296953201294e-02
-4.164650663733482361e-02
-7.993481308221817017e-02
8.839648216962814331e-03
6.956859678030014038e-02
8.278056979179382324e-02
1.184102818369865417e-01
-1.465540751814842224e-02
6.121044978499412537e-02
3.129260987043380737e-02
-1.455270312726497650e-02
-1.020433008670806885e-02
-6.193752586841583252e-02
-7.098940759897232056e-02
-6.265392154455184937e-02
-5.044527817517518997e-03
-8.704414963722229004e-02
-3.830867633223533630e-02
-7.790084928274154663e-02
-9.308609180152416229e-03
7.835830003023147583e-02
-2.345713600516319275e-02
5.370146781206130981e-02
-4.070866387337446213e-03
-8.575645089149475098e-02
-8.443272113800048828e-02
1.912724226713180542e-02
-2.376811206340789795e-02
-1.317318622022867203e-02
1.109755709767341614e-01
-2.644318901002407074e-02
5.078342184424400330e-02
-4.743287339806556702e-03
-7.447451353073120117e-02
4.068934172391891479e-02
1.023242473602294922e-01
7.794085890054702759e-03
8.977492898702621460e-02
3.048882447183132172e-02
-1.518402807414531708e-02
2.986881323158740997e-02
-9.953099489212036133e-02
-8.242043107748031616e-02
-6.574991345405578613e-02
1.073834672570228577e-02
4.568372294306755066e-02
-4.488745704293251038e-02
6.294229626655578613e-02
3.287837654352188110e-02
4.546547308564186096e-02
1.065976694226264954e-01
4.272194206714630127e-02
7.982406020164489746e-02
1.047030650079250336e-02
-7.974324375391006470e-02
2.870495803654193878e-02
-3.703356161713600159e-02
2.007552981376647949e-02
-4.528664052486419678e-02
1.794440113008022308e-02
1.296966671943664551e-01
2.545050717890262604e-02
1.059166714549064636e-01
3.240558132529258728e-02
6.629729270935058594e-02
4.329543560743331909e-02
-6.872861832380294800e-02
4.108026623725891113e-02
-5.654058977961540222e-02
-5.310114473104476929e-02
-5.119469016790390015e-02
-4.609740898013114929e-02
4.855184815824031830e-03
-5.498725548386573792e-02
-5.182907357811927795e-02
5.830287188291549683e-02
-2.786202542483806610e-02
-4.384498298168182373e-02
8.010568097233772278e-03
-3.500089794397354126e-02
4.105713684111833572e-03
3.825008496642112732e-02
-1.464583911001682281e-02
2.578260377049446106e-02
2.993421815335750580e-02
-1.337010040879249573e-02
2.597827278077602386e-02
7.971355691552162170e-03
6.612249463796615601e-02
-5.097639560699462891e-02
1.578386127948760986e-02
-2.037685923278331757e-02
-9.237536042928695679e-02
6.174286827445030212e-03
-2.691723639145493507e-03
3.255562158301472664e-03
3.212313354015350342e-02
7.498320937156677246e-02
1.304240524768829346e-01
3.000841103494167328e-02
1.558221280574798584e-01
9.273070096969604492e-02
-1.305261701345443726e-01
-8.664806373417377472e-03
-1.475725173950195312e-01
-2.153470218181610107e-01
-8.252558112144470215e-02
3.715363144874572754e-02
2.854457357898354530e-03
6.145161017775535583e-02
1.289210915565490723e-01
-4.525833576917648315e-02
5.023500695824623108e-02
-6.551839411258697510e-02
-7.287885248661041260e-02
2.098731696605682373e-02
-2.090647816658020020e-02
-1.755975000560283661e-02
2.857729978859424591e-02
-1.044270582497119904e-02
7.705525960773229599e-03
-1.823529601097106934e-02
-3.490725904703140259e-02
-1.155811641365289688e-02
-3.987695276737213135e-02
2.530721761286258698e-02
3.313402831554412842e-02
-2.579893730580806732e-02
5.576610192656517029e-02
-6.388001888990402222e-02
6.136137247085571289e-02
-1.472008507698774338e-02
-4.891506955027580261e-02
-1.474577188491821289e-01
-6.163489446043968201e-02
1.321812905371189117e-02
-2.721061557531356812e-02
1.310800611972808838e-01
1.059857606887817383e-01
6.645732372999191284e-02
7.019764930009841919e-02
-8.874959498643875122e-02
-1.432026624679565430e-01
4.576507210731506348e-02
3.463482111692428589e-02
2.016545832157135010e-02
7.540125399827957153e-02
1.324636023491621017e-02
-1.428193971514701843e-02
-8.119900524616241455e-02
-4.641916602849960327e-02
7.460502535104751587e-02
-1.724473759531974792e-02
-3.744605928659439087e-02
4.413574468344449997e-03
-2.759842574596405029e-02
-2.507044747471809387e-02
-4.767634719610214233e-02
-2.287355065345764160e-02
6.578419124707579613e-04
