-5.146905314177274704e-03
1.245635002851486206e-02
-2.881634607911109924e-02
-5.191792175173759460e-02
-5.484265089035034180e-02
-4.213812574744224548e-02
-5.869634822010993958e-02
-8.988062292337417603e-02
-8.379618078470230103e-02
-4.728408384835347533e-05
-1.965627889148890972e-04
-6.433171802200376987e-04
1.477960031479597092e-04
-2.060997940134257078e-05
-4.595424397848546505e-04
7.262910366989672184e-05
-3.818824770860373974e-04
-7.888986729085445404e-04
4.902087152004241943e-03
9.968860447406768799e-02
-1.066951155662536621e-01
-2.636289037764072418e-02
9.506724029779434204e-02
-4.309866577386856079e-02
-3.888083249330520630e-02
6.678419560194015503e-02
6.590261589735746384e-03
-6.515198945999145508e-02
-5.798832327127456665e-02
-2.626166678965091705e-02
2.682875841856002808e-02
9.814234450459480286e-03
-3.141804039478302002e-02
9.040714241564273834e-03
2.065233327448368073e-02
-3.490768373012542725e-02
-1.204233337193727493e-02
-5.873480811715126038e-02
6.239567697048187256e-02
2.691311948001384735e-02
-1.235478371381759644e-01
7.350822538137435913e-02
2.163913846015930176e-02
9.662603586912155151e-02
3.367007151246070862e-02
6.095689535140991211e-02
6.782086938619613647e-02
-7.004915177822113037e-02
3.955693542957305908e-02
2.524888701736927032e-02
-1.423869561403989792e-02
-4.977657645940780640e-02
-4.819846525788307190e-02
-2.704397588968276978e-02
-8.049140870571136475e-02
-1.146028712391853333e-01
-8.817640691995620728e-02
-9.042254835367202759e-02
-1.287694275379180908e-01
-8.891192823648452759e-02
-7.784789800643920898e-02
-6.901595741510391235e-02
-5.292712152004241943e-02
2.929518558084964752e-02
5.481101945042610168e-02
8.530471473932266235e-02
3.559747338294982910e-02
4.582404345273971558e-02
7.080561667680740356e-02
-1.599326357245445251e-02
-1.337985228747129440e-02
2.731956541538238525e-03
2.490926417522132397e-04
-3.407382173463702202e-03
5.986354872584342957e-02
4.204152897000312805e-02
6.794508546590805054e-02
-7.489420473575592041e-02
5.623761937022209167e-02
4.600242152810096741e-02
-6.280754506587982178e-02
6.407820433378219604e-02
-5.532101541757583618e-02
-6.139035522937774658e-02
7.202246785163879395e-02
-7.506130635738372803e-02
-5.380791425704956055e-02
2.158899977803230286e-02
-1.902619749307632446e-02
-8.036120980978012085e-02
5.790878276457078755e-06
1.110573975893203169e-05
-2.972592710648314096e-06
1.973817234102170914e-05
-6.024955837347079068e-06
1.169740153272869065e-05
-2.639907734192092903e-06
-5.901313215872505680e-06
-5.214632437855470926e-06
-5.884578078985214233e-02
-1.001321300864219666e-01
-4.060022905468940735e-02
-5.734501779079437256e-02
-9.617206454277038574e-02
1.037794258445501328e-02
3.141082357615232468e-03
-5.476959794759750366e-02
1.438253652304410934e-02
1.151630133390426636e-01
9.031269699335098267e-02
-3.232867643237113953e-02
1.552307754755020142e-01
1.289786696434020996e-01
-5.441681947559118271e-03
-2.301983721554279327e-02
-8.432783931493759155e-02
-5.151117965579032898e-02
-6.205961480736732483e-02
2.682523056864738464e-02
1.025262661278247833e-02
-5.854607746005058289e-02
6.522395461797714233e-02
8.791187405586242676e-02
-5.222535505890846252e-02
-1.580954343080520630e-02
2.568903192877769470e-02
2.198640443384647369e-02
4.189191386103630066e-02
2.809998951852321625e-02
-7.820445299148559570e-02
-4.252884536981582642e-02
-3.374044550582766533e-03
-8.470687270164489746e-02
-5.533722415566444397e-02
-1.309137139469385147e-02
1.889009587466716766e-02
-2.092458121478557587e-02
-4.814019054174423218e-02
8.887154608964920044e-02
2.790458966046571732e-03
-4.317935928702354431e-02
1.313317101448774338e-02
-8.742041885852813721e-02
1.334416796453297138e-03
-3.362945839762687683e-02
-2.752193249762058258e-02
-1.701034232974052429e-02
2.746103098616003990e-03
6.352732307277619839e-04
3.998520318418741226e-03
-1.052101049572229385e-02
-1.277369633316993713e-02
-1.319749932736158371e-02
3.997405583504587412e-04
3.345223667565733194e-04
4.336367128416895866e-04
2.441989199724048376e-04
2.138693525921553373e-04
2.895864017773419619e-04
1.367144868709146976e-04
1.154918354586698115e-04
1.552901376271620393e-04
-4.446633532643318176e-02
-2.273252792656421661e-02
4.461458884179592133e-03
-1.287025213241577148e-02
-9.262010455131530762e-03
1.849559717811644077e-03
1.480631064623594284e-02
2.503206394612789154e-02
3.006886318325996399e-02
-1.361629366874694824e-02
2.185422554612159729e-02
1.126464083790779114e-02
1.782943308353424072e-02
5.418211594223976135e-02
5.785249173641204834e-02
2.657508850097656250e-02
4.465762153267860413e-02
4.980427399277687073e-02
-3.322356194257736206e-02
-1.471111085265874863e-02
-1.815823093056678772e-02
-7.812690734863281250e-02
-6.759690586477518082e-03
-2.767832763493061066e-02
-7.483228109776973724e-03
8.004355430603027344e-02
7.650167495012283325e-02
1.504758000373840332e-02
6.244837306439876556e-03
4.153244197368621826e-03
1.837218739092350006e-02
5.340759642422199249e-03
-1.745951245538890362e-03
-1.277039479464292526e-02
-3.328183665871620178e-02
-3.027222119271755219e-02
2.694790251553058624e-02
9.106715768575668335e-02
7.418523728847503662e-02
1.231477595865726471e-02
8.419163525104522705e-02
4.746423661708831787e-02
-1.609217375516891479e-02
5.375495553016662598e-02
-8.947353926487267017e-04
5.697291716933250427e-02
9.473056346178054810e-02
9.128165245056152344e-02
4.211265966296195984e-02
8.807703852653503418e-02
8.545698225498199463e-02
-2.042157948017120361e-02
2.473409287631511688e-02
2.806278876960277557e-02
-8.468831889331340790e-03
-4.357856884598731995e-02
-3.498445078730583191e-02
4.873441904783248901e-02
4.436643328517675400e-03
2.821911685168743134e-02
9.785325080156326294e-02
7.588703185319900513e-02
9.020875394344329834e-02
-2.494491636753082275e-02
-2.241757698357105255e-02
-2.985736541450023651e-02
-3.998695313930511475e-02
-2.979833818972110748e-02
-1.289068907499313354e-02
-5.292937904596328735e-02
-3.672767803072929382e-02
-3.249526023864746094e-03
-9.129077625402715057e-06
1.606728437764104456e-05
2.068977482849732041e-05
8.269116733572445810e-06
1.400898236170178279e-05
3.946819197153672576e-05
-6.524632226501125842e-06
2.445519749016966671e-05
1.834655267884954810e-05
-3.660356393083930016e-03
-2.127109467983245850e-02
-1.484530139714479446e-02
-1.107748411595821381e-02
-1.339513249695301056e-02
-8.649557828903198242e-03
2.831657044589519501e-02
3.825913369655609131e-02
5.017018318176269531e-02
3.306668624281883240e-02
3.508057817816734314e-02
5.222589150071144104e-02
5.138351395726203918e-02
4.266527295112609863e-02
4.923478886485099792e-02
1.646528765559196472e-02
4.364718683063983917e-03
2.311045676469802856e-02
-4.143518954515457153e-02
-2.958047576248645782e-02
3.338252427056431770e-03
6.034429534338414669e-04
-1.438633166253566742e-02
-7.887979154475033283e-04
9.623109363019466400e-03
1.629790640436112881e-03
-1.046785339713096619e-02
6.869295984506607056e-02
7.386170327663421631e-02
8.770406246185302734e-02
5.632758885622024536e-02
7.826879620552062988e-02
9.541901201009750366e-02
3.889772668480873108e-02
6.620840728282928467e-02
8.700930327177047729e-02
4.658993333578109741e-03
4.465331789106130600e-03
1.452982984483242035e-02
2.169908583164215088e-02
1.071733981370925903e-02
1.624210923910140991e-02
-1.944560557603836060e-02
-3.149168938398361206e-02
-1.961993984878063202e-02
1.401829998940229416e-02
2.544948272407054901e-02
1.083009690046310425e-02
-1.527097914367914200e-02
-5.810639122501015663e-04
1.543173287063837051e-02
-5.033521354198455811e-02
-7.310944050550460815e-02
-5.725217610597610474e-02
-1.707124756649136543e-03
-1.480642589740455151e-03
-8.289242978207767010e-04
-1.660169917158782482e-03
-7.207986782304942608e-04
1.312124077230691910e-04
-8.054501959122717381e-04
3.646103432402014732e-04
5.039498209953308105e-04
6.521530449390411377e-02
1.051302552223205566e-01
-2.587645500898361206e-02
4.212091863155364990e-02
9.413655102252960205e-02
-7.931135594844818115e-02
1.755563542246818542e-02
-2.606632933020591736e-02
-5.540990456938743591e-02
4.314475227147340775e-03
1.108799781650304794e-02
1.043232157826423645e-02
4.171917587518692017e-02
7.987582683563232422e-02
5.518345907330513000e-02
-1.059086397290229797e-01
-6.346759945154190063e-02
-6.751268357038497925e-02
-2.150508575141429901e-02
1.634419560432434082e-01
-5.163661763072013855e-02
1.958883553743362427e-01
-9.929460287094116211e-02
-1.292563825845718384e-01
9.568372368812561035e-02
5.412429571151733398e-02
-1.336904317140579224e-01
-2.123409062623977661e-01
-1.920112669467926025e-01
-1.437751650810241699e-01
-1.680523604154586792e-01
-7.975251972675323486e-02
1.749612577259540558e-02
2.598139271140098572e-02
9.827560186386108398e-02
2.161670178174972534e-01
5.026526749134063721e-03
-2.305954508483409882e-02
-1.090414673089981079e-01
2.036179788410663605e-02
-8.314882963895797729e-02
-1.041079238057136536e-01
4.908297955989837646e-02
3.763054311275482178e-02
5.558903887867927551e-02
2.073569782078266144e-02
5.967079848051071167e-02
2.021409757435321808e-02
1.199676655232906342e-02
7.704526931047439575e-02
3.582246601581573486e-02
-6.845293939113616943e-02
-6.708825379610061646e-02
-1.132933348417282104e-01
-1.070063933730125427e-01
-3.342040181159973145e-01
-4.137869551777839661e-02
-8.908571302890777588e-02
-1.241912543773651123e-01
6.809884309768676758e-02
7.850082963705062866e-02
2.954004406929016113e-01
3.032594919204711914e-01
-2.251209504902362823e-02
2.859383448958396912e-02
5.052425339818000793e-02
-1.485814340412616730e-02
2.720208466053009033e-02
-2.285845018923282623e-02
-7.157883793115615845e-02
-2.656174078583717346e-02
-6.077415868639945984e-02
-3.168051262036897242e-05
-3.887453931383788586e-05
-4.935317338095046580e-05
-2.064973159576766193e-05
-3.068085788981989026e-05
-2.935177690233103931e-05
-2.325964487681630999e-05
-2.498713547538500279e-05
-3.952910901716677472e-06
-4.517965763807296753e-02
-1.709892414510250092e-02
-1.631337963044643402e-02
-4.485690221190452576e-02
-9.594497829675674438e-02
-8.592496067285537720e-02
-1.011922396719455719e-02
-2.878006733953952789e-02
-2.520946972072124481e-02
3.288896009325981140e-02
-8.357948064804077148e-02
-3.905718773603439331e-02
-6.620302051305770874e-02
-1.327516436576843262e-01
-3.296340256929397583e-02
2.436375990509986877e-02
4.281825199723243713e-02
1.372983455657958984e-01
-2.164165489375591278e-03
4.006416723132133484e-02
1.237517688423395157e-02
-4.648042097687721252e-02
-9.957997826859354973e-04
2.367036789655685425e-02
-4.022942483425140381e-02
-1.843698136508464813e-02
-9.800189174711704254e-03
-3.711612895131111145e-02
9.058699011802673340e-02
2.131020836532115936e-02
-3.727372363209724426e-02
6.244505196809768677e-02
-3.323958814144134521e-02
-1.086163148283958435e-01
-1.508429199457168579e-01
-1.966927498579025269e-01
8.811591565608978271e-02
-3.645653277635574341e-02
-4.555985331535339355e-02
-4.972258582711219788e-02
-1.940185427665710449e-01
-1.539832502603530884e-01
3.305978700518608093e-02
1.031213719397783279e-02
7.217807322740554810e-02
-2.288952283561229706e-02
-3.147580102086067200e-02
-7.394351530820131302e-03
-4.369150847196578979e-03
-1.847194507718086243e-02
1.638091541826725006e-02
3.587485477328300476e-02
2.785402350127696991e-02
1.076099835336208344e-02
5.098581896163523197e-04
6.007277988828718662e-04
-2.592370146885514259e-04
4.004264701507054269e-05
4.469125997275114059e-04
1.463689045522187371e-06
-3.046393394470214844e-04
1.771984534570947289e-04
-2.650450733199249953e-05
-5.982393398880958557e-02
9.174163639545440674e-02
1.638304814696311951e-02
-6.758689880371093750e-02
1.128555089235305786e-01
-1.027974020689725876e-02
-1.279371418058872223e-02
4.289074614644050598e-02
3.958513960242271423e-02
7.231043651700019836e-03
-6.801639497280120850e-02
-2.171200141310691833e-02
1.111451815813779831e-02
-3.910006489604711533e-03
4.568502306938171387e-02
1.316572539508342743e-02
-3.647366911172866821e-02
-3.162608668208122253e-02
1.275622751563787460e-02
-1.844587177038192749e-02
2.615563757717609406e-02
1.493564844131469727e-01
-1.224460527300834656e-01
1.921796356327831745e-03
-3.121145069599151611e-03
-6.273918598890304565e-02
-3.826459869742393494e-02
1.608591340482234955e-02
4.958837851881980896e-02
-9.974313899874687195e-03
3.519933670759201050e-02
5.023913830518722534e-02
-1.792684197425842285e-02
4.435741528868675232e-02
3.404994681477546692e-02
7.337252609431743622e-04
-1.029303148388862610e-01
-8.885695785284042358e-02
5.827798973768949509e-03
-9.107222408056259155e-02
-9.207552671432495117e-02
3.277475014328956604e-02
-8.221351541578769684e-03
3.468676283955574036e-02
1.177217662334442139e-01
-1.237448863685131073e-02
-8.558095432817935944e-03
6.579176336526870728e-02
-4.982049576938152313e-03
2.565050683915615082e-02
1.124573349952697754e-01
5.263544619083404541e-02
7.675469666719436646e-02
1.155755072832107544e-01
1.344957798719406128e-01
4.191744700074195862e-02
-4.484242200851440430e-02
6.254477798938751221e-02
-1.310141757130622864e-02
-8.704060316085815430e-02
-1.535824593156576157e-02
-4.744086982100270689e-05
-4.850811511278152466e-02
-2.060915715992450714e-02
-2.755041606724262238e-02
-5.562733486294746399e-02
3.984357044100761414e-02
1.028622779995203018e-02
-2.831221558153629303e-02
3.992137685418128967e-02
-9.729214012622833252e-03
-2.437844127416610718e-02
2.647561996127478778e-05
-1.209514994116034359e-05
-1.906230136228259653e-05
2.070326445391401649e-05
-8.153641829267144203e-06
-1.879482078948058188e-05
2.461563417455181479e-05
-2.028871494985651225e-05
1.504766714788274840e-05
7.379613071680068970e-02
-2.348619978874921799e-03
-3.022458590567111969e-02
1.072332486510276794e-01
-4.945974797010421753e-02
-5.659269541501998901e-02
6.717298179864883423e-02
-6.611944735050201416e-02
-5.385822057723999023e-02
3.397095575928688049e-02
-2.461658092215657234e-03
-1.149807777255773544e-02
5.434636492282152176e-03
2.263115951791405678e-03
-2.794701792299747467e-02
2.991291880607604980e-02
-9.006975218653678894e-03
-4.633896052837371826e-02
-9.726415574550628662e-02
-9.982685744762420654e-02
-8.052198588848114014e-02
-1.778433024883270264e-01
-1.080639958381652832e-01
-1.853977516293525696e-02
-1.582708805799484253e-01
-8.001827448606491089e-02
1.100173220038414001e-02
-3.502957895398139954e-02
-4.468191415071487427e-02
-3.100221417844295502e-02
-2.771043404936790466e-02
-3.854468464851379395e-02
-3.284972161054611206e-02
2.400570176541805267e-02
-1.683321781456470490e-03
-2.407355466857552528e-03
2.845711074769496918e-02
-3.173197060823440552e-02
-1.623821677640080452e-03
-2.471517212688922882e-02
-7.788507640361785889e-02
-5.671094357967376709e-02
-2.723242528736591339e-02
-9.076250344514846802e-02
-7.190787047147750854e-02
-2.097786590456962585e-02
-2.788558974862098694e-02
4.160557873547077179e-03
1.618286967277526855e-02
-1.203201990574598312e-02
-2.996718883514404297e-02
4.236862435936927795e-02
2.147814026102423668e-03
-1.636111736297607422e-02
5.407601565821096301e-05
1.211230555782094598e-04
1.547761785332113504e-04
-5.580022116191685200e-04
6.909912190167233348e-05
9.245731635019183159e-04
-5.501495907083153725e-04
-7.519805512856692076e-05
1.622903509996831417e-03
-8.232104778289794922e-02
-7.125027477741241455e-02
1.731815189123153687e-01
-1.160201355814933777e-01
-5.287217348814010620e-02
3.825968131422996521e-02
-2.920590154826641083e-02
-3.588062152266502380e-02
-1.067584827542304993e-01
1.087473519146442413e-02
-5.201181024312973022e-02
-8.403260260820388794e-02
-6.155876442790031433e-03
-5.665928870439529419e-02
-2.213576808571815491e-02
1.928735151886940002e-02
1.298812124878168106e-02
-3.293758258223533630e-02
-6.511943787336349487e-02
-4.798912629485130310e-02
1.577891260385513306e-01
2.107507461914792657e-04
2.539926767349243164e-02
-1.196167990565299988e-01
2.768860943615436554e-02
-1.916067898273468018e-01
1.128070130944252014e-01
-1.988129317760467529e-02
-6.885828450322151184e-03
-7.238438818603754044e-03
-7.485830038785934448e-02
4.137818515300750732e-02
-7.711778394877910614e-03
-5.824326351284980774e-02
-5.096188746392726898e-03
-6.726857274770736694e-02
1.246334984898567200e-01
-8.223087340593338013e-02
-3.121961951255798340e-01
2.506884038448333740e-01
-2.168740890920162201e-02
-3.170977234840393066e-01
2.040697187185287476e-01
-3.170931478962302208e-03
-1.115570962429046631e-01
6.958101689815521240e-02
-1.324314624071121216e-01
-2.088973224163055420e-01
6.423215568065643311e-02
-8.806639909744262695e-02
-1.561347097158432007e-01
1.673734039068222046e-01
1.245269477367401123e-01
5.325999110937118530e-02
-2.628973918035626411e-03
2.150643914937973022e-01
8.676094561815261841e-02
-1.346330046653747559e-01
-5.735635384917259216e-02
1.063112393021583557e-01
-2.333151698112487793e-01
-1.845524758100509644e-01
1.439517363905906677e-02
8.375471457839012146e-03
-8.877638727426528931e-02
-5.650775507092475891e-03
-2.673697017598897219e-04
-4.267354309558868408e-02
-2.224867045879364014e-02
4.539358243346214294e-02
-1.411533635109663010e-02
-5.713227204978466034e-03
2.409449552942533046e-05
-7.899823685875162482e-06
-2.143344499927479774e-05
2.395805495325475931e-05
-1.883186996565200388e-05
8.585413979744771495e-07
1.241588870470877737e-05
-2.095808849844615906e-05
1.561782119097188115e-05
-5.937948077917098999e-02
8.849231153726577759e-02
1.052066162228584290e-01
-8.466423302888870239e-02
-3.654230758547782898e-02
5.086153373122215271e-02
-1.785106807947158813e-01
-1.022104918956756592e-01
4.347241669893264771e-02
-3.558662161231040955e-02
-7.836557924747467041e-02
-6.176417693495750427e-02
-1.072875633835792542e-01
-3.410731256008148193e-02
-2.311589382588863373e-02
2.388017624616622925e-02
7.018192112445831299e-02
-5.573106557130813599e-02
7.028393447399139404e-02
-4.068285599350929260e-02
-2.100564725697040558e-02
-6.889308989048004150e-02
-1.132477670907974243e-01
-2.499890327453613281e-02
-9.255650453269481659e-03
-2.765947021543979645e-02
4.878984764218330383e-02
-3.529916703701019287e-02
-8.082938194274902344e-02
-7.190182805061340332e-02
2.836625464260578156e-02
-8.992541581392288208e-02
-1.352170258760452271e-01
6.562045961618423462e-02
5.193042755126953125e-02
-3.698645392432808876e-03
4.422712326049804688e-02
-3.171500563621520996e-02
-5.956095084547996521e-02
-2.285047899931669235e-03
-3.976693004369735718e-02
-2.951746806502342224e-02
7.330865412950515747e-02
4.650335758924484253e-02
-5.704296380281448364e-02
1.761665940284729004e-02
4.746624082326889038e-02
2.903318777680397034e-02
-4.156466200947761536e-02
-3.780715167522430420e-02
-1.532109361141920090e-02
-2.642968669533729553e-02
-4.597382247447967529e-02
-1.251334324479103088e-02
1.251737703569233418e-03
4.029829578939825296e-04
-7.220537518151104450e-04
6.249213474802672863e-04
5.095862434245646000e-04
-6.084977067075669765e-04
-5.675768625224009156e-05
6.651270668953657150e-04
-4.390645335661247373e-05
-7.089110463857650757e-02
-5.731829628348350525e-02
6.544595956802368164e-02
1.941003464162349701e-02
-1.270249038934707642e-01
-1.057355199009180069e-02
5.284690111875534058e-02
-9.910284727811813354e-02
-4.676421359181404114e-02
-2.380313817411661148e-03
-2.293950878083705902e-02
4.426781833171844482e-02
-1.308835111558437347e-02
2.282609045505523682e-02
3.496488556265830994e-02
-4.128171503543853760e-02
-5.098892003297805786e-02
-7.703931536525487900e-03
5.877406895160675049e-02
-8.931864053010940552e-02
4.794648662209510803e-02
-3.832781221717596054e-04
-1.157288849353790283e-01
-3.724021837115287781e-03
-3.121088258922100067e-02
6.264177709817886353e-02
2.845922484993934631e-03
-5.945623666048049927e-02
-1.561678107827901840e-02
-7.066444307565689087e-02
-8.332381956279277802e-03
-2.348895743489265442e-02
-6.553650647401809692e-02
1.852608658373355865e-02
-3.249894827604293823e-02
-4.778198897838592529e-02
-1.119465231895446777e-01
8.816350251436233521e-02
2.955537140369415283e-01
-3.276860117912292480e-01
-1.047917231917381287e-01
1.877551823854446411e-01
-2.621617019176483154e-01
-7.631499320268630981e-02
8.938083797693252563e-02
-9.440907835960388184e-02
-1.209870874881744385e-01
-3.842592239379882812e-02
-9.038733690977096558e-02
-4.471576958894729614e-02
1.608247868716716766e-02
2.318880334496498108e-02
3.286481648683547974e-02
1.989093609154224396e-02
3.372982516884803772e-02
7.636524736881256104e-02
-5.004763975739479065e-02
-5.358660221099853516e-02
-1.677670031785964966e-01
-1.875522434711456299e-01
1.141886264085769653e-01
-5.065487325191497803e-02
-4.234651848673820496e-02
-1.922803744673728943e-02
2.981740236282348633e-02
-5.688783153891563416e-02
-1.657729782164096832e-02
2.339430153369903564e-03
-6.566733121871948242e-02
-7.496219873428344727e-02
-3.068636916577816010e-02
-8.623949252068996429e-03
9.630450222175568342e-06
5.579670869337860495e-06
1.239959237864241004e-05
-1.046632678480818868e-05
-4.185965735814534128e-06
3.121116242255084217e-05
-2.380924706812947989e-05
9.002865795082470868e-07
1.982422509172465652e-05
1.346328482031822205e-02
-7.906721532344818115e-02
-4.988422617316246033e-02
-3.479178296402096748e-03
-7.056831568479537964e-02
-4.983884468674659729e-02
5.770634859800338745e-02
3.128781169652938843e-02
4.335802979767322540e-03
-4.894605278968811035e-02
-5.059808026999235153e-03
-1.041017770767211914e-01
-1.811993122100830078e-02
-1.996096409857273102e-02
-1.022331491112709045e-01
1.709931902587413788e-02
-6.333280354738235474e-02
-2.393209189176559448e-02
-4.422889649868011475e-02
-1.205690484493970871e-02
1.472803018987178802e-02
-2.921070903539657593e-02
-1.237242482602596283e-02
2.770539559423923492e-02
1.226779911667108536e-02
-8.774327114224433899e-03
1.376737747341394424e-02
-3.196446597576141357e-02
-1.220113411545753479e-01
-1.311748921871185303e-01
-4.546740278601646423e-02
-9.171804040670394897e-02
-5.278387665748596191e-02
3.744177147746086121e-02
6.518319994211196899e-02
8.674016594886779785e-02
5.593429505825042725e-02
8.154557645320892334e-02
9.428671002388000488e-02
-3.732245042920112610e-02
4.542197287082672119e-02
8.333394676446914673e-02
-9.155031293630599976e-02
-5.554111301898956299e-02
9.597402065992355347e-02
-1.246615052223205566e-01
-1.465822756290435791e-01
1.857989700511097908e-03
1.222738623619079590e-01
1.246726661920547485e-01
1.725618690252304077e-01
-1.739416643977165222e-02
5.107279866933822632e-02
-1.337531022727489471e-02
-6.221035728231072426e-04
2.803126350045204163e-03
6.663846434094011784e-04
-2.447435981594026089e-04
2.440138952806591988e-03
3.076995199080556631e-04
-1.220879959873855114e-03
1.777595141902565956e-03
4.925937391817569733e-04
-9.144841134548187256e-02
3.992145508527755737e-02
-3.325001895427703857e-02
-3.649900853633880615e-02
4.682888835668563843e-02
-1.410827487707138062e-01
3.776565194129943848e-02
2.492567300796508789e-01
-1.069426015019416809e-01
-5.402588844299316406e-02
1.681510359048843384e-02
-8.397518098354339600e-02
1.415059566497802734e-01
1.247458234429359436e-01
1.568829417228698730e-01
-4.779852926731109619e-02
-1.128277704119682312e-01
3.614135459065437317e-02
1.446731239557266235e-01
1.024082377552986145e-01
3.905126452445983887e-02
-1.316950768232345581e-01
-1.397712230682373047e-01
-6.548760831356048584e-02
8.083423972129821777e-02
-5.208425223827362061e-02
1.652331352233886719e-01
-9.143926203250885010e-02
8.273563534021377563e-02
-1.638563908636569977e-02
1.441557332873344421e-02
1.477895379066467285e-01
2.532544545829296112e-03
-1.230267360806465149e-01
6.366971880197525024e-02
-2.047976553440093994e-01
8.523037284612655640e-02
-6.949878484010696411e-02
4.549640417098999023e-02
1.758205331861972809e-02
-2.058845013380050659e-02
5.564270913600921631e-02
-3.739218786358833313e-02
-5.462442338466644287e-02
3.468186780810356140e-02
-1.090125530026853085e-03
3.872966393828392029e-02
-3.889416158199310303e-02
4.891280084848403931e-02
7.431352883577346802e-02
5.181029811501502991e-02
-1.037565171718597412e-01
-3.768289089202880859e-02
-1.108523923903703690e-02
-1.445095241069793701e-01
-6.527497619390487671e-02
-1.537066847085952759e-01
-3.004472889006137848e-02
9.268864244222640991e-02
7.379031926393508911e-02
6.022373586893081665e-02
7.571258395910263062e-02
1.057823598384857178e-01
1.424615550786256790e-02
2.078929841518402100e-01
-6.717012077569961548e-02
-7.594420015811920166e-02
1.518595665693283081e-01
3.157987073063850403e-02
-2.969686640426516533e-03
5.341552942991256714e-02
-7.494429498910903931e-02
-9.205035894410684705e-06
-4.709513450507074594e-05
8.910665201256051660e-05
4.184231511317193508e-05
9.209372365148738027e-06
2.353574200242292136e-05
1.537749631097540259e-05
-3.070562888751737773e-05
7.758483116049319506e-05
5.476260930299758911e-02
5.955720692873001099e-02
4.538392648100852966e-02
1.145185902714729309e-01
1.865692436695098877e-01
8.111952245235443115e-02
4.796898737549781799e-02
1.302473098039627075e-01
2.697775140404701233e-02
-4.720563068985939026e-02
4.224460124969482422e-01
-6.963482499122619629e-02
3.299679756164550781e-01
4.704777300357818604e-01
3.372420072555541992e-01
4.108363762497901917e-02
3.950767517089843750e-01
-4.078445956110954285e-02
-1.452832221984863281e-01
1.457646787166595459e-01
-7.231143768876791000e-03
1.117929518222808838e-01
1.471077650785446167e-01
-1.063001677393913269e-01
-5.400240421295166016e-02
1.077040806412696838e-01
-3.236566111445426941e-02
-2.926734462380409241e-02
-1.455140393227338791e-02
6.024968624114990234e-02
-5.777300894260406494e-02
-1.837555877864360809e-02
-3.681869432330131531e-02
-3.007724136114120483e-02
-2.472783625125885010e-02
-7.716321945190429688e-02
-1.923931986093521118e-01
1.567681431770324707e-01
-1.981148272752761841e-01
2.152040302753448486e-01
4.445836842060089111e-01
2.659492194652557373e-01
-1.064181476831436157e-01
1.857562512159347534e-01
-2.051868289709091187e-01
4.220520704984664917e-02
1.541115529835224152e-02
5.921115633100271225e-03
4.305833950638771057e-02
5.320478603243827820e-02
3.958173096179962158e-02
1.486534066498279572e-02
4.434415698051452637e-02
3.063714876770973206e-02
6.722228717990219593e-04
-4.229421901982277632e-04
-1.085618510842323303e-03
3.701500536408275366e-04
-3.866215993184596300e-04
-6.893346435390412807e-04
3.101479160250164568e-05
7.998474757187068462e-05
3.848045598715543747e-04
-7.058878242969512939e-02
-7.180762290954589844e-02
9.866224974393844604e-02
-4.290233179926872253e-02
3.072618879377841949e-02
-2.710703574120998383e-02
2.045469358563423157e-02
1.004473343491554260e-01
-4.019643366336822510e-02
-5.105181410908699036e-02
-1.009828783571720123e-02
-4.657554440200328827e-03
-4.305159673094749451e-02
3.110634535551071167e-02
1.535321865230798721e-02
-1.316388882696628571e-02
-2.092000469565391541e-02
-7.241827994585037231e-02
-1.328684240579605103e-01
8.999145030975341797e-02
8.187919855117797852e-03
6.378854811191558838e-02
5.917162448167800903e-02
3.259728103876113892e-02
9.498217701911926270e-02
-1.533991750329732895e-02
2.608603984117507935e-02
-3.100396692752838135e-02
1.436348445713520050e-02
-2.847677655518054962e-02
-4.589354991912841797e-02
5.317581351846456528e-03
-2.752615138888359070e-02
-2.309105172753334045e-02
2.214907482266426086e-02
-1.564526185393333435e-02
1.174509227275848389e-01
1.463290899991989136e-01
7.573378086090087891e-02
-7.290681451559066772e-02
-1.076170280575752258e-01
-1.066949367523193359e-01
-1.546934545040130615e-01
-1.972378790378570557e-01
-1.288852095603942871e-01
6.746108643710613251e-03
-6.235847249627113342e-02
-8.853057771921157837e-02
2.784912101924419403e-02
-1.618767529726028442e-02
-3.270912915468215942e-02
5.613024160265922546e-02
4.130645468831062317e-02
9.963706135749816895e-03
-9.115391969680786133e-02
-8.953037858009338379e-02
-4.252274706959724426e-02
-2.385856807231903076e-01
-3.139264285564422607e-01
-1.878576576709747314e-01
-3.389361500740051270e-02
-4.325567185878753662e-02
4.661251604557037354e-02
3.391931951045989990e-02
-5.474189762026071548e-03
-6.494723726063966751e-03
6.859638728201389313e-03
-1.619456149637699127e-02
-1.551839057356119156e-02
1.618710905313491821e-02
1.650225371122360229e-02
-1.743354601785540581e-03
-1.336280456598615274e-05
-7.711149919487070292e-06
8.566961895439817454e-08
1.599888491909950972e-05
3.379669124115025625e-06
8.409883207605162170e-07
-7.357806680374778807e-06
-5.106677235744427890e-06
-7.823271516826935112e-06
-1.016097143292427063e-01
-3.947704564779996872e-03
-5.018797516822814941e-02
-5.585322901606559753e-02
1.087023131549358368e-02
-8.395720273256301880e-03
3.232573159039020538e-03
3.548455983400344849e-02
3.534291312098503113e-02
-3.555375710129737854e-02
-4.171912744641304016e-02
-2.398723550140857697e-02
-3.883487358689308167e-02
-4.731144011020660400e-02
-1.980536244809627533e-02
-1.852470077574253082e-02
4.646730050444602966e-02
2.612065523862838745e-02
9.396459907293319702e-02
-5.898792669177055359e-02
-2.566446736454963684e-02
5.972382053732872009e-02
-3.810872137546539307e-02
-1.205575838685035706e-02
3.676455467939376831e-02
9.636181406676769257e-03
8.256094902753829956e-02
-1.582282334566116333e-01
-1.306693553924560547e-01
-1.395736485719680786e-01
-1.027894206345081329e-02
4.766283184289932251e-02
-1.102772541344165802e-03
4.544604569673538208e-02
1.142657101154327393e-01
4.224675148725509644e-02
1.298727244138717651e-01
1.291141062974929810e-01
1.285706907510757446e-01
-2.786877006292343140e-02
-3.731981292366981506e-02
-3.598439320921897888e-02
-8.135905116796493530e-02
-4.593402892351150513e-02
-1.029527261853218079e-01
3.878216072916984558e-02
6.970053911209106445e-02
-1.417228765785694122e-02
2.399253286421298981e-02
6.253039091825485229e-02
1.705339737236499786e-02
-2.986520528793334961e-02
4.729716107249259949e-02
6.071834638714790344e-02
-1.504588057287037373e-03
5.526032182388007641e-04
5.977144464850425720e-04
-9.360951953567564487e-04
6.788745522499084473e-04
8.086616871878504753e-04
-1.029958832077682018e-03
6.045313202776014805e-04
2.974772069137543440e-04
9.464915841817855835e-02
-1.926757693290710449e-01
3.755706176161766052e-02
1.960249990224838257e-01
-2.411980330944061279e-01
1.696745753288269043e-01
1.719942130148410797e-02
4.107834398746490479e-02
-2.034233883023262024e-02
-4.710828512907028198e-02
1.495226621627807617e-01
-3.714774036779999733e-03
-8.109669201076030731e-03
-3.534922003746032715e-02
-6.440978497266769409e-02
-9.482213109731674194e-02
-5.254070740193128586e-03
3.221086412668228149e-02
1.237676758319139481e-02
-1.283597052097320557e-01
2.821053564548492432e-02
-4.110819101333618164e-01
3.915199339389801025e-01
-1.794272065162658691e-01
1.701060384511947632e-01
-2.099269032478332520e-01
-1.743480004370212555e-02
-8.246728219091892242e-03
-5.142084136605262756e-02
3.945254534482955933e-02
-3.724775090813636780e-02
-1.001519151031970978e-02
8.323799073696136475e-02
-6.437708437442779541e-02
-4.404869303107261658e-02
1.207689568400382996e-02
-4.383124411106109619e-02
-1.705476082861423492e-03
4.994367063045501709e-02
-1.452063471078872681e-01
8.832231163978576660e-02
5.300169810652732849e-03
-4.148760810494422913e-02
-5.926838517189025879e-02
3.441407531499862671e-02
3.526134416460990906e-02
6.162099167704582214e-02
-6.193838641047477722e-02
1.224529594182968140e-01
1.054892763495445251e-01
-7.876423001289367676e-02
-4.495449364185333252e-02
-2.160891517996788025e-02
-6.600967794656753540e-02
-2.075728923082351685e-01
5.865254998207092285e-02
1.312886774539947510e-01
3.631782950833439827e-03
-4.734804481267929077e-02
5.508980527520179749e-02
1.793079525232315063e-01
-5.366853438317775726e-03
-7.146403938531875610e-02
-1.196936424821615219e-02
-1.417265236377716064e-01
1.649876125156879425e-02
-9.417684376239776611e-02
-9.422840178012847900e-02
7.466342300176620483e-02
-1.289259791374206543e-01
9.235795587301254272e-03
4.364105686545372009e-02
-1.788021472748368979e-05
2.959060111606959254e-05
-3.804093648795969784e-05
1.909596903715282679e-05
4.602958506438881159e-05
-3.603126606321893632e-05
2.662782208062708378e-05
4.546385389403440058e-05
-2.895288525905925781e-05
-6.969299912452697754e-02
-3.018068894743919373e-02
1.461309380829334259e-03
-9.911403059959411621e-02
3.458149358630180359e-02
1.223689038306474686e-02
-2.304612193256616592e-03
4.683230817317962646e-02
-3.896379098296165466e-02
5.349393934011459351e-02
-3.307832404971122742e-02
3.315826505422592163e-02
2.684095315635204315e-02
-1.996876895427703857e-01
-1.152045801281929016e-01
3.809177549555897713e-03
3.676707670092582703e-02
-2.037732303142547607e-02
1.761827990412712097e-02
-3.452870994806289673e-03
-2.959584258496761322e-02
2.528966367244720459e-01
-4.650115966796875000e-02
-5.661489814519882202e-02
3.385822102427482605e-02
-1.120013371109962463e-01
-7.647772319614887238e-03
4.941758513450622559e-02
1.036221534013748169e-02
-1.351788341999053955e-01
6.232572719454765320e-02
6.369708478450775146e-02
-2.861230075359344482e-02
1.648826058954000473e-03
6.499503552913665771e-02
-7.454580813646316528e-02
-1.221497282385826111e-01
-1.120126247406005859e-02
4.394244402647018433e-02
-4.699784889817237854e-02
-2.157403230667114258e-01
4.491184651851654053e-02
-5.386441573500633240e-02
-3.762966021895408630e-02
1.057972535490989685e-01
-7.924713194370269775e-02
-3.424256294965744019e-02
1.945399865508079529e-02
-5.431876704096794128e-02
-6.447932124137878418e-02
1.262585166841745377e-02
-2.621003659442067146e-03
-7.122091203927993774e-02
-6.239083781838417053e-02
-5.809313151985406876e-04
-3.956155269406735897e-04
-8.352240547537803650e-04
-6.969474488869309425e-04
-3.314377099741250277e-04
-3.282571560703217983e-04
-4.820794274564832449e-04
-5.029106396250426769e-04
-5.163008463568985462e-04
-3.125187754631042480e-02
8.393549919128417969e-02
-1.216991525143384933e-02
-7.192981988191604614e-02
5.261661112308502197e-02
-1.501763891428709030e-02
2.804867923259735107e-02
-1.910165185108780861e-03
5.599945783615112305e-02
9.413987398147583008e-02
-2.271714992821216583e-02
-3.245426341891288757e-02
-4.420042783021926880e-02
-6.725408602505922318e-03
2.615291066467761993e-02
-5.669464543461799622e-02
4.329817835241556168e-03
2.712514065206050873e-02
-6.832489743828773499e-03
-1.187273710966110229e-01
7.231120020151138306e-02
2.801007628440856934e-01
-1.680569052696228027e-01
-8.479932695627212524e-02
-5.359326675534248352e-02
1.058504637330770493e-02
5.405133590102195740e-02
-5.626440420746803284e-02
5.502987280488014221e-02
2.651452645659446716e-02
-4.556872695684432983e-02
4.456765577197074890e-02
4.985821992158889771e-02
-3.507163748145103455e-02
-3.199443966150283813e-02
-3.714049607515335083e-02
1.261816360056400299e-03
-1.794172264635562897e-02
-1.913191401399672031e-03
7.862256467342376709e-02
-4.754676297307014465e-02
-6.488955020904541016e-02
5.802433565258979797e-02
1.318403985351324081e-02
-4.671145230531692505e-02
6.604063324630260468e-03
-2.489960193634033203e-02
-3.495661914348602295e-02
-1.682243123650550842e-02
-3.882271423935890198e-02
-1.690067909657955170e-02
6.429099943488836288e-03
-6.577927619218826294e-03
1.776672084815800190e-03
-3.762805834412574768e-02
-4.684058204293251038e-02
2.304274402558803558e-02
-5.268519371747970581e-02
2.572852745652198792e-02
2.685601636767387390e-02
-1.270844694226980209e-02
4.653801396489143372e-02
-1.960273645818233490e-02
-5.638424679636955261e-02
-3.821040317416191101e-02
-6.041171029210090637e-02
6.874018348753452301e-03
6.132956966757774353e-02
-1.506775245070457458e-02
-3.556573763489723206e-02
-3.618684038519859314e-02
-3.407575935125350952e-02
8.693790732650086284e-06
-2.787469384202267975e-05
-7.895349881437141448e-06
1.463353237340925261e-05
-6.082713753130519763e-06
-9.669917744759004563e-06
1.796869037207216024e-05
-1.593311571923550218e-05
-4.731789715606282698e-07
1.858087815344333649e-02
-6.099022924900054932e-02
6.779979448765516281e-03
8.716578036546707153e-02
-9.511931240558624268e-02
-8.582642674446105957e-02
5.867072939872741699e-02
-2.506914176046848297e-02
-5.221932195127010345e-03
-4.773795977234840393e-02
1.893637701869010925e-02
-2.248685620725154877e-02
-1.261702775955200195e-01
6.003786623477935791e-02
6.459682434797286987e-02
-1.438070181757211685e-02
4.512108862400054932e-02
6.311048567295074463e-02
-1.547880172729492188e-01
-2.155390754342079163e-02
-9.144361130893230438e-03
-2.467388361692428589e-01
-1.304388493299484253e-01
5.159781314432621002e-03
-1.134058684110641479e-01
-9.765017777681350708e-02
-3.683831542730331421e-02
1.711605233140289783e-03
-9.872592985630035400e-03
6.194341462105512619e-03
5.529291927814483643e-02
-1.408947259187698364e-02
-1.952521316707134247e-02
8.518346399068832397e-02
-7.307462394237518311e-03
1.185682509094476700e-02
-2.683287253603339195e-03
3.416118398308753967e-02
2.266490459442138672e-02
-1.108926758170127869e-01
5.621565505862236023e-02
6.575053185224533081e-02
-7.126817852258682251e-02
1.656827144324779510e-02
4.541620984673500061e-02
1.698758685961365700e-03
3.084921278059482574e-02
-1.586829125881195068e-02
-3.672761470079421997e-02
2.011484839022159576e-02
2.671745046973228455e-02
-2.139423191547393799e-01
-2.044148594141006470e-01
-1.748984158039093018e-01
-2.039682731265202165e-04
-1.024249377223895863e-05
-6.368369795382022858e-04
7.171023171395063400e-04
1.213481999002397060e-03
-2.896340156439691782e-04
5.796308978460729122e-04
2.169080107705667615e-04
-2.114222006639465690e-04
1.232892461121082306e-02
6.267742812633514404e-02
-7.731451839208602905e-02
-5.068867653608322144e-02
7.753616571426391602e-02
-3.407495841383934021e-02
6.816112250089645386e-02
-2.959880977869033813e-02
1.322563588619232178e-01
-8.933065831661224365e-02
-1.768212467432022095e-01
-1.119341775774955750e-01
5.390961468219757080e-02
8.684875816106796265e-02
-1.305486727505922318e-02
7.082366943359375000e-02
2.424987964332103729e-02
5.565943196415901184e-02
-1.113254809752106667e-03
2.599701285362243652e-01
5.184576287865638733e-02
1.651202887296676636e-02
-5.648244023323059082e-01
2.566430717706680298e-03
-1.548890676349401474e-02
3.895114362239837646e-01
-5.015808716416358948e-02
-2.362002618610858917e-02
4.350244626402854919e-02
-7.620385289192199707e-02
3.354420140385627747e-02
2.489938959479331970e-02
1.283287256956100464e-02
2.790999040007591248e-02
-5.946901813149452209e-02
2.576905675232410431e-02
-4.576252028346061707e-02
2.948323497548699379e-03
1.345482170581817627e-01
-4.982704669237136841e-02
-1.212042719125747681e-01
4.606993123888969421e-02
2.133485116064548492e-02
2.613922208547592163e-02
1.423370558768510818e-02
-1.964613422751426697e-02
-3.362168744206428528e-02
-1.193801127374172211e-02
-1.554192043840885162e-02
-6.006638985127210617e-03
-5.978117114864289761e-04
5.580846965312957764e-02
2.700848318636417389e-02
-3.431404754519462585e-02
-2.504640631377696991e-02
-1.822181046009063721e-01
5.267749726772308350e-02
6.437560170888900757e-02
1.086421981453895569e-01
3.300220519304275513e-02
-6.110379006713628769e-03
-3.081147186458110809e-02
-2.077279798686504364e-02
1.411116216331720352e-02
9.550029039382934570e-02
1.950713247060775757e-02
-4.818863794207572937e-02
8.612926304340362549e-02
6.919665262103080750e-03
-8.921300061047077179e-03
4.632034525275230408e-02
2.125453762710094452e-02
-2.805776603054255247e-05
-1.067237644747365266e-05
4.267523763701319695e-06
-5.961801889498019591e-06
2.461353915350628085e-06
1.303647786699002609e-05
-8.516954039805568755e-06
1.305093610426411033e-05
8.463058293273206800e-06
5.527177080512046814e-02
2.895355224609375000e-02
-9.784234687685966492e-03
-8.658942580223083496e-02
-1.262709349393844604e-01
-9.927446395158767700e-02
9.113755822181701660e-02
3.488061949610710144e-02
2.493346668779850006e-02
2.924484759569168091e-02
1.146637368947267532e-02
-1.753679290413856506e-02
4.598172381520271301e-02
7.454446703195571899e-02
-9.140397608280181885e-02
-4.606860876083374023e-02
-1.892202496528625488e-01
-4.856386408209800720e-02
3.104142844676971436e-03
-3.280082950368523598e-03
5.287050455808639526e-02
-4.202223196625709534e-02
3.946930170059204102e-02
2.783984132111072540e-02
5.172760784626007080e-02
-1.550856884568929672e-02
4.297775030136108398e-02
8.643864840269088745e-02
7.262166589498519897e-02
-1.852845586836338043e-02
-6.425433605909347534e-02
-6.864418834447860718e-02
-6.246294453740119934e-02
3.625270212069153786e-03
-3.057350777089595795e-02
4.242990631610155106e-03
-5.226478353142738342e-02
-1.091362237930297852e-01
-1.180926210508914664e-05
-4.956387355923652649e-02
9.638289362192153931e-02
-4.328643158078193665e-02
-3.918986022472381592e-02
-6.950526684522628784e-02
3.480466827750205994e-02
2.819753438234329224e-02
9.592073969542980194e-03
-1.216544862836599350e-02
2.281554788351058960e-02
-2.741418965160846710e-02
-6.735248118638992310e-02
4.017211124300956726e-02
-4.145385697484016418e-02
-9.138847142457962036e-02
-4.710606299340724945e-04
-9.230038267560303211e-04
6.292175967246294022e-04
-4.756854323204606771e-04
-1.267909421585500240e-03
-1.108304859371855855e-04
-1.164811663329601288e-03
-9.495695121586322784e-04
-2.846374409273266792e-04
-4.662827029824256897e-02
-2.939878404140472412e-02
2.779414504766464233e-02
5.152910947799682617e-02
-3.848885372281074524e-02
1.748254150152206421e-01
5.628192797303199768e-02
-5.480261892080307007e-02
6.800407916307449341e-02
5.373682826757431030e-02
2.121048048138618469e-02
-6.967063993215560913e-02
-4.844066873192787170e-02
-4.857035726308822632e-02
-1.944201253354549408e-02
6.479792296886444092e-02
2.392976172268390656e-02
1.683578267693519592e-02
-5.457850173115730286e-02
-1.609412953257560730e-02
1.464577578008174896e-02
3.322941774968057871e-04
2.794538736343383789e-01
-4.186813905835151672e-02
-1.629642844200134277e-01
1.267706453800201416e-01
5.861574783921241760e-02
-4.816574975848197937e-03
-4.676153510808944702e-02
-3.427688777446746826e-02
4.046570509672164917e-02
-2.470308355987071991e-02
-4.203559830784797668e-02
4.682447761297225952e-02
3.313986957073211670e-02
6.380132865160703659e-03
3.358876109123229980e-01
2.939915955066680908e-01
6.941734254360198975e-02
1.668511033058166504e-01
9.618400037288665771e-02
-2.114732861518859863e-01
-1.872947514057159424e-01
-2.376085519790649414e-01
-3.140154480934143066e-01
9.912939369678497314e-02
8.322844654321670532e-02
6.641090661287307739e-02
-6.843408942222595215e-02
-7.759735733270645142e-02
-4.381529055535793304e-03
-7.022623717784881592e-02
-9.759687632322311401e-02
-2.517381124198436737e-02
-1.213424094021320343e-02
-5.346728488802909851e-03
-1.225652471184730530e-01
3.426993265748023987e-02
9.911271184682846069e-02
-8.000367134809494019e-02
-1.450793743133544922e-01
3.497355058789253235e-02
1.081787198781967163e-01
3.783332556486129761e-02
-4.171117208898067474e-03
4.330800846219062805e-02
6.239232793450355530e-02
-7.180477678775787354e-02
-1.997128501534461975e-02
4.236278310418128967e-02
-1.442528963088989258e-01
-1.216965839266777039e-01
1.717689156066626310e-05
4.071267903782427311e-05
-1.958198117790743709e-05
-2.870836578949820250e-05
7.736355655652005225e-06
-1.184649136121151969e-05
-2.915404365921858698e-05
2.116958057740703225e-05
-4.265179086360149086e-06
-9.079825133085250854e-02
-1.390036642551422119e-01
-8.149972558021545410e-02
-2.694358862936496735e-02
-3.716096654534339905e-02
-5.396925285458564758e-02
2.310810051858425140e-02
1.388972699642181396e-01
1.368066519498825073e-01
-4.131045192480087280e-02
7.440351881086826324e-03
-1.788271038094535470e-04
-1.443435549736022949e-01
-1.184559911489486694e-01
2.202596981078386307e-03
-7.307725399732589722e-02
-5.529665201902389526e-02
-1.688676141202449799e-02
4.179004579782485962e-03
-5.368068069219589233e-02
8.825072646141052246e-02
-1.521046832203865051e-02
-1.089099273085594177e-01
9.003991261124610901e-03
3.125408664345741272e-02
-7.888801395893096924e-02
-6.579519808292388916e-02
-1.263102740049362183e-01
-3.175984695553779602e-02
5.865325406193733215e-02
-8.949486166238784790e-02
-5.329968407750129700e-02
4.203766956925392151e-02
-2.843138575553894043e-02
-2.843692526221275330e-02
8.374405093491077423e-03
8.999259024858474731e-02
1.568141430616378784e-01
-3.360053524374961853e-03
2.858478017151355743e-02
-2.965742535889148712e-02
-1.126317679882049561e-01
4.248072952032089233e-02
-1.234032437205314636e-01
-1.708981990814208984e-01
-4.044893383979797363e-02
-3.228462859988212585e-02
-3.547124937176704407e-02
3.860289230942726135e-02
5.983180552721023560e-02
1.955669559538364410e-02
4.538049176335334778e-02
7.572199404239654541e-02
4.883140698075294495e-02
1.106050476664677262e-04
-2.939402475021779537e-04
-4.287665069568902254e-04
2.505403826944530010e-04
-2.565700560808181763e-04
-2.129938366124406457e-04
2.300369233125820756e-04
1.459033082937821746e-04
2.479581162333488464e-04
-2.482219040393829346e-02
-6.409989297389984131e-02
2.049899473786354065e-02
-4.849925171583890915e-04
-9.653750807046890259e-03
3.863707557320594788e-02
-1.565962657332420349e-02
1.170857809484004974e-02
1.009839307516813278e-02
-1.370436977595090866e-02
-6.059273146092891693e-03
-1.794210821390151978e-02
-1.121819391846656799e-01
-1.510161012411117554e-01
-1.183747276663780212e-01
-2.749535441398620605e-02
-5.861076340079307556e-02
-4.359205067157745361e-02
-4.264259710907936096e-03
8.293525129556655884e-02
-3.379373997449874878e-02
5.036895745433866978e-04
1.030326858162879944e-01
4.987181350588798523e-02
-5.583430826663970947e-02
-6.992835551500320435e-02
-3.359029442071914673e-02
2.599596232175827026e-02
5.967857316136360168e-03
3.856336465105414391e-03
2.375911921262741089e-02
2.234854921698570251e-02
-1.374997384846210480e-02
-8.372173644602298737e-03
5.726936738938093185e-03
-2.545646205544471741e-02
3.171561285853385925e-02
7.321468740701675415e-02
3.281879052519798279e-02
8.437856100499629974e-03
3.027696721255779266e-02
1.338539924472570419e-02
-5.404354259371757507e-02
-6.515476852655410767e-02
-2.462829276919364929e-02
6.240119226276874542e-03
1.042074523866176605e-03
-2.571707591414451599e-03
-3.104642592370510101e-02
-4.622082412242889404e-02
-2.797959186136722565e-02
-3.306316211819648743e-02
-3.406006470322608948e-02
-1.174789853394031525e-02
-1.735423132777214050e-02
1.075797621160745621e-02
-4.336138442158699036e-02
2.809694502502679825e-03
-9.189737029373645782e-03
-1.605531573295593262e-02
-1.039407216012477875e-02
-1.711830496788024902e-02
1.393758598715066910e-02
-4.406006634235382080e-02
-1.387741509824991226e-02
3.037499450147151947e-02
-9.633094072341918945e-03
-6.066372152417898178e-03
1.485197152942419052e-02
3.031854704022407532e-02
4.529880359768867493e-03
-2.075922675430774689e-02
6.599315383937209845e-06
-3.735594191311975010e-06
-1.370391055388608947e-05
-4.761673608300043270e-06
-1.089111174223944545e-05
-2.579469764896202832e-05
-4.917929345538141206e-06
-1.292561410082271323e-05
-1.649518162594176829e-05
1.916489377617835999e-02
4.931020364165306091e-02
-1.030766125768423080e-02
6.407537963241338730e-03
2.813512831926345825e-02
-1.540019083768129349e-02
-7.229703664779663086e-02
-6.907374411821365356e-02
-7.826659083366394043e-02
-4.850582778453826904e-02
-7.724983990192413330e-02
-3.538083657622337341e-02
-1.517923083156347275e-02
-4.425602778792381287e-02
-4.569721408188343048e-03
2.981776930391788483e-02
5.715251713991165161e-02
2.573809772729873657e-02
6.362974643707275391e-02
-3.001022897660732269e-02
-4.349111393094062805e-02
9.119183756411075592e-03
-6.465978920459747314e-02
-4.158605262637138367e-02
-3.601656481623649597e-02
-2.998087741434574127e-02
1.055133435875177383e-02
2.758540026843547821e-02
2.449505776166915894e-02
1.745055057108402252e-02
3.775474801659584045e-02
3.499262779951095581e-02
2.242151182144880295e-03
-3.275109827518463135e-02
-2.383599989116191864e-02
-4.327486082911491394e-02
-3.253295272588729858e-02
-4.836444184184074402e-02
-2.890465036034584045e-02
3.652206156402826309e-03
-3.437769040465354919e-02
-3.407183568924665451e-03
2.346474677324295044e-02
4.257199913263320923e-02
4.010366648435592651e-02
2.433709800243377686e-02
5.083504319190979004e-02
4.223170503973960876e-02
-8.270935714244842529e-02
-4.231828823685646057e-02
-2.791223488748073578e-02
-1.432524248957633972e-02
-4.154436755925416946e-03
7.325674407184123993e-03
-5.960165872238576412e-04
-1.879250921774655581e-04
-2.321123029105365276e-04
2.389825240243226290e-04
1.905805402202531695e-04
-1.387448137393221259e-04
4.434923757798969746e-04
2.695499861147254705e-04
-1.289193460252135992e-04
4.844956099987030029e-02
1.258929912000894547e-02
-1.058240979909896851e-01
1.286459737457334995e-03
-6.699094921350479126e-02
-2.765878848731517792e-02
-1.038095355033874512e-02
-8.406656235456466675e-02
6.541963666677474976e-02
1.375380307435989380e-01
1.683514714241027832e-01
1.488841474056243896e-01
1.915265321731567383e-01
2.250386625528335571e-01
1.692688614130020142e-01
-6.879679858684539795e-02
-8.174503594636917114e-02
-1.250771433115005493e-01
-1.161208376288414001e-01
-1.629083454608917236e-01
-9.818349033594131470e-02
1.392327994108200073e-01
1.436245441436767578e-01
1.720030754804611206e-01
-8.028049767017364502e-02
1.194678246974945068e-01
-1.012073233723640442e-01
-2.020800858736038208e-02
9.698473848402500153e-03
6.504354532808065414e-03
-2.035714127123355865e-02
2.331984974443912506e-02
-1.807835698127746582e-02
-7.883826270699501038e-03
3.487253561615943909e-02
-1.074277516454458237e-02
-3.985622897744178772e-02
-4.813152924180030823e-02
-7.189822942018508911e-02
-2.785683609545230865e-02
1.104563008993864059e-02
-1.623541116714477539e-02
6.092336401343345642e-02
1.470243483781814575e-01
6.152267381548881531e-02
-6.120840087532997131e-02
-1.946311257779598236e-02
-4.112790897488594055e-02
1.910063810646533966e-02
3.264154866337776184e-02
-1.230717450380325317e-02
1.141420565545558929e-02
-1.194301061332225800e-02
-3.685384243726730347e-02
-5.893770977854728699e-02
-2.532551251351833344e-02
1.457383297383785248e-02
-1.542320102453231812e-01
-1.142659597098827362e-02
1.621353253722190857e-02
5.234447866678237915e-02
1.447083204984664917e-01
1.137494146823883057e-01
-7.935778237879276276e-03
-3.083115676417946815e-03
-6.566692888736724854e-02
-3.388503938913345337e-02
-3.475158661603927612e-02
-5.558996275067329407e-02
-3.646086156368255615e-02
-2.260254323482513428e-02
-2.701140940189361572e-03
-3.550126712070778012e-05
-3.234685436837025918e-06
-7.980423106346279383e-06
8.497803719365037978e-06
-3.579826443456113338e-05
4.997783435101155192e-06
-8.774439265835098922e-06
5.904815225221682340e-06
-3.043467922125842051e-09
-8.614846318960189819e-02
-1.208109334111213684e-01
-7.863599807024002075e-02
4.782331362366676331e-02
8.106863498687744141e-02
7.734984159469604492e-02
-6.517388392239809036e-03
4.288267344236373901e-02
-2.273629233241081238e-02
-8.081136643886566162e-02
-5.033726617693901062e-02
-1.945508271455764771e-02
-6.867688894271850586e-02
-2.140908269211649895e-03
-1.086487900465726852e-02
1.413964852690696716e-02
6.225330010056495667e-02
3.474024683237075806e-02
-5.301480367779731750e-02
8.550661802291870117e-02
-1.983816176652908325e-02
1.102582830935716629e-02
6.443117558956146240e-02
-6.136769801378250122e-02
4.306992888450622559e-02
-2.116712555289268494e-02
-8.762534707784652710e-02
-9.259487688541412354e-02
-8.493590354919433594e-02
-8.591214567422866821e-02
7.031427323818206787e-02
5.853647738695144653e-02
5.251206830143928528e-02
1.060823053121566772e-01
9.572814404964447021e-02
5.978651344776153564e-02
1.867006346583366394e-02
2.529325895011425018e-02
5.303398892283439636e-02
-3.934619203209877014e-02
-7.802559994161128998e-03
-2.242970652878284454e-02
4.166441783308982849e-02
6.816373020410537720e-02
4.605846107006072998e-02
-1.815345697104930878e-02
-6.187405809760093689e-02
-1.415375154465436935e-02
-2.802794612944126129e-02
-6.921540945768356323e-02
-2.983302250504493713e-02
1.067602187395095825e-01
6.311209499835968018e-02
1.458263210952281952e-02
-2.480543626006692648e-04
1.877748873084783554e-04
-2.487997408024966717e-04
-1.026384066790342331e-03
-1.146993716247379780e-03
-5.451213219203054905e-04
-1.170380739495158195e-03
-1.286429818719625473e-03
-4.850059340242296457e-04
6.278824526816606522e-03
3.043373115360736847e-02
-3.340093046426773071e-02
1.690888777375221252e-02
1.454119831323623657e-01
9.546770155429840088e-02
-9.831248223781585693e-02
8.298073709011077881e-02
-2.248049713671207428e-02
-6.723301857709884644e-02
3.420984838157892227e-03
1.821746490895748138e-02
-2.452982403337955475e-02
-1.280021816492080688e-01
-4.277226328849792480e-02
8.439726382493972778e-02
2.712105400860309601e-03
2.571601793169975281e-02
4.157484695315361023e-02
-5.912005528807640076e-02
-2.100734785199165344e-02
-2.634765207767486572e-01
3.262166380882263184e-01
9.777534008026123047e-02
3.796687722206115723e-02
-8.839115500450134277e-03
-8.337061852216720581e-02
1.342880912125110626e-02
5.508965626358985901e-02
3.014726936817169189e-02
7.173734158277511597e-02
7.567089796066284180e-02
-2.953138202428817749e-02
-4.670561756938695908e-03
5.454284138977527618e-03
-8.465170860290527344e-02
-4.794908314943313599e-02
-1.510372757911682129e-01
-1.244480237364768982e-01
2.255814895033836365e-02
6.900094449520111084e-02
2.535457536578178406e-02
5.454550683498382568e-02
1.245959997177124023e-01
8.835884928703308105e-02
-1.213017404079437256e-01
-5.549480766057968140e-02
1.386250853538513184e-01
-1.226140335202217102e-01
-1.813464052975177765e-02
1.870368421077728271e-01
-8.921375870704650879e-02
9.859424084424972534e-03
1.892579793930053711e-01
2.650488018989562988e-01
9.122003614902496338e-02
-2.292490750551223755e-01
3.113890588283538818e-01
-1.561481226235628128e-02
-2.185891568660736084e-01
-1.561512053012847900e-01
-7.911343127489089966e-02
3.039172291755676270e-02
-3.994335234165191650e-02
-4.196449741721153259e-02
-3.300207853317260742e-02
-3.437050618231296539e-04
-1.563046276569366455e-01
-1.646548882126808167e-02
4.981962591409683228e-02
-1.460268795490264893e-01
-5.754318088293075562e-02
1.980263732548337430e-06
3.038303475477732718e-05
2.468183993187267333e-05
-1.439781226508785039e-05
2.271861194458324462e-05
-1.352145773125812411e-06
-1.522597085568122566e-05
2.026803713306435384e-06
-3.227236811653710902e-05
-7.803764194250106812e-03
-1.899140141904354095e-02
-2.848763577640056610e-02
-2.803586795926094055e-02
7.132387161254882812e-02
1.850466243922710419e-02
-6.314714252948760986e-02
-1.446888665668666363e-03
-3.935891017317771912e-02
-1.029934138059616089e-01
-3.618902713060379028e-02
6.039059534668922424e-02
-7.711725682020187378e-02
-2.626189962029457092e-02
5.971536505967378616e-03
-1.522059440612792969e-01
-4.116849228739738464e-02
9.858549572527408600e-03
1.960060745477676392e-02
-3.728995844721794128e-02
-4.275369271636009216e-02
8.799061179161071777e-02
-3.573020175099372864e-02
-7.820573449134826660e-02
2.032346092164516449e-02
1.084595802240073681e-03
-4.186203703284263611e-02
-1.359609067440032959e-01
-4.328607767820358276e-02
1.189314723014831543e-01
-1.878160238265991211e-01
5.240723490715026855e-03
1.853935271501541138e-01
-7.424482703208923340e-02
7.069194316864013672e-02
1.183693706989288330e-01
-4.611650109291076660e-02
7.520142942667007446e-03
-8.012554049491882324e-02
9.076284617185592651e-02
3.087810426950454712e-02
-9.105359762907028198e-02
8.142140507698059082e-02
4.644429311156272888e-02
-9.465295076370239258e-02
-7.846542634069919586e-03
-7.673452608287334442e-03
5.666559189558029175e-02
-2.108311979100108147e-03
-1.712135598063468933e-02
-1.294608134776353836e-02
-3.396428748965263367e-02
-1.378957997076213360e-03
6.084421277046203613e-02
6.326205329969525337e-04
2.131887711584568024e-03
-1.134952064603567123e-03
-7.053524022921919823e-04
2.484745811671018600e-03
2.240179310319945216e-04
-1.509101828560233116e-03
1.124795293435454369e-03
1.248259679414331913e-03
-1.082554012537002563e-01
-1.772310286760330200e-01
-1.366936713457107544e-01
5.798458307981491089e-02
-8.490985631942749023e-02
-2.347234189510345459e-01
-1.138364523649215698e-02
9.438167512416839600e-02
-2.158157676458358765e-01
6.716029345989227295e-02
8.689503185451030731e-03
-7.373599708080291748e-02
-7.932458072900772095e-03
-3.260447829961776733e-02
-8.773816516622900963e-04
7.679809629917144775e-02
-1.341360341757535934e-02
-4.773625638335943222e-03
3.435603529214859009e-02
8.046754449605941772e-02
-7.954014837741851807e-02
1.058030948042869568e-01
-1.573163568973541260e-01
-6.193769723176956177e-02
-6.080265156924724579e-03
-1.048184558749198914e-01
-1.942399442195892334e-01
-9.286166727542877197e-02
3.817658172920346260e-03
2.922181598842144012e-02
-3.501844778656959534e-02
-2.120008878409862518e-02
-1.899327710270881653e-02
-2.230582572519779205e-02
3.377724438905715942e-02
3.906481713056564331e-02
-2.182399779558181763e-01
-5.658159404993057251e-02
3.219235241413116455e-01
-3.384110629558563232e-01
-2.486328184604644775e-01
2.043214589357376099e-01
-2.082147151231765747e-01
-2.022377550601959229e-01
1.079882606863975525e-01
5.422608181834220886e-02
-1.135671138763427734e-02
-8.093232661485671997e-02
1.077195703983306885e-01
2.926148101687431335e-02
-4.499642550945281982e-02
4.400493204593658447e-02
-1.379597000777721405e-02
-7.085029035806655884e-02
-3.188637197017669678e-01
-2.715924382209777832e-01
1.600036770105361938e-01
-8.278491348028182983e-02
-1.443893462419509888e-01
1.236311271786689758e-01
2.828825116157531738e-01
-1.007397100329399109e-02
-2.396653220057487488e-02
-5.921126529574394226e-02
-3.159095346927642822e-02
-5.205970257520675659e-02
-3.274274617433547974e-02
-9.136033058166503906e-02
-3.908270446117967367e-04
-9.601397812366485596e-02
-1.048043221235275269e-01
1.086394675076007843e-02
-3.772120180656202137e-06
-4.619818810169817880e-06
-1.541045821795705706e-05
3.700629167724400759e-05
-2.601010919534019195e-06
-2.158248025807552040e-05
4.038340557599440217e-05
9.318948286818340421e-06
-1.502304075984284282e-05
4.699550941586494446e-02
-8.061140775680541992e-02
-1.191660985350608826e-01
5.078310519456863403e-02
-2.176031097769737244e-02
-3.996466100215911865e-02
5.347699671983718872e-02
-4.348349943757057190e-02
-1.996015757322311401e-02
-6.569081544876098633e-02
-3.768767043948173523e-02
2.289065904915332794e-02
-2.858814038336277008e-02
-5.531479045748710632e-02
-1.664489693939685822e-02
8.313659578561782837e-03
-4.845970869064331055e-02
-4.360455274581909180e-02
2.276297099888324738e-02
-1.219272613525390625e-01
-3.316264972090721130e-02
6.472622603178024292e-02
-1.243185773491859436e-01
-5.009546130895614624e-02
-9.274440235458314419e-04
-1.112532615661621094e-01
-4.916727170348167419e-02
1.835463754832744598e-02
-1.180633977055549622e-01
-2.450444251298904419e-01
1.403453499078750610e-01
-3.993680700659751892e-02
-2.533110976219177246e-01
5.806954577565193176e-02
-3.814633563160896301e-02
-2.169671356678009033e-01
-1.020592078566551208e-01
-1.981600187718868256e-02
1.446536183357238770e-01
-1.768359094858169556e-01
-6.826080381870269775e-02
1.426243931055068970e-01
-2.876901030540466309e-01
-2.375103980302810669e-01
-3.165976703166961670e-02
