0.1552662700414657592773437500000000000000000000000000000000000000
0.0001684944145381450653076171875000000000000000000000000000000000
0.1642239540815353393554687500000000000000000000000000000000000000
0.2459771782159805297851562500000000000000000000000000000000000000
0.2416864335536956787109375000000000000000000000000000000000000000
0.2994823455810546875000000000000000000000000000000000000000000000
0.2708211541175842285156250000000000000000000000000000000000000000
0.1583431512117385864257812500000000000000000000000000000000000000
0.2196596711874008178710937500000000000000000000000000000000000000
0.2301713675260543823242187500000000000000000000000000000000000000
0.0000181887517101131379604339599609375000000000000000000000000000
0.2408652305603027343750000000000000000000000000000000000000000000
0.4974492490291595458984375000000000000000000000000000000000000000
0.2520853579044342041015625000000000000000000000000000000000000000
0.2138391584157943725585937500000000000000000000000000000000000000
0.4948827326297760009765625000000000000000000000000000000000000000
