0.1072245836257934570312500000000000000000000000000000000000000000
0.2303966730833053588867187500000000000000000000000000000000000000
0.2119716554880142211914062500000000000000000000000000000000000000
-0.1090463325381278991699218750000000000000000000000000000000000000
-0.0792436078190803527832031250000000000000000000000000000000000000
-0.0068827029317617416381835937500000000000000000000000000000000000
-0.1151432991027832031250000000000000000000000000000000000000000000
-0.1128755509853363037109375000000000000000000000000000000000000000
-0.0332583822309970855712890625000000000000000000000000000000000000
0.0825565308332443237304687500000000000000000000000000000000000000
0.1842632591724395751953125000000000000000000000000000000000000000
0.1641680449247360229492187500000000000000000000000000000000000000
-0.0859496518969535827636718750000000000000000000000000000000000000
-0.0652199164032936096191406250000000000000000000000000000000000000
-0.0145178539678454399108886718750000000000000000000000000000000000
-0.0636430829763412475585937500000000000000000000000000000000000000
-0.0627327412366867065429687500000000000000000000000000000000000000
-0.0237549543380737304687500000000000000000000000000000000000000000
0.0580271594226360321044921875000000000000000000000000000000000000
0.0921609699726104736328125000000000000000000000000000000000000000
0.0823364555835723876953125000000000000000000000000000000000000000
-0.0535295903682708740234375000000000000000000000000000000000000000
-0.0794328376650810241699218750000000000000000000000000000000000000
-0.0555424727499485015869140625000000000000000000000000000000000000
-0.0576318986713886260986328125000000000000000000000000000000000000
-0.0851901993155479431152343750000000000000000000000000000000000000
-0.0827866196632385253906250000000000000000000000000000000000000000
-0.0030904570594429969787597656250000000000000000000000000000000000
0.0002554513921495527029037475585937500000000000000000000000000000
0.0026377586182206869125366210937500000000000000000000000000000000
-0.0030941402073949575424194335937500000000000000000000000000000000
-0.0003185907553415745496749877929687500000000000000000000000000000
0.0043762968853116035461425781250000000000000000000000000000000000
-0.0020657191053032875061035156250000000000000000000000000000000000
0.0004403028578963130712509155273437500000000000000000000000000000
0.0040910793468356132507324218750000000000000000000000000000000000
0.0002526376338209956884384155273437500000000000000000000000000000
0.0007547567947767674922943115234375000000000000000000000000000000
0.0008596213301643729209899902343750000000000000000000000000000000
0.0004691396898124366998672485351562500000000000000000000000000000
-0.0004705690371338278055191040039062500000000000000000000000000000
0.0017117391107603907585144042968750000000000000000000000000000000
0.0005113175720907747745513916015625000000000000000000000000000000
-0.0000784557560109533369541168212890625000000000000000000000000000
0.0016615224303677678108215332031250000000000000000000000000000000
0.0019597641658037900924682617187500000000000000000000000000000000
0.0005556435789912939071655273437500000000000000000000000000000000
-0.0016801668098196387290954589843750000000000000000000000000000000
0.0026919113006442785263061523437500000000000000000000000000000000
-0.0002419373340671882033348083496093750000000000000000000000000000
-0.0014866798883303999900817871093750000000000000000000000000000000
0.0024051624350249767303466796875000000000000000000000000000000000
-0.0002936980163212865591049194335937500000000000000000000000000000
-0.0017487069126218557357788085937500000000000000000000000000000000
0.0263775456696748733520507812500000000000000000000000000000000000
0.0121367415413260459899902343750000000000000000000000000000000000
-0.1592067331075668334960937500000000000000000000000000000000000000
0.3375014662742614746093750000000000000000000000000000000000000000
-0.0888446271419525146484375000000000000000000000000000000000000000
-0.0736740157008171081542968750000000000000000000000000000000000000
0.3137586414813995361328125000000000000000000000000000000000000000
-0.1937583982944488525390625000000000000000000000000000000000000000
-0.0841171965003013610839843750000000000000000000000000000000000000
0.0199951268732547760009765625000000000000000000000000000000000000
0.0688160657882690429687500000000000000000000000000000000000000000
0.0403193421661853790283203125000000000000000000000000000000000000
0.0154800936579704284667968750000000000000000000000000000000000000
-0.2774969339370727539062500000000000000000000000000000000000000000
0.1258848309516906738281250000000000000000000000000000000000000000
0.1125294044613838195800781250000000000000000000000000000000000000
-0.3019846379756927490234375000000000000000000000000000000000000000
0.0289331059902906417846679687500000000000000000000000000000000000
-0.0851545706391334533691406250000000000000000000000000000000000000
0.0977159664034843444824218750000000000000000000000000000000000000
0.0094047766178846359252929687500000000000000000000000000000000000
-0.1578292101621627807617187500000000000000000000000000000000000000
-0.0243670921772718429565429687500000000000000000000000000000000000
0.2192790657281875610351562500000000000000000000000000000000000000
-0.0832669883966445922851562500000000000000000000000000000000000000
-0.0814224109053611755371093750000000000000000000000000000000000000
0.1756209880113601684570312500000000000000000000000000000000000000
0.0191224105656147003173828125000000000000000000000000000000000000
-0.0777692124247550964355468750000000000000000000000000000000000000
-0.0465701483190059661865234375000000000000000000000000000000000000
-0.0784203782677650451660156250000000000000000000000000000000000000
-0.1282849162817001342773437500000000000000000000000000000000000000
-0.0761529356241226196289062500000000000000000000000000000000000000
0.0756004005670547485351562500000000000000000000000000000000000000
0.1671930253505706787109375000000000000000000000000000000000000000
0.1160410493612289428710937500000000000000000000000000000000000000
-0.1193682476878166198730468750000000000000000000000000000000000000
-0.2117329686880111694335937500000000000000000000000000000000000000
-0.1416966170072555541992187500000000000000000000000000000000000000
-0.0584198422729969024658203125000000000000000000000000000000000000
-0.0500170774757862091064453125000000000000000000000000000000000000
-0.0730175748467445373535156250000000000000000000000000000000000000
0.1856528371572494506835937500000000000000000000000000000000000000
0.3462352156639099121093750000000000000000000000000000000000000000
0.1812675297260284423828125000000000000000000000000000000000000000
-0.1068170294165611267089843750000000000000000000000000000000000000
-0.2194107174873352050781250000000000000000000000000000000000000000
-0.1255239397287368774414062500000000000000000000000000000000000000
-0.0808766484260559082031250000000000000000000000000000000000000000
-0.1056453511118888854980468750000000000000000000000000000000000000
-0.1116394996643066406250000000000000000000000000000000000000000000
0.1904660761356353759765625000000000000000000000000000000000000000
0.2876441478729248046875000000000000000000000000000000000000000000
0.1672789305448532104492187500000000000000000000000000000000000000
0.1152626574039459228515625000000000000000000000000000000000000000
-0.3197620809078216552734375000000000000000000000000000000000000000
-0.0195896662771701812744140625000000000000000000000000000000000000
0.0484500080347061157226562500000000000000000000000000000000000000
0.5028744935989379882812500000000000000000000000000000000000000000
-0.2878620326519012451171875000000000000000000000000000000000000000
0.0621628090739250183105468750000000000000000000000000000000000000
-0.0561560876667499542236328125000000000000000000000000000000000000
-0.0586388111114501953125000000000000000000000000000000000000000000
0.0378463789820671081542968750000000000000000000000000000000000000
-0.0846992656588554382324218750000000000000000000000000000000000000
0.1089890673756599426269531250000000000000000000000000000000000000
-0.0677988305687904357910156250000000000000000000000000000000000000
0.5710270404815673828125000000000000000000000000000000000000000000
-0.1695318520069122314453125000000000000000000000000000000000000000
-0.1106148734688758850097656250000000000000000000000000000000000000
-0.2501380741596221923828125000000000000000000000000000000000000000
-0.0502809621393680572509765625000000000000000000000000000000000000
-0.1252540796995162963867187500000000000000000000000000000000000000
-0.1580206751823425292968750000000000000000000000000000000000000000
0.0337286405265331268310546875000000000000000000000000000000000000
-0.1359288990497589111328125000000000000000000000000000000000000000
0.3425777852535247802734375000000000000000000000000000000000000000
0.0022024502977728843688964843750000000000000000000000000000000000
-0.0811712965369224548339843750000000000000000000000000000000000000
0.0413507595658302307128906250000000000000000000000000000000000000
0.0848207995295524597167968750000000000000000000000000000000000000
0.0420575626194477081298828125000000000000000000000000000000000000
0.1754317134618759155273437500000000000000000000000000000000000000
0.0702139586210250854492187500000000000000000000000000000000000000
0.0122907785698771476745605468750000000000000000000000000000000000
0.0296754688024520874023437500000000000000000000000000000000000000
0.0089323408901691436767578125000000000000000000000000000000000000
0.0411820895969867706298828125000000000000000000000000000000000000
-0.0630370751023292541503906250000000000000000000000000000000000000
0.0334864668548107147216796875000000000000000000000000000000000000
-0.0336055792868137359619140625000000000000000000000000000000000000
-0.0608983598649501800537109375000000000000000000000000000000000000
-0.0396525859832763671875000000000000000000000000000000000000000000
-0.1443955451250076293945312500000000000000000000000000000000000000
-0.2904348075389862060546875000000000000000000000000000000000000000
-0.1813356280326843261718750000000000000000000000000000000000000000
-0.0400733873248100280761718750000000000000000000000000000000000000
-0.2568701803684234619140625000000000000000000000000000000000000000
-0.0562560670077800750732421875000000000000000000000000000000000000
0.0561244972050189971923828125000000000000000000000000000000000000
0.0739291906356811523437500000000000000000000000000000000000000000
0.0306188482791185379028320312500000000000000000000000000000000000
0.0366839729249477386474609375000000000000000000000000000000000000
-0.0381682999432086944580078125000000000000000000000000000000000000
-0.0277019627392292022705078125000000000000000000000000000000000000
0.0807305052876472473144531250000000000000000000000000000000000000
-0.0906504690647125244140625000000000000000000000000000000000000000
0.0200310945510864257812500000000000000000000000000000000000000000
-0.1061730235815048217773437500000000000000000000000000000000000000
-0.2632206082344055175781250000000000000000000000000000000000000000
-0.2041765004396438598632812500000000000000000000000000000000000000
-0.1248737350106239318847656250000000000000000000000000000000000000
-0.0434721186757087707519531250000000000000000000000000000000000000
-0.1076261028647422790527343750000000000000000000000000000000000000
0.0081844758242368698120117187500000000000000000000000000000000000
0.0185793302953243255615234375000000000000000000000000000000000000
0.0579468235373497009277343750000000000000000000000000000000000000
0.0226901322603225708007812500000000000000000000000000000000000000
0.2967498600482940673828125000000000000000000000000000000000000000
0.0700674504041671752929687500000000000000000000000000000000000000
0.2334509342908859252929687500000000000000000000000000000000000000
0.6992599368095397949218750000000000000000000000000000000000000000
0.2676879465579986572265625000000000000000000000000000000000000000
0.0753415524959564208984375000000000000000000000000000000000000000
0.3404730558395385742187500000000000000000000000000000000000000000
0.1325400322675704956054687500000000000000000000000000000000000000
0.0675704032182693481445312500000000000000000000000000000000000000
-0.0521006546914577484130859375000000000000000000000000000000000000
0.1552346497774124145507812500000000000000000000000000000000000000
-0.1390496194362640380859375000000000000000000000000000000000000000
-0.3506148457527160644531250000000000000000000000000000000000000000
-0.2154283374547958374023437500000000000000000000000000000000000000
-0.1362136602401733398437500000000000000000000000000000000000000000
-0.4214903712272644042968750000000000000000000000000000000000000000
-0.2022091150283813476562500000000000000000000000000000000000000000
0.0662390366196632385253906250000000000000000000000000000000000000
-0.1602761000394821166992187500000000000000000000000000000000000000
-0.0423955619335174560546875000000000000000000000000000000000000000
-0.1833174973726272583007812500000000000000000000000000000000000000
-0.4476649165153503417968750000000000000000000000000000000000000000
-0.1880586445331573486328125000000000000000000000000000000000000000
0.0040106354281306266784667968750000000000000000000000000000000000
-0.2365056276321411132812500000000000000000000000000000000000000000
-0.1061535626649856567382812500000000000000000000000000000000000000
0.0213393177837133407592773437500000000000000000000000000000000000
0.0685625597834587097167968750000000000000000000000000000000000000
0.0116460090503096580505371093750000000000000000000000000000000000
0.0661696717143058776855468750000000000000000000000000000000000000
0.2477640360593795776367187500000000000000000000000000000000000000
0.1983076781034469604492187500000000000000000000000000000000000000
0.1302726417779922485351562500000000000000000000000000000000000000
0.2345167398452758789062500000000000000000000000000000000000000000
0.1143193840980529785156250000000000000000000000000000000000000000
0.0044501768425107002258300781250000000000000000000000000000000000
0.0112574640661478042602539062500000000000000000000000000000000000
-0.0114203821867704391479492187500000000000000000000000000000000000
-0.0444517806172370910644531250000000000000000000000000000000000000
0.0802214592695236206054687500000000000000000000000000000000000000
0.0326341800391674041748046875000000000000000000000000000000000000
-0.0408771187067031860351562500000000000000000000000000000000000000
0.0287123303860425949096679687500000000000000000000000000000000000
-0.0609227567911148071289062500000000000000000000000000000000000000
-0.2740538120269775390625000000000000000000000000000000000000000000
-0.2535010576248168945312500000000000000000000000000000000000000000
-0.3030154109001159667968750000000000000000000000000000000000000000
-0.0071876547299325466156005859375000000000000000000000000000000000
0.4067873656749725341796875000000000000000000000000000000000000000
0.1891499012708663940429687500000000000000000000000000000000000000
-0.0876391157507896423339843750000000000000000000000000000000000000
0.7547965049743652343750000000000000000000000000000000000000000000
0.3034869432449340820312500000000000000000000000000000000000000000
0.0944586619734764099121093750000000000000000000000000000000000000
-0.0619066618382930755615234375000000000000000000000000000000000000
0.0533417128026485443115234375000000000000000000000000000000000000
0.0043382365256547927856445312500000000000000000000000000000000000
-0.4440946877002716064453125000000000000000000000000000000000000000
-0.2383741438388824462890625000000000000000000000000000000000000000
-0.0078547075390815734863281250000000000000000000000000000000000000
-0.1730802059173583984375000000000000000000000000000000000000000000
-0.0816838815808296203613281250000000000000000000000000000000000000
0.1257690936326980590820312500000000000000000000000000000000000000
0.3402632176876068115234375000000000000000000000000000000000000000
0.3100729584693908691406250000000000000000000000000000000000000000
0.1165433079004287719726562500000000000000000000000000000000000000
-0.2107650339603424072265625000000000000000000000000000000000000000
-0.0167705100029706954956054687500000000000000000000000000000000000
0.0134190870448946952819824218750000000000000000000000000000000000
-0.3693416118621826171875000000000000000000000000000000000000000000
-0.1566197276115417480468750000000000000000000000000000000000000000
0.0551438331604003906250000000000000000000000000000000000000000000
0.0327202603220939636230468750000000000000000000000000000000000000
0.0020226927008479833602905273437500000000000000000000000000000000
0.1626325547695159912109375000000000000000000000000000000000000000
-0.0387521423399448394775390625000000000000000000000000000000000000
-0.1341977417469024658203125000000000000000000000000000000000000000
0.0684698298573493957519531250000000000000000000000000000000000000
-0.1108299419283866882324218750000000000000000000000000000000000000
-0.1081534475088119506835937500000000000000000000000000000000000000
0.1227792501449584960937500000000000000000000000000000000000000000
0.0052421716973185539245605468750000000000000000000000000000000000
-0.0801509022712707519531250000000000000000000000000000000000000000
0.2659674286842346191406250000000000000000000000000000000000000000
-0.0355104766786098480224609375000000000000000000000000000000000000
-0.1695318818092346191406250000000000000000000000000000000000000000
0.1399498879909515380859375000000000000000000000000000000000000000
-0.0716121569275856018066406250000000000000000000000000000000000000
-0.0719525367021560668945312500000000000000000000000000000000000000
0.1198488771915435791015625000000000000000000000000000000000000000
-0.0253448747098445892333984375000000000000000000000000000000000000
-0.1154441162943840026855468750000000000000000000000000000000000000
0.2454022616147994995117187500000000000000000000000000000000000000
-0.0464808419346809387207031250000000000000000000000000000000000000
-0.2158589661121368408203125000000000000000000000000000000000000000
0.1404640078544616699218750000000000000000000000000000000000000000
-0.0741656944155693054199218750000000000000000000000000000000000000
-0.1311049014329910278320312500000000000000000000000000000000000000
-0.0000591545540373772382736206054687500000000000000000000000000000
0.0000013291165714690578170120716094970703125000000000000000000000
-0.0000358888173650484532117843627929687500000000000000000000000000
-0.0000522709124197717756032943725585937500000000000000000000000000
-0.0000109786369648645631968975067138671875000000000000000000000000
-0.0000442386335635092109441757202148437500000000000000000000000000
-0.0000353095529135316610336303710937500000000000000000000000000000
0.0000040442537283524870872497558593750000000000000000000000000000
-0.0000223015067604137584567070007324218750000000000000000000000000
-0.0000233891441894229501485824584960937500000000000000000000000000
0.0000328371388604864478111267089843750000000000000000000000000000
0.0000085870769908069632947444915771484375000000000000000000000000
-0.0000099619282991625368595123291015625000000000000000000000000000
0.0000389728083973750472068786621093750000000000000000000000000000
0.0000020895436136925127357244491577148437500000000000000000000000
0.0000070108822001202497631311416625976562500000000000000000000000
0.0000415454196627251803874969482421875000000000000000000000000000
0.0000219381799979601055383682250976562500000000000000000000000000
-0.0000249785352934850379824638366699218750000000000000000000000000
0.0000334749420289881527423858642578125000000000000000000000000000
-0.0000117953513836255297064781188964843750000000000000000000000000
-0.0000238587381318211555480957031250000000000000000000000000000000
0.0000200254671653965488076210021972656250000000000000000000000000
-0.0000292885706585366278886795043945312500000000000000000000000000
-0.0000203988802240928635001182556152343750000000000000000000000000
0.0000150057039718376472592353820800781250000000000000000000000000
-0.0000108297545011737383902072906494140625000000000000000000000000
0.0631850063800811767578125000000000000000000000000000000000000000
0.0743979215621948242187500000000000000000000000000000000000000000
0.0139681473374366760253906250000000000000000000000000000000000000
0.0739527642726898193359375000000000000000000000000000000000000000
0.2428441792726516723632812500000000000000000000000000000000000000
0.0755348801612854003906250000000000000000000000000000000000000000
-0.0035930275917053222656250000000000000000000000000000000000000000
0.1002867072820663452148437500000000000000000000000000000000000000
0.0172255635261535644531250000000000000000000000000000000000000000
-0.1424347907304763793945312500000000000000000000000000000000000000
-0.1116901636123657226562500000000000000000000000000000000000000000
-0.1106351688504219055175781250000000000000000000000000000000000000
-0.0893871039152145385742187500000000000000000000000000000000000000
0.0421343594789505004882812500000000000000000000000000000000000000
-0.0929651409387588500976562500000000000000000000000000000000000000
-0.0814772844314575195312500000000000000000000000000000000000000000
-0.0760815367102622985839843750000000000000000000000000000000000000
-0.1232761964201927185058593750000000000000000000000000000000000000
-0.0226272698491811752319335937500000000000000000000000000000000000
0.1400553435087203979492187500000000000000000000000000000000000000
-0.0038892317097634077072143554687500000000000000000000000000000000
0.1118883490562438964843750000000000000000000000000000000000000000
0.3770462572574615478515625000000000000000000000000000000000000000
0.1356362849473953247070312500000000000000000000000000000000000000
-0.0637037903070449829101562500000000000000000000000000000000000000
0.0980115085840225219726562500000000000000000000000000000000000000
-0.0628890693187713623046875000000000000000000000000000000000000000
0.0400430336594581604003906250000000000000000000000000000000000000
-0.0858260467648506164550781250000000000000000000000000000000000000
0.0297702345997095108032226562500000000000000000000000000000000000
-0.0957666113972663879394531250000000000000000000000000000000000000
-0.3116220235824584960937500000000000000000000000000000000000000000
-0.0989013388752937316894531250000000000000000000000000000000000000
0.0592503659427165985107421875000000000000000000000000000000000000
-0.0668288692831993103027343750000000000000000000000000000000000000
0.0455041229724884033203125000000000000000000000000000000000000000
0.0551427751779556274414062500000000000000000000000000000000000000
-0.0738513395190238952636718750000000000000000000000000000000000000
0.0814317986369132995605468750000000000000000000000000000000000000
-0.0810266211628913879394531250000000000000000000000000000000000000
-0.2891181707382202148437500000000000000000000000000000000000000000
-0.0505065247416496276855468750000000000000000000000000000000000000
0.0531248487532138824462890625000000000000000000000000000000000000
-0.0962457433342933654785156250000000000000000000000000000000000000
0.0521123073995113372802734375000000000000000000000000000000000000
0.1003102138638496398925781250000000000000000000000000000000000000
-0.0211644973605871200561523437500000000000000000000000000000000000
0.1239757388830184936523437500000000000000000000000000000000000000
-0.0095096584409475326538085937500000000000000000000000000000000000
-0.2062834501266479492187500000000000000000000000000000000000000000
-0.0029332065023481845855712890625000000000000000000000000000000000
0.0865327566862106323242187500000000000000000000000000000000000000
-0.0727373734116554260253906250000000000000000000000000000000000000
0.0330222100019454956054687500000000000000000000000000000000000000
-0.0457834713160991668701171875000000000000000000000000000000000000
-0.0346560254693031311035156250000000000000000000000000000000000000
0.1093257218599319458007812500000000000000000000000000000000000000
-0.1777376681566238403320312500000000000000000000000000000000000000
-0.1691497713327407836914062500000000000000000000000000000000000000
0.2601482868194580078125000000000000000000000000000000000000000000
-0.0398822277784347534179687500000000000000000000000000000000000000
-0.0733992084860801696777343750000000000000000000000000000000000000
0.1489053517580032348632812500000000000000000000000000000000000000
-0.0999894887208938598632812500000000000000000000000000000000000000
-0.0956138595938682556152343750000000000000000000000000000000000000
0.1619360148906707763671875000000000000000000000000000000000000000
-0.2088182419538497924804687500000000000000000000000000000000000000
-0.1699829101562500000000000000000000000000000000000000000000000000
0.3401506245136260986328125000000000000000000000000000000000000000
-0.0283257383853197097778320312500000000000000000000000000000000000
-0.0739638134837150573730468750000000000000000000000000000000000000
0.1370346695184707641601562500000000000000000000000000000000000000
-0.1229917556047439575195312500000000000000000000000000000000000000
-0.0705028846859931945800781250000000000000000000000000000000000000
0.1509637683629989624023437500000000000000000000000000000000000000
-0.2012029737234115600585937500000000000000000000000000000000000000
-0.0918774977326393127441406250000000000000000000000000000000000000
0.3336135149002075195312500000000000000000000000000000000000000000
-0.0780086442828178405761718750000000000000000000000000000000000000
-0.0760818049311637878417968750000000000000000000000000000000000000
0.1582459807395935058593750000000000000000000000000000000000000000
-0.0280236378312110900878906250000000000000000000000000000000000000
-0.1318868696689605712890625000000000000000000000000000000000000000
-0.0674488395452499389648437500000000000000000000000000000000000000
-0.0776262730360031127929687500000000000000000000000000000000000000
-0.3433296680450439453125000000000000000000000000000000000000000000
-0.2054981887340545654296875000000000000000000000000000000000000000
-0.0395618081092834472656250000000000000000000000000000000000000000
-0.2880144715309143066406250000000000000000000000000000000000000000
-0.1526719182729721069335937500000000000000000000000000000000000000
-0.0091100092977285385131835937500000000000000000000000000000000000
0.0694460421800613403320312500000000000000000000000000000000000000
0.0172202736139297485351562500000000000000000000000000000000000000
0.0885964035987854003906250000000000000000000000000000000000000000
0.0836873427033424377441406250000000000000000000000000000000000000
0.0528050027787685394287109375000000000000000000000000000000000000
0.0256719421595335006713867187500000000000000000000000000000000000
-0.0447523929178714752197265625000000000000000000000000000000000000
-0.0371205843985080718994140625000000000000000000000000000000000000
-0.0715684816241264343261718750000000000000000000000000000000000000
0.1773174703121185302734375000000000000000000000000000000000000000
0.0651212260127067565917968750000000000000000000000000000000000000
0.1224634870886802673339843750000000000000000000000000000000000000
0.3660861253738403320312500000000000000000000000000000000000000000
0.2267876267433166503906250000000000000000000000000000000000000000
-0.0044452259317040443420410156250000000000000000000000000000000000
0.1385592520236968994140625000000000000000000000000000000000000000
0.0646057128906250000000000000000000000000000000000000000000000000
0.0571118965744972229003906250000000000000000000000000000000000000
0.0392717123031616210937500000000000000000000000000000000000000000
0.0945969372987747192382812500000000000000000000000000000000000000
0.0269113332033157348632812500000000000000000000000000000000000000
-0.1549456119537353515625000000000000000000000000000000000000000000
-0.0452100224792957305908203125000000000000000000000000000000000000
0.0408001951873302459716796875000000000000000000000000000000000000
-0.0241776276379823684692382812500000000000000000000000000000000000
0.0421595685184001922607421875000000000000000000000000000000000000
0.0328058488667011260986328125000000000000000000000000000000000000
-0.0252162124961614608764648437500000000000000000000000000000000000
0.0725035518407821655273437500000000000000000000000000000000000000
-0.0279960855841636657714843750000000000000000000000000000000000000
-0.2142098248004913330078125000000000000000000000000000000000000000
-0.0742034539580345153808593750000000000000000000000000000000000000
0.0406708270311355590820312500000000000000000000000000000000000000
0.0205790307372808456420898437500000000000000000000000000000000000
0.0684598311781883239746093750000000000000000000000000000000000000
-0.0321216210722923278808593750000000000000000000000000000000000000
-0.1137111634016036987304687500000000000000000000000000000000000000
-0.0388678833842277526855468750000000000000000000000000000000000000
-0.1247888803482055664062500000000000000000000000000000000000000000
-0.2879000604152679443359375000000000000000000000000000000000000000
-0.1451207846403121948242187500000000000000000000000000000000000000
-0.0434608757495880126953125000000000000000000000000000000000000000
-0.0337607227265834808349609375000000000000000000000000000000000000
0.0302855670452117919921875000000000000000000000000000000000000000
